kolom1,pdf,omschrijving
.,stans.pdf,
.,stans.pdf,
.,stans.pdf,rol_1036 DA2419379 t/m DA2622317 2500 etiketten
.,stans.pdf,
.,stans.pdf,
.,stans.pdf,
.,stans.pdf,
.,stans.pdf,
.,stans.pdf,
.,stans.pdf,
.,stans.pdf,
.,stans.pdf,
.,stans.pdf,
.,stans.pdf,
.,stans.pdf,
.,stans.pdf,
.,stans.pdf,
.,stans.pdf,
.,stans.pdf,
.,stans.pdf,
.,stans.pdf,
.,stans.pdf,
DA2419379,leeg.pdf,
DA2434375,leeg.pdf,
DA2410720,leeg.pdf,
DA2812823,leeg.pdf,
DA2245357,leeg.pdf,
DA2705132,leeg.pdf,
DA2293728,leeg.pdf,
DA2331293,leeg.pdf,
DA2858060,leeg.pdf,
DA2831211,leeg.pdf,
DA2274905,leeg.pdf,
DA2872347,leeg.pdf,
DA2245038,leeg.pdf,
DA2953367,leeg.pdf,
DA2496491,leeg.pdf,
DA2877512,leeg.pdf,
DA2443367,leeg.pdf,
DA2485184,leeg.pdf,
DA2785237,leeg.pdf,
DA2396316,leeg.pdf,
DA2346693,leeg.pdf,
DA2980850,leeg.pdf,
DA2505574,leeg.pdf,
DA2396181,leeg.pdf,
DA2276177,leeg.pdf,
DA2269457,leeg.pdf,
DA2456143,leeg.pdf,
DA2373515,leeg.pdf,
DA2611508,leeg.pdf,
DA2315816,leeg.pdf,
DA2302092,leeg.pdf,
DA2829604,leeg.pdf,
DA2254631,leeg.pdf,
DA2862262,leeg.pdf,
DA2293977,leeg.pdf,
DA2747860,leeg.pdf,
DA2959627,leeg.pdf,
DA2299446,leeg.pdf,
DA2885383,leeg.pdf,
DA2831297,leeg.pdf,
DA2340582,leeg.pdf,
DA2568434,leeg.pdf,
DA2649615,leeg.pdf,
DA2986297,leeg.pdf,
DA2630726,leeg.pdf,
DA2867939,leeg.pdf,
DA2471770,leeg.pdf,
DA2369650,leeg.pdf,
DA2394483,leeg.pdf,
DA2550985,leeg.pdf,
DA2526739,leeg.pdf,
DA2613783,leeg.pdf,
DA2409336,leeg.pdf,
DA2921173,leeg.pdf,
DA2736025,leeg.pdf,
DA2426394,leeg.pdf,
DA2672514,leeg.pdf,
DA2333362,leeg.pdf,
DA2441169,leeg.pdf,
DA2924824,leeg.pdf,
DA2556802,leeg.pdf,
DA2250702,leeg.pdf,
DA2526464,leeg.pdf,
DA2519073,leeg.pdf,
DA2271997,leeg.pdf,
DA2262765,leeg.pdf,
DA2404695,leeg.pdf,
DA2986539,leeg.pdf,
DA2559960,leeg.pdf,
DA2691424,leeg.pdf,
DA2632307,leeg.pdf,
DA2446318,leeg.pdf,
DA2362799,leeg.pdf,
DA2399307,leeg.pdf,
DA2628914,leeg.pdf,
DA2422973,leeg.pdf,
DA2404381,leeg.pdf,
DA2452811,leeg.pdf,
DA2261351,leeg.pdf,
DA2360592,leeg.pdf,
DA2845198,leeg.pdf,
DA2863934,leeg.pdf,
DA2371975,leeg.pdf,
DA2660982,leeg.pdf,
DA2328174,leeg.pdf,
DA2259953,leeg.pdf,
DA2630260,leeg.pdf,
DA2385888,leeg.pdf,
DA2299876,leeg.pdf,
DA2350701,leeg.pdf,
DA2265547,leeg.pdf,
DA2695345,leeg.pdf,
DA2668061,leeg.pdf,
DA2365672,leeg.pdf,
DA2575429,leeg.pdf,
DA2505802,leeg.pdf,
DA2494421,leeg.pdf,
DA2393474,leeg.pdf,
DA2431525,leeg.pdf,
DA2302381,leeg.pdf,
DA2451307,leeg.pdf,
DA2893287,leeg.pdf,
DA2623880,leeg.pdf,
DA2526912,leeg.pdf,
DA2575022,leeg.pdf,
DA2678912,leeg.pdf,
DA2823465,leeg.pdf,
DA2583262,leeg.pdf,
DA2254692,leeg.pdf,
DA2920611,leeg.pdf,
DA2904740,leeg.pdf,
DA2305351,leeg.pdf,
DA2265034,leeg.pdf,
DA2460837,leeg.pdf,
DA2688568,leeg.pdf,
DA2330042,leeg.pdf,
DA2780018,leeg.pdf,
DA2551744,leeg.pdf,
DA2685373,leeg.pdf,
DA2653075,leeg.pdf,
DA2981199,leeg.pdf,
DA2986595,leeg.pdf,
DA2976525,leeg.pdf,
DA2254026,leeg.pdf,
DA2471989,leeg.pdf,
DA2264669,leeg.pdf,
DA2258306,leeg.pdf,
DA2971105,leeg.pdf,
DA2617502,leeg.pdf,
DA2342254,leeg.pdf,
DA2280214,leeg.pdf,
DA2324312,leeg.pdf,
DA2913037,leeg.pdf,
DA2309017,leeg.pdf,
DA2308676,leeg.pdf,
DA2984729,leeg.pdf,
DA2587626,leeg.pdf,
DA2364311,leeg.pdf,
DA2418139,leeg.pdf,
DA2326668,leeg.pdf,
DA2667745,leeg.pdf,
DA2468110,leeg.pdf,
DA2447728,leeg.pdf,
DA2278914,leeg.pdf,
DA2824095,leeg.pdf,
DA2278990,leeg.pdf,
DA2429473,leeg.pdf,
DA2387661,leeg.pdf,
DA2309044,leeg.pdf,
DA2620602,leeg.pdf,
DA2793843,leeg.pdf,
DA2909005,leeg.pdf,
DA2393240,leeg.pdf,
DA2899112,leeg.pdf,
DA2256408,leeg.pdf,
DA2994028,leeg.pdf,
DA2870361,leeg.pdf,
DA2359436,leeg.pdf,
DA2603731,leeg.pdf,
DA2248735,leeg.pdf,
DA2677182,leeg.pdf,
DA2306562,leeg.pdf,
DA2453541,leeg.pdf,
DA2649128,leeg.pdf,
DA2383968,leeg.pdf,
DA2297148,leeg.pdf,
DA2390745,leeg.pdf,
DA2494532,leeg.pdf,
DA2244835,leeg.pdf,
DA2363396,leeg.pdf,
DA2634326,leeg.pdf,
DA2842453,leeg.pdf,
DA2501397,leeg.pdf,
DA2265726,leeg.pdf,
DA2424478,leeg.pdf,
DA2698146,leeg.pdf,
DA2370611,leeg.pdf,
DA2487354,leeg.pdf,
DA2354276,leeg.pdf,
DA2985716,leeg.pdf,
DA2658477,leeg.pdf,
DA2734661,leeg.pdf,
DA2907962,leeg.pdf,
DA2359364,leeg.pdf,
DA2928844,leeg.pdf,
DA2263852,leeg.pdf,
DA2405700,leeg.pdf,
DA2245848,leeg.pdf,
DA2705449,leeg.pdf,
DA2511418,leeg.pdf,
DA2250903,leeg.pdf,
DA2461627,leeg.pdf,
DA2752997,leeg.pdf,
DA2611487,leeg.pdf,
DA2389925,leeg.pdf,
DA2523863,leeg.pdf,
DA2937910,leeg.pdf,
DA2256749,leeg.pdf,
DA2373499,leeg.pdf,
DA2246030,leeg.pdf,
DA2385421,leeg.pdf,
DA2671564,leeg.pdf,
DA2688079,leeg.pdf,
DA2381600,leeg.pdf,
DA2555152,leeg.pdf,
DA2275416,leeg.pdf,
DA2514398,leeg.pdf,
DA2281460,leeg.pdf,
DA2561705,leeg.pdf,
DA2317878,leeg.pdf,
DA2531238,leeg.pdf,
DA2297884,leeg.pdf,
DA2270549,leeg.pdf,
DA2390395,leeg.pdf,
DA2641055,leeg.pdf,
DA2492641,leeg.pdf,
DA2254069,leeg.pdf,
DA2470385,leeg.pdf,
DA2758716,leeg.pdf,
DA2259179,leeg.pdf,
DA2572512,leeg.pdf,
DA2663357,leeg.pdf,
DA2598496,leeg.pdf,
DA2450193,leeg.pdf,
DA2889956,leeg.pdf,
DA2279840,leeg.pdf,
DA2557830,leeg.pdf,
DA2350947,leeg.pdf,
DA2830715,leeg.pdf,
DA2766163,leeg.pdf,
DA2506783,leeg.pdf,
DA2977370,leeg.pdf,
DA2376976,leeg.pdf,
DA2268635,leeg.pdf,
DA2570931,leeg.pdf,
DA2308211,leeg.pdf,
DA2529863,leeg.pdf,
DA2303712,leeg.pdf,
DA2786731,leeg.pdf,
DA2275727,leeg.pdf,
DA2487624,leeg.pdf,
DA2588115,leeg.pdf,
DA2358753,leeg.pdf,
DA2282023,leeg.pdf,
DA2270032,leeg.pdf,
DA2769688,leeg.pdf,
DA2770086,leeg.pdf,
DA2660622,leeg.pdf,
DA2625473,leeg.pdf,
DA2388788,leeg.pdf,
DA2272720,leeg.pdf,
DA2641777,leeg.pdf,
DA2381693,leeg.pdf,
DA2422541,leeg.pdf,
DA2873720,leeg.pdf,
DA2724011,leeg.pdf,
DA2920137,leeg.pdf,
DA2832107,leeg.pdf,
DA2317484,leeg.pdf,
DA2472659,leeg.pdf,
DA2357195,leeg.pdf,
DA2406603,leeg.pdf,
DA2529231,leeg.pdf,
DA2246071,leeg.pdf,
DA2375805,leeg.pdf,
DA2520725,leeg.pdf,
DA2705348,leeg.pdf,
DA2995061,leeg.pdf,
DA2806171,leeg.pdf,
DA2256406,leeg.pdf,
DA2329045,leeg.pdf,
DA2330383,leeg.pdf,
DA2482825,leeg.pdf,
DA2529973,leeg.pdf,
DA2636939,leeg.pdf,
DA2493444,leeg.pdf,
DA2420028,leeg.pdf,
DA2458124,leeg.pdf,
DA2297183,leeg.pdf,
DA2417464,leeg.pdf,
DA2352120,leeg.pdf,
DA2844627,leeg.pdf,
DA2563616,leeg.pdf,
DA2743832,leeg.pdf,
DA2298909,leeg.pdf,
DA2730574,leeg.pdf,
DA2421350,leeg.pdf,
DA2891794,leeg.pdf,
DA2710618,leeg.pdf,
DA2394581,leeg.pdf,
DA2771767,leeg.pdf,
DA2946615,leeg.pdf,
DA2879267,leeg.pdf,
DA2997282,leeg.pdf,
DA2278259,leeg.pdf,
DA2868180,leeg.pdf,
DA2388001,leeg.pdf,
DA2271692,leeg.pdf,
DA2509659,leeg.pdf,
DA2660900,leeg.pdf,
DA2588526,leeg.pdf,
DA2859711,leeg.pdf,
DA2509664,leeg.pdf,
DA2413709,leeg.pdf,
DA2538789,leeg.pdf,
DA2252625,leeg.pdf,
DA2293961,leeg.pdf,
DA2879406,leeg.pdf,
DA2556819,leeg.pdf,
DA2751008,leeg.pdf,
DA2373387,leeg.pdf,
DA2434997,leeg.pdf,
DA2353221,leeg.pdf,
DA2361106,leeg.pdf,
DA2399370,leeg.pdf,
DA2494573,leeg.pdf,
DA2606455,leeg.pdf,
DA2338296,leeg.pdf,
DA2273762,leeg.pdf,
DA2704221,leeg.pdf,
DA2598383,leeg.pdf,
DA2265677,leeg.pdf,
DA2336299,leeg.pdf,
DA2462569,leeg.pdf,
DA2284154,leeg.pdf,
DA2336597,leeg.pdf,
DA2552702,leeg.pdf,
DA2318143,leeg.pdf,
DA2729712,leeg.pdf,
DA2954515,leeg.pdf,
DA2534285,leeg.pdf,
DA2564593,leeg.pdf,
DA2469116,leeg.pdf,
DA2305520,leeg.pdf,
DA2400757,leeg.pdf,
DA2601322,leeg.pdf,
DA2455365,leeg.pdf,
DA2281801,leeg.pdf,
DA2259566,leeg.pdf,
DA2704842,leeg.pdf,
DA2420413,leeg.pdf,
DA2504717,leeg.pdf,
DA2665882,leeg.pdf,
DA2638630,leeg.pdf,
DA2414375,leeg.pdf,
DA2555673,leeg.pdf,
DA2633070,leeg.pdf,
DA2305195,leeg.pdf,
DA2324382,leeg.pdf,
DA2478460,leeg.pdf,
DA2588850,leeg.pdf,
DA2386245,leeg.pdf,
DA2272516,leeg.pdf,
DA2326415,leeg.pdf,
DA2492436,leeg.pdf,
DA2511805,leeg.pdf,
DA2382827,leeg.pdf,
DA2336908,leeg.pdf,
DA2636210,leeg.pdf,
DA2383167,leeg.pdf,
DA2888297,leeg.pdf,
DA2334860,leeg.pdf,
DA2810357,leeg.pdf,
DA2803104,leeg.pdf,
DA2344483,leeg.pdf,
DA2401233,leeg.pdf,
DA2260802,leeg.pdf,
DA2412100,leeg.pdf,
DA2916291,leeg.pdf,
DA2613909,leeg.pdf,
DA2762839,leeg.pdf,
DA2818667,leeg.pdf,
DA2323760,leeg.pdf,
DA2364182,leeg.pdf,
DA2623097,leeg.pdf,
DA2908421,leeg.pdf,
DA2256331,leeg.pdf,
DA2900672,leeg.pdf,
DA2746908,leeg.pdf,
DA2401484,leeg.pdf,
DA2598616,leeg.pdf,
DA2253168,leeg.pdf,
DA2852877,leeg.pdf,
DA2381865,leeg.pdf,
DA2459325,leeg.pdf,
DA2255989,leeg.pdf,
DA2785430,leeg.pdf,
DA2316075,leeg.pdf,
DA2269038,leeg.pdf,
DA2773364,leeg.pdf,
DA2245029,leeg.pdf,
DA2359582,leeg.pdf,
DA2699133,leeg.pdf,
DA2369570,leeg.pdf,
DA2887295,leeg.pdf,
DA2559357,leeg.pdf,
DA2917519,leeg.pdf,
DA2252946,leeg.pdf,
DA2578846,leeg.pdf,
DA2556957,leeg.pdf,
DA2259949,leeg.pdf,
DA2503652,leeg.pdf,
DA2839209,leeg.pdf,
DA2679145,leeg.pdf,
DA2617357,leeg.pdf,
DA2797952,leeg.pdf,
DA2561324,leeg.pdf,
DA2339838,leeg.pdf,
DA2821707,leeg.pdf,
DA2601165,leeg.pdf,
DA2511381,leeg.pdf,
DA2591427,leeg.pdf,
DA2382695,leeg.pdf,
DA2659314,leeg.pdf,
DA2609606,leeg.pdf,
DA2351063,leeg.pdf,
DA2250918,leeg.pdf,
DA2859396,leeg.pdf,
DA2746841,leeg.pdf,
DA2314906,leeg.pdf,
DA2645802,leeg.pdf,
DA2276746,leeg.pdf,
DA2248280,leeg.pdf,
DA2295975,leeg.pdf,
DA2998433,leeg.pdf,
DA2614368,leeg.pdf,
DA2556095,leeg.pdf,
DA2837352,leeg.pdf,
DA2245597,leeg.pdf,
DA2636611,leeg.pdf,
DA2594120,leeg.pdf,
DA2516720,leeg.pdf,
DA2686642,leeg.pdf,
DA2780738,leeg.pdf,
DA2308334,leeg.pdf,
DA2466250,leeg.pdf,
DA2974416,leeg.pdf,
DA2459764,leeg.pdf,
DA2316909,leeg.pdf,
DA2408076,leeg.pdf,
DA2564393,leeg.pdf,
DA2414551,leeg.pdf,
DA2707961,leeg.pdf,
DA2749990,leeg.pdf,
DA2370948,leeg.pdf,
DA2522101,leeg.pdf,
DA2773821,leeg.pdf,
DA2439718,leeg.pdf,
DA2260401,leeg.pdf,
DA2531808,leeg.pdf,
DA2279672,leeg.pdf,
DA2256570,leeg.pdf,
DA2604979,leeg.pdf,
DA2434241,leeg.pdf,
DA2473276,leeg.pdf,
DA2336079,leeg.pdf,
DA2809791,leeg.pdf,
DA2332298,leeg.pdf,
DA2522087,leeg.pdf,
DA2632260,leeg.pdf,
DA2293420,leeg.pdf,
DA2294396,leeg.pdf,
DA2446345,leeg.pdf,
DA2320636,leeg.pdf,
DA2724969,leeg.pdf,
DA2283920,leeg.pdf,
DA2262310,leeg.pdf,
DA2444067,leeg.pdf,
DA2850012,leeg.pdf,
DA2699653,leeg.pdf,
DA2928732,leeg.pdf,
DA2257558,leeg.pdf,
DA2545988,leeg.pdf,
DA2613393,leeg.pdf,
DA2744906,leeg.pdf,
DA2575589,leeg.pdf,
DA2633121,leeg.pdf,
DA2970284,leeg.pdf,
DA2678402,leeg.pdf,
DA2516309,leeg.pdf,
DA2262050,leeg.pdf,
DA2939548,leeg.pdf,
DA2953242,leeg.pdf,
DA2871519,leeg.pdf,
DA2386284,leeg.pdf,
DA2697677,leeg.pdf,
DA2296566,leeg.pdf,
DA2361971,leeg.pdf,
DA2444874,leeg.pdf,
DA2861965,leeg.pdf,
DA2808084,leeg.pdf,
DA2833778,leeg.pdf,
DA2272523,leeg.pdf,
DA2289246,leeg.pdf,
DA2486973,leeg.pdf,
DA2378455,leeg.pdf,
DA2744297,leeg.pdf,
DA2623019,leeg.pdf,
DA2929602,leeg.pdf,
DA2915811,leeg.pdf,
DA2718487,leeg.pdf,
DA2304584,leeg.pdf,
DA2326027,leeg.pdf,
DA2319419,leeg.pdf,
DA2401427,leeg.pdf,
DA2444177,leeg.pdf,
DA2959407,leeg.pdf,
DA2282126,leeg.pdf,
DA2641399,leeg.pdf,
DA2253351,leeg.pdf,
DA2526688,leeg.pdf,
DA2670696,leeg.pdf,
DA2447353,leeg.pdf,
DA2817902,leeg.pdf,
DA2740488,leeg.pdf,
DA2695576,leeg.pdf,
DA2499857,leeg.pdf,
DA2471393,leeg.pdf,
DA2630626,leeg.pdf,
DA2640300,leeg.pdf,
DA2267763,leeg.pdf,
DA2808067,leeg.pdf,
DA2247782,leeg.pdf,
DA2654595,leeg.pdf,
DA2862525,leeg.pdf,
DA2755268,leeg.pdf,
DA2557133,leeg.pdf,
DA2940620,leeg.pdf,
DA2264777,leeg.pdf,
DA2286624,leeg.pdf,
DA2623935,leeg.pdf,
DA2426910,leeg.pdf,
DA2414951,leeg.pdf,
DA2678002,leeg.pdf,
DA2451884,leeg.pdf,
DA2305896,leeg.pdf,
DA2314432,leeg.pdf,
DA2369823,leeg.pdf,
DA2989289,leeg.pdf,
DA2394510,leeg.pdf,
DA2291969,leeg.pdf,
DA2538453,leeg.pdf,
DA2258528,leeg.pdf,
DA2618174,leeg.pdf,
DA2327837,leeg.pdf,
DA2366414,leeg.pdf,
DA2511568,leeg.pdf,
DA2269287,leeg.pdf,
DA2269246,leeg.pdf,
DA2490756,leeg.pdf,
DA2320052,leeg.pdf,
DA2613688,leeg.pdf,
DA2370681,leeg.pdf,
DA2379462,leeg.pdf,
DA2494244,leeg.pdf,
DA2293720,leeg.pdf,
DA2466784,leeg.pdf,
DA2783574,leeg.pdf,
DA2652358,leeg.pdf,
DA2615239,leeg.pdf,
DA2380187,leeg.pdf,
DA2478654,leeg.pdf,
DA2435734,leeg.pdf,
DA2921037,leeg.pdf,
DA2984268,leeg.pdf,
DA2302601,leeg.pdf,
DA2384129,leeg.pdf,
DA2356077,leeg.pdf,
DA2516522,leeg.pdf,
DA2759251,leeg.pdf,
DA2743017,leeg.pdf,
DA2501101,leeg.pdf,
DA2352141,leeg.pdf,
DA2966810,leeg.pdf,
DA2311305,leeg.pdf,
DA2881337,leeg.pdf,
DA2286189,leeg.pdf,
DA2268281,leeg.pdf,
DA2349326,leeg.pdf,
DA2423490,leeg.pdf,
DA2580453,leeg.pdf,
DA2491905,leeg.pdf,
DA2569009,leeg.pdf,
DA2563917,leeg.pdf,
DA2705152,leeg.pdf,
DA2788606,leeg.pdf,
DA2262369,leeg.pdf,
DA2615500,leeg.pdf,
DA2299349,leeg.pdf,
DA2809681,leeg.pdf,
DA2700197,leeg.pdf,
DA2442923,leeg.pdf,
DA2327732,leeg.pdf,
DA2733710,leeg.pdf,
DA2822082,leeg.pdf,
DA2631496,leeg.pdf,
DA2277669,leeg.pdf,
DA2550211,leeg.pdf,
DA2354190,leeg.pdf,
DA2707590,leeg.pdf,
DA2285207,leeg.pdf,
DA2851485,leeg.pdf,
DA2455213,leeg.pdf,
DA2705376,leeg.pdf,
DA2292103,leeg.pdf,
DA2330474,leeg.pdf,
DA2329971,leeg.pdf,
DA2379316,leeg.pdf,
DA2428637,leeg.pdf,
DA2534264,leeg.pdf,
DA2439571,leeg.pdf,
DA2336581,leeg.pdf,
DA2423795,leeg.pdf,
DA2793854,leeg.pdf,
DA2567446,leeg.pdf,
DA2540962,leeg.pdf,
DA2815276,leeg.pdf,
DA2749104,leeg.pdf,
DA2556322,leeg.pdf,
DA2717327,leeg.pdf,
DA2758081,leeg.pdf,
DA2639281,leeg.pdf,
DA2479335,leeg.pdf,
DA2463804,leeg.pdf,
DA2473907,leeg.pdf,
DA2485202,leeg.pdf,
DA2470444,leeg.pdf,
DA2299534,leeg.pdf,
DA2519157,leeg.pdf,
DA2327702,leeg.pdf,
DA2257673,leeg.pdf,
DA2445904,leeg.pdf,
DA2746921,leeg.pdf,
DA2958447,leeg.pdf,
DA2453334,leeg.pdf,
DA2246687,leeg.pdf,
DA2312160,leeg.pdf,
DA2509969,leeg.pdf,
DA2634261,leeg.pdf,
DA2315556,leeg.pdf,
DA2515870,leeg.pdf,
DA2424156,leeg.pdf,
DA2354830,leeg.pdf,
DA2272518,leeg.pdf,
DA2415080,leeg.pdf,
DA2582852,leeg.pdf,
DA2534294,leeg.pdf,
DA2639732,leeg.pdf,
DA2307218,leeg.pdf,
DA2693847,leeg.pdf,
DA2391465,leeg.pdf,
DA2595212,leeg.pdf,
DA2450329,leeg.pdf,
DA2295486,leeg.pdf,
DA2668986,leeg.pdf,
DA2339431,leeg.pdf,
DA2270199,leeg.pdf,
DA2274115,leeg.pdf,
DA2425743,leeg.pdf,
DA2843590,leeg.pdf,
DA2326582,leeg.pdf,
DA2983079,leeg.pdf,
DA2987417,leeg.pdf,
DA2728426,leeg.pdf,
DA2295434,leeg.pdf,
DA2247862,leeg.pdf,
DA2945271,leeg.pdf,
DA2251591,leeg.pdf,
DA2466593,leeg.pdf,
DA2443599,leeg.pdf,
DA2246908,leeg.pdf,
DA2275522,leeg.pdf,
DA2665275,leeg.pdf,
DA2977189,leeg.pdf,
DA2290084,leeg.pdf,
DA2930555,leeg.pdf,
DA2871031,leeg.pdf,
DA2505427,leeg.pdf,
DA2328293,leeg.pdf,
DA2396305,leeg.pdf,
DA2385162,leeg.pdf,
DA2735829,leeg.pdf,
DA2688268,leeg.pdf,
DA2287804,leeg.pdf,
DA2279138,leeg.pdf,
DA2873023,leeg.pdf,
DA2359671,leeg.pdf,
DA2519485,leeg.pdf,
DA2476384,leeg.pdf,
DA2772199,leeg.pdf,
DA2796999,leeg.pdf,
DA2250306,leeg.pdf,
DA2253605,leeg.pdf,
DA2516896,leeg.pdf,
DA2301608,leeg.pdf,
DA2269676,leeg.pdf,
DA2311240,leeg.pdf,
DA2564043,leeg.pdf,
DA2305049,leeg.pdf,
DA2544476,leeg.pdf,
DA2286782,leeg.pdf,
DA2385788,leeg.pdf,
DA2820302,leeg.pdf,
DA2754155,leeg.pdf,
DA2825021,leeg.pdf,
DA2376808,leeg.pdf,
DA2976245,leeg.pdf,
DA2440465,leeg.pdf,
DA2283611,leeg.pdf,
DA2273441,leeg.pdf,
DA2306214,leeg.pdf,
DA2797812,leeg.pdf,
DA2396805,leeg.pdf,
DA2880043,leeg.pdf,
DA2965162,leeg.pdf,
DA2388228,leeg.pdf,
DA2823664,leeg.pdf,
DA2566331,leeg.pdf,
DA2369151,leeg.pdf,
DA2512640,leeg.pdf,
DA2708500,leeg.pdf,
DA2589130,leeg.pdf,
DA2655783,leeg.pdf,
DA2331237,leeg.pdf,
DA2279995,leeg.pdf,
DA2267568,leeg.pdf,
DA2586588,leeg.pdf,
DA2486643,leeg.pdf,
DA2680191,leeg.pdf,
DA2383139,leeg.pdf,
DA2987503,leeg.pdf,
DA2311512,leeg.pdf,
DA2667172,leeg.pdf,
DA2516120,leeg.pdf,
DA2339804,leeg.pdf,
DA2604164,leeg.pdf,
DA2354212,leeg.pdf,
DA2642407,leeg.pdf,
DA2269648,leeg.pdf,
DA2911676,leeg.pdf,
DA2452465,leeg.pdf,
DA2268121,leeg.pdf,
DA2670257,leeg.pdf,
DA2738344,leeg.pdf,
DA2915043,leeg.pdf,
DA2976858,leeg.pdf,
DA2718117,leeg.pdf,
DA2296063,leeg.pdf,
DA2344576,leeg.pdf,
DA2336795,leeg.pdf,
DA2722428,leeg.pdf,
DA2954685,leeg.pdf,
DA2379171,leeg.pdf,
DA2469635,leeg.pdf,
DA2394791,leeg.pdf,
DA2684001,leeg.pdf,
DA2638552,leeg.pdf,
DA2303751,leeg.pdf,
DA2811132,leeg.pdf,
DA2398097,leeg.pdf,
DA2536537,leeg.pdf,
DA2649545,leeg.pdf,
DA2246745,leeg.pdf,
DA2263073,leeg.pdf,
DA2290796,leeg.pdf,
DA2458035,leeg.pdf,
DA2482685,leeg.pdf,
DA2660729,leeg.pdf,
DA2812593,leeg.pdf,
DA2537675,leeg.pdf,
DA2844407,leeg.pdf,
DA2523843,leeg.pdf,
DA2332759,leeg.pdf,
DA2416722,leeg.pdf,
DA2388616,leeg.pdf,
DA2476598,leeg.pdf,
DA2321054,leeg.pdf,
DA2795429,leeg.pdf,
DA2470123,leeg.pdf,
DA2510857,leeg.pdf,
DA2864209,leeg.pdf,
DA2577448,leeg.pdf,
DA2948675,leeg.pdf,
DA2411119,leeg.pdf,
DA2657491,leeg.pdf,
DA2637781,leeg.pdf,
DA2485301,leeg.pdf,
DA2409032,leeg.pdf,
DA2278245,leeg.pdf,
DA2397456,leeg.pdf,
DA2344656,leeg.pdf,
DA2788676,leeg.pdf,
DA2568885,leeg.pdf,
DA2275054,leeg.pdf,
DA2292209,leeg.pdf,
DA2330172,leeg.pdf,
DA2747728,leeg.pdf,
DA2400723,leeg.pdf,
DA2750306,leeg.pdf,
DA2699753,leeg.pdf,
DA2250593,leeg.pdf,
DA2643584,leeg.pdf,
DA2834228,leeg.pdf,
DA2290678,leeg.pdf,
DA2405118,leeg.pdf,
DA2982040,leeg.pdf,
DA2552757,leeg.pdf,
DA2723757,leeg.pdf,
DA2644597,leeg.pdf,
DA2894210,leeg.pdf,
DA2340292,leeg.pdf,
DA2324115,leeg.pdf,
DA2532520,leeg.pdf,
DA2424988,leeg.pdf,
DA2963851,leeg.pdf,
DA2387086,leeg.pdf,
DA2426993,leeg.pdf,
DA2261050,leeg.pdf,
DA2523733,leeg.pdf,
DA2392711,leeg.pdf,
DA2300498,leeg.pdf,
DA2527669,leeg.pdf,
DA2335272,leeg.pdf,
DA2359173,leeg.pdf,
DA2507846,leeg.pdf,
DA2871831,leeg.pdf,
DA2653189,leeg.pdf,
DA2368499,leeg.pdf,
DA2331216,leeg.pdf,
DA2537882,leeg.pdf,
DA2276725,leeg.pdf,
DA2519132,leeg.pdf,
DA2814775,leeg.pdf,
DA2393428,leeg.pdf,
DA2873572,leeg.pdf,
DA2688489,leeg.pdf,
DA2642844,leeg.pdf,
DA2375751,leeg.pdf,
DA2368481,leeg.pdf,
DA2658278,leeg.pdf,
DA2898009,leeg.pdf,
DA2805901,leeg.pdf,
DA2400637,leeg.pdf,
DA2324284,leeg.pdf,
DA2725188,leeg.pdf,
DA2597813,leeg.pdf,
DA2317652,leeg.pdf,
DA2347808,leeg.pdf,
DA2339869,leeg.pdf,
DA2310162,leeg.pdf,
DA2596604,leeg.pdf,
DA2369744,leeg.pdf,
DA2743658,leeg.pdf,
DA2477909,leeg.pdf,
DA2504211,leeg.pdf,
DA2818574,leeg.pdf,
DA2301386,leeg.pdf,
DA2541055,leeg.pdf,
DA2794594,leeg.pdf,
DA2583243,leeg.pdf,
DA2251207,leeg.pdf,
DA2907727,leeg.pdf,
DA2248894,leeg.pdf,
DA2299483,leeg.pdf,
DA2526863,leeg.pdf,
DA2509083,leeg.pdf,
DA2259645,leeg.pdf,
DA2667881,leeg.pdf,
DA2430528,leeg.pdf,
DA2314732,leeg.pdf,
DA2524537,leeg.pdf,
DA2615382,leeg.pdf,
DA2364681,leeg.pdf,
DA2357540,leeg.pdf,
DA2832394,leeg.pdf,
DA2907871,leeg.pdf,
DA2252786,leeg.pdf,
DA2499445,leeg.pdf,
DA2314503,leeg.pdf,
DA2667953,leeg.pdf,
DA2705828,leeg.pdf,
DA2406223,leeg.pdf,
DA2637105,leeg.pdf,
DA2596409,leeg.pdf,
DA2359269,leeg.pdf,
DA2512124,leeg.pdf,
DA2446748,leeg.pdf,
DA2894400,leeg.pdf,
DA2359175,leeg.pdf,
DA2879073,leeg.pdf,
DA2452368,leeg.pdf,
DA2965114,leeg.pdf,
DA2715033,leeg.pdf,
DA2415792,leeg.pdf,
DA2262609,leeg.pdf,
DA2326474,leeg.pdf,
DA2421308,leeg.pdf,
DA2256354,leeg.pdf,
DA2442502,leeg.pdf,
DA2773130,leeg.pdf,
DA2936007,leeg.pdf,
DA2712023,leeg.pdf,
DA2892108,leeg.pdf,
DA2705628,leeg.pdf,
DA2665395,leeg.pdf,
DA2425818,leeg.pdf,
DA2321198,leeg.pdf,
DA2905907,leeg.pdf,
DA2255011,leeg.pdf,
DA2287807,leeg.pdf,
DA2756353,leeg.pdf,
DA2392235,leeg.pdf,
DA2472915,leeg.pdf,
DA2770811,leeg.pdf,
DA2271404,leeg.pdf,
DA2310453,leeg.pdf,
DA2342566,leeg.pdf,
DA2441290,leeg.pdf,
DA2335885,leeg.pdf,
DA2301460,leeg.pdf,
DA2316971,leeg.pdf,
DA2451876,leeg.pdf,
DA2741804,leeg.pdf,
DA2801015,leeg.pdf,
DA2514079,leeg.pdf,
DA2520933,leeg.pdf,
DA2309818,leeg.pdf,
DA2596620,leeg.pdf,
DA2260030,leeg.pdf,
DA2416220,leeg.pdf,
DA2301540,leeg.pdf,
DA2581698,leeg.pdf,
DA2805914,leeg.pdf,
DA2337156,leeg.pdf,
DA2885090,leeg.pdf,
DA2288213,leeg.pdf,
DA2593543,leeg.pdf,
DA2270983,leeg.pdf,
DA2391145,leeg.pdf,
DA2643100,leeg.pdf,
DA2549978,leeg.pdf,
DA2832802,leeg.pdf,
DA2403147,leeg.pdf,
DA2382389,leeg.pdf,
DA2615165,leeg.pdf,
DA2381804,leeg.pdf,
DA2470752,leeg.pdf,
DA2351731,leeg.pdf,
DA2384581,leeg.pdf,
DA2377194,leeg.pdf,
DA2347975,leeg.pdf,
DA2693490,leeg.pdf,
DA2543347,leeg.pdf,
DA2416400,leeg.pdf,
DA2418176,leeg.pdf,
DA2461574,leeg.pdf,
DA2470194,leeg.pdf,
DA2708941,leeg.pdf,
DA2315335,leeg.pdf,
DA2304666,leeg.pdf,
DA2292510,leeg.pdf,
DA2605315,leeg.pdf,
DA2430478,leeg.pdf,
DA2417471,leeg.pdf,
DA2473275,leeg.pdf,
DA2256987,leeg.pdf,
DA2709771,leeg.pdf,
DA2440111,leeg.pdf,
DA2433892,leeg.pdf,
DA2911856,leeg.pdf,
DA2780086,leeg.pdf,
DA2393011,leeg.pdf,
DA2387628,leeg.pdf,
DA2279171,leeg.pdf,
DA2502190,leeg.pdf,
DA2245276,leeg.pdf,
DA2434224,leeg.pdf,
DA2258396,leeg.pdf,
DA2441975,leeg.pdf,
DA2326861,leeg.pdf,
DA2386242,leeg.pdf,
DA2354814,leeg.pdf,
DA2795025,leeg.pdf,
DA2454763,leeg.pdf,
DA2632837,leeg.pdf,
DA2574175,leeg.pdf,
DA2703669,leeg.pdf,
DA2582703,leeg.pdf,
DA2262518,leeg.pdf,
DA2662709,leeg.pdf,
DA2639169,leeg.pdf,
DA2814901,leeg.pdf,
DA2265261,leeg.pdf,
DA2998521,leeg.pdf,
DA2973471,leeg.pdf,
DA2375426,leeg.pdf,
DA2612664,leeg.pdf,
DA2277270,leeg.pdf,
DA2305687,leeg.pdf,
DA2434210,leeg.pdf,
DA2358483,leeg.pdf,
DA2381773,leeg.pdf,
DA2295539,leeg.pdf,
DA2272499,leeg.pdf,
DA2605712,leeg.pdf,
DA2449992,leeg.pdf,
DA2315970,leeg.pdf,
DA2456285,leeg.pdf,
DA2283272,leeg.pdf,
DA2433072,leeg.pdf,
DA2356005,leeg.pdf,
DA2248860,leeg.pdf,
DA2301049,leeg.pdf,
DA2850449,leeg.pdf,
DA2921080,leeg.pdf,
DA2888463,leeg.pdf,
DA2433255,leeg.pdf,
DA2743608,leeg.pdf,
DA2845063,leeg.pdf,
DA2345855,leeg.pdf,
DA2410017,leeg.pdf,
DA2422819,leeg.pdf,
DA2269808,leeg.pdf,
DA2298903,leeg.pdf,
DA2404635,leeg.pdf,
DA2455237,leeg.pdf,
DA2395259,leeg.pdf,
DA2567078,leeg.pdf,
DA2444714,leeg.pdf,
DA2840463,leeg.pdf,
DA2447985,leeg.pdf,
DA2648929,leeg.pdf,
DA2350795,leeg.pdf,
DA2271949,leeg.pdf,
DA2538780,leeg.pdf,
DA2351765,leeg.pdf,
DA2432708,leeg.pdf,
DA2917540,leeg.pdf,
DA2752779,leeg.pdf,
DA2249093,leeg.pdf,
DA2769854,leeg.pdf,
DA2704086,leeg.pdf,
DA2519651,leeg.pdf,
DA2284409,leeg.pdf,
DA2404887,leeg.pdf,
DA2336570,leeg.pdf,
DA2533939,leeg.pdf,
DA2433376,leeg.pdf,
DA2311544,leeg.pdf,
DA2269758,leeg.pdf,
DA2355328,leeg.pdf,
DA2362733,leeg.pdf,
DA2821416,leeg.pdf,
DA2576932,leeg.pdf,
DA2537637,leeg.pdf,
DA2399888,leeg.pdf,
DA2582149,leeg.pdf,
DA2453205,leeg.pdf,
DA2540856,leeg.pdf,
DA2335514,leeg.pdf,
DA2834509,leeg.pdf,
DA2717300,leeg.pdf,
DA2877938,leeg.pdf,
DA2553032,leeg.pdf,
DA2507650,leeg.pdf,
DA2364981,leeg.pdf,
DA2809236,leeg.pdf,
DA2427237,leeg.pdf,
DA2600873,leeg.pdf,
DA2285969,leeg.pdf,
DA2370565,leeg.pdf,
DA2566174,leeg.pdf,
DA2309113,leeg.pdf,
DA2279466,leeg.pdf,
DA2405132,leeg.pdf,
DA2384633,leeg.pdf,
DA2791128,leeg.pdf,
DA2529437,leeg.pdf,
DA2510508,leeg.pdf,
DA2896078,leeg.pdf,
DA2466182,leeg.pdf,
DA2533039,leeg.pdf,
DA2998343,leeg.pdf,
DA2971735,leeg.pdf,
DA2657986,leeg.pdf,
DA2999496,leeg.pdf,
DA2789328,leeg.pdf,
DA2672980,leeg.pdf,
DA2723552,leeg.pdf,
DA2409243,leeg.pdf,
DA2925395,leeg.pdf,
DA2372416,leeg.pdf,
DA2410012,leeg.pdf,
DA2567046,leeg.pdf,
DA2263949,leeg.pdf,
DA2611539,leeg.pdf,
DA2868552,leeg.pdf,
DA2717567,leeg.pdf,
DA2395453,leeg.pdf,
DA2293640,leeg.pdf,
DA2915302,leeg.pdf,
DA2341409,leeg.pdf,
DA2428209,leeg.pdf,
DA2621347,leeg.pdf,
DA2326601,leeg.pdf,
DA2661412,leeg.pdf,
DA2610490,leeg.pdf,
DA2551121,leeg.pdf,
DA2671733,leeg.pdf,
DA2708912,leeg.pdf,
DA2901868,leeg.pdf,
DA2412226,leeg.pdf,
DA2375519,leeg.pdf,
DA2546439,leeg.pdf,
DA2736121,leeg.pdf,
DA2532207,leeg.pdf,
DA2782767,leeg.pdf,
DA2524236,leeg.pdf,
DA2547605,leeg.pdf,
DA2292671,leeg.pdf,
DA2479928,leeg.pdf,
DA2326556,leeg.pdf,
DA2556644,leeg.pdf,
DA2365382,leeg.pdf,
DA2421864,leeg.pdf,
DA2587361,leeg.pdf,
DA2248492,leeg.pdf,
DA2383269,leeg.pdf,
DA2488200,leeg.pdf,
DA2447184,leeg.pdf,
DA2389687,leeg.pdf,
DA2269493,leeg.pdf,
DA2964140,leeg.pdf,
DA2268828,leeg.pdf,
DA2502003,leeg.pdf,
DA2640116,leeg.pdf,
DA2737835,leeg.pdf,
DA2464115,leeg.pdf,
DA2941352,leeg.pdf,
DA2742679,leeg.pdf,
DA2673155,leeg.pdf,
DA2316539,leeg.pdf,
DA2662716,leeg.pdf,
DA2836493,leeg.pdf,
DA2399766,leeg.pdf,
DA2618448,leeg.pdf,
DA2546031,leeg.pdf,
DA2418187,leeg.pdf,
DA2618601,leeg.pdf,
DA2690047,leeg.pdf,
DA2829556,leeg.pdf,
DA2489963,leeg.pdf,
DA2366303,leeg.pdf,
DA2537808,leeg.pdf,
DA2310206,leeg.pdf,
DA2279449,leeg.pdf,
DA2308144,leeg.pdf,
DA2637563,leeg.pdf,
DA2404610,leeg.pdf,
DA2297781,leeg.pdf,
DA2270470,leeg.pdf,
DA2319160,leeg.pdf,
DA2421780,leeg.pdf,
DA2708410,leeg.pdf,
DA2303061,leeg.pdf,
DA2632112,leeg.pdf,
DA2416650,leeg.pdf,
DA2646344,leeg.pdf,
DA2864100,leeg.pdf,
DA2372448,leeg.pdf,
DA2249141,leeg.pdf,
DA2837253,leeg.pdf,
DA2409305,leeg.pdf,
DA2279197,leeg.pdf,
DA2349516,leeg.pdf,
DA2370996,leeg.pdf,
DA2912986,leeg.pdf,
DA2502862,leeg.pdf,
DA2515508,leeg.pdf,
DA2344444,leeg.pdf,
DA2514448,leeg.pdf,
DA2910770,leeg.pdf,
DA2466823,leeg.pdf,
DA2318458,leeg.pdf,
DA2261885,leeg.pdf,
DA2266278,leeg.pdf,
DA2400806,leeg.pdf,
DA2644440,leeg.pdf,
DA2742068,leeg.pdf,
DA2449415,leeg.pdf,
DA2294057,leeg.pdf,
DA2616093,leeg.pdf,
DA2455774,leeg.pdf,
DA2419345,leeg.pdf,
DA2386226,leeg.pdf,
DA2457987,leeg.pdf,
DA2629680,leeg.pdf,
DA2547068,leeg.pdf,
DA2774904,leeg.pdf,
DA2476541,leeg.pdf,
DA2682886,leeg.pdf,
DA2642665,leeg.pdf,
DA2399972,leeg.pdf,
DA2400699,leeg.pdf,
DA2566370,leeg.pdf,
DA2372176,leeg.pdf,
DA2648203,leeg.pdf,
DA2795423,leeg.pdf,
DA2970227,leeg.pdf,
DA2343483,leeg.pdf,
DA2385716,leeg.pdf,
DA2880260,leeg.pdf,
DA2260754,leeg.pdf,
DA2284901,leeg.pdf,
DA2350985,leeg.pdf,
DA2393941,leeg.pdf,
DA2321960,leeg.pdf,
DA2889043,leeg.pdf,
DA2335761,leeg.pdf,
DA2770581,leeg.pdf,
DA2444386,leeg.pdf,
DA2626361,leeg.pdf,
DA2710822,leeg.pdf,
DA2825483,leeg.pdf,
DA2308655,leeg.pdf,
DA2566421,leeg.pdf,
DA2381964,leeg.pdf,
DA2701957,leeg.pdf,
DA2327487,leeg.pdf,
DA2802013,leeg.pdf,
DA2579005,leeg.pdf,
DA2550391,leeg.pdf,
DA2559265,leeg.pdf,
DA2699433,leeg.pdf,
DA2441268,leeg.pdf,
DA2390177,leeg.pdf,
DA2451668,leeg.pdf,
DA2489766,leeg.pdf,
DA2263438,leeg.pdf,
DA2702387,leeg.pdf,
DA2791843,leeg.pdf,
DA2938549,leeg.pdf,
DA2765043,leeg.pdf,
DA2435823,leeg.pdf,
DA2950236,leeg.pdf,
DA2389989,leeg.pdf,
DA2314131,leeg.pdf,
DA2810654,leeg.pdf,
DA2650881,leeg.pdf,
DA2692527,leeg.pdf,
DA2297595,leeg.pdf,
DA2302380,leeg.pdf,
DA2848758,leeg.pdf,
DA2341305,leeg.pdf,
DA2320557,leeg.pdf,
DA2837834,leeg.pdf,
DA2814499,leeg.pdf,
DA2249145,leeg.pdf,
DA2263746,leeg.pdf,
DA2372226,leeg.pdf,
DA2531705,leeg.pdf,
DA2500587,leeg.pdf,
DA2297056,leeg.pdf,
DA2346484,leeg.pdf,
DA2720764,leeg.pdf,
DA2850874,leeg.pdf,
DA2633857,leeg.pdf,
DA2962947,leeg.pdf,
DA2353822,leeg.pdf,
DA2304174,leeg.pdf,
DA2496170,leeg.pdf,
DA2298506,leeg.pdf,
DA2765735,leeg.pdf,
DA2614043,leeg.pdf,
DA2709364,leeg.pdf,
DA2551827,leeg.pdf,
DA2749474,leeg.pdf,
DA2280086,leeg.pdf,
DA2422668,leeg.pdf,
DA2282622,leeg.pdf,
DA2963428,leeg.pdf,
DA2309513,leeg.pdf,
DA2395732,leeg.pdf,
DA2277717,leeg.pdf,
DA2654859,leeg.pdf,
DA2774129,leeg.pdf,
DA2292873,leeg.pdf,
DA2972295,leeg.pdf,
DA2653514,leeg.pdf,
DA2392741,leeg.pdf,
DA2890735,leeg.pdf,
DA2359272,leeg.pdf,
DA2304181,leeg.pdf,
DA2371945,leeg.pdf,
DA2248271,leeg.pdf,
DA2248757,leeg.pdf,
DA2617965,leeg.pdf,
DA2818635,leeg.pdf,
DA2736778,leeg.pdf,
DA2794609,leeg.pdf,
DA2441797,leeg.pdf,
DA2334707,leeg.pdf,
DA2351196,leeg.pdf,
DA2843024,leeg.pdf,
DA2296311,leeg.pdf,
DA2604561,leeg.pdf,
DA2955321,leeg.pdf,
DA2917245,leeg.pdf,
DA2790708,leeg.pdf,
DA2941710,leeg.pdf,
DA2417430,leeg.pdf,
DA2275127,leeg.pdf,
DA2773460,leeg.pdf,
DA2267548,leeg.pdf,
DA2408154,leeg.pdf,
DA2297407,leeg.pdf,
DA2801280,leeg.pdf,
DA2334143,leeg.pdf,
DA2367048,leeg.pdf,
DA2733301,leeg.pdf,
DA2766648,leeg.pdf,
DA2261668,leeg.pdf,
DA2853231,leeg.pdf,
DA2304739,leeg.pdf,
DA2631545,leeg.pdf,
DA2308080,leeg.pdf,
DA2309951,leeg.pdf,
DA2373672,leeg.pdf,
DA2404896,leeg.pdf,
DA2532339,leeg.pdf,
DA2419782,leeg.pdf,
DA2493423,leeg.pdf,
DA2401107,leeg.pdf,
DA2630576,leeg.pdf,
DA2726861,leeg.pdf,
DA2657660,leeg.pdf,
DA2629349,leeg.pdf,
DA2946220,leeg.pdf,
DA2578184,leeg.pdf,
DA2796458,leeg.pdf,
DA2278178,leeg.pdf,
DA2405891,leeg.pdf,
DA2343915,leeg.pdf,
DA2548333,leeg.pdf,
DA2599366,leeg.pdf,
DA2454006,leeg.pdf,
DA2541978,leeg.pdf,
DA2424038,leeg.pdf,
DA2608643,leeg.pdf,
DA2402084,leeg.pdf,
DA2342504,leeg.pdf,
DA2881974,leeg.pdf,
DA2294817,leeg.pdf,
DA2345243,leeg.pdf,
DA2384366,leeg.pdf,
DA2368234,leeg.pdf,
DA2829395,leeg.pdf,
DA2993191,leeg.pdf,
DA2502237,leeg.pdf,
DA2328993,leeg.pdf,
DA2718491,leeg.pdf,
DA2876952,leeg.pdf,
DA2385619,leeg.pdf,
DA2272017,leeg.pdf,
DA2523565,leeg.pdf,
DA2839748,leeg.pdf,
DA2291103,leeg.pdf,
DA2315782,leeg.pdf,
DA2618916,leeg.pdf,
DA2522505,leeg.pdf,
DA2769454,leeg.pdf,
DA2362762,leeg.pdf,
DA2248878,leeg.pdf,
DA2562470,leeg.pdf,
DA2424342,leeg.pdf,
DA2284775,leeg.pdf,
DA2350261,leeg.pdf,
DA2807816,leeg.pdf,
DA2293267,leeg.pdf,
DA2426463,leeg.pdf,
DA2319261,leeg.pdf,
DA2674117,leeg.pdf,
DA2252566,leeg.pdf,
DA2263497,leeg.pdf,
DA2711262,leeg.pdf,
DA2285548,leeg.pdf,
DA2384636,leeg.pdf,
DA2556338,leeg.pdf,
DA2980773,leeg.pdf,
DA2628250,leeg.pdf,
DA2318543,leeg.pdf,
DA2266033,leeg.pdf,
DA2613158,leeg.pdf,
DA2922825,leeg.pdf,
DA2582958,leeg.pdf,
DA2420392,leeg.pdf,
DA2670265,leeg.pdf,
DA2383876,leeg.pdf,
DA2265836,leeg.pdf,
DA2922846,leeg.pdf,
DA2908917,leeg.pdf,
DA2843318,leeg.pdf,
DA2437781,leeg.pdf,
DA2251851,leeg.pdf,
DA2444458,leeg.pdf,
DA2493102,leeg.pdf,
DA2573034,leeg.pdf,
DA2789904,leeg.pdf,
DA2380513,leeg.pdf,
DA2311045,leeg.pdf,
DA2493555,leeg.pdf,
DA2390553,leeg.pdf,
DA2408570,leeg.pdf,
DA2397233,leeg.pdf,
DA2911972,leeg.pdf,
DA2729083,leeg.pdf,
DA2480903,leeg.pdf,
DA2647033,leeg.pdf,
DA2329933,leeg.pdf,
DA2929960,leeg.pdf,
DA2643330,leeg.pdf,
DA2707412,leeg.pdf,
DA2376560,leeg.pdf,
DA2921285,leeg.pdf,
DA2571679,leeg.pdf,
DA2763370,leeg.pdf,
DA2270421,leeg.pdf,
DA2299138,leeg.pdf,
DA2831074,leeg.pdf,
DA2289801,leeg.pdf,
DA2973400,leeg.pdf,
DA2482246,leeg.pdf,
DA2793110,leeg.pdf,
DA2690419,leeg.pdf,
DA2662931,leeg.pdf,
DA2471950,leeg.pdf,
DA2472618,leeg.pdf,
DA2979226,leeg.pdf,
DA2780889,leeg.pdf,
DA2603465,leeg.pdf,
DA2460840,leeg.pdf,
DA2610947,leeg.pdf,
DA2744410,leeg.pdf,
DA2357414,leeg.pdf,
DA2901127,leeg.pdf,
DA2944164,leeg.pdf,
DA2409779,leeg.pdf,
DA2304830,leeg.pdf,
DA2627817,leeg.pdf,
DA2532760,leeg.pdf,
DA2964127,leeg.pdf,
DA2361483,leeg.pdf,
DA2541853,leeg.pdf,
DA2807063,leeg.pdf,
DA2322031,leeg.pdf,
DA2635475,leeg.pdf,
DA2254211,leeg.pdf,
DA2352704,leeg.pdf,
DA2994733,leeg.pdf,
DA2529296,leeg.pdf,
DA2456234,leeg.pdf,
DA2352812,leeg.pdf,
DA2455788,leeg.pdf,
DA2455701,leeg.pdf,
DA2285402,leeg.pdf,
DA2520598,leeg.pdf,
DA2576843,leeg.pdf,
DA2252723,leeg.pdf,
DA2256654,leeg.pdf,
DA2348545,leeg.pdf,
DA2522266,leeg.pdf,
DA2448126,leeg.pdf,
DA2256438,leeg.pdf,
DA2317131,leeg.pdf,
DA2946574,leeg.pdf,
DA2714648,leeg.pdf,
DA2405758,leeg.pdf,
DA2555881,leeg.pdf,
DA2246280,leeg.pdf,
DA2683431,leeg.pdf,
DA2912881,leeg.pdf,
DA2944823,leeg.pdf,
DA2280849,leeg.pdf,
DA2944264,leeg.pdf,
DA2299489,leeg.pdf,
DA2247058,leeg.pdf,
DA2374322,leeg.pdf,
DA2510553,leeg.pdf,
DA2566183,leeg.pdf,
DA2550679,leeg.pdf,
DA2903264,leeg.pdf,
DA2411389,leeg.pdf,
DA2259387,leeg.pdf,
DA2693148,leeg.pdf,
DA2467188,leeg.pdf,
DA2262597,leeg.pdf,
DA2337816,leeg.pdf,
DA2703230,leeg.pdf,
DA2348552,leeg.pdf,
DA2586060,leeg.pdf,
DA2969386,leeg.pdf,
DA2918239,leeg.pdf,
DA2288478,leeg.pdf,
DA2441898,leeg.pdf,
DA2786783,leeg.pdf,
DA2403880,leeg.pdf,
DA2568883,leeg.pdf,
DA2660291,leeg.pdf,
DA2599028,leeg.pdf,
DA2458960,leeg.pdf,
DA2283532,leeg.pdf,
DA2969961,leeg.pdf,
DA2305729,leeg.pdf,
DA2428228,leeg.pdf,
DA2338061,leeg.pdf,
DA2247919,leeg.pdf,
DA2570402,leeg.pdf,
DA2355211,leeg.pdf,
DA2326207,leeg.pdf,
DA2849970,leeg.pdf,
DA2348380,leeg.pdf,
DA2478448,leeg.pdf,
DA2264681,leeg.pdf,
DA2281912,leeg.pdf,
DA2894171,leeg.pdf,
DA2394989,leeg.pdf,
DA2319442,leeg.pdf,
DA2295384,leeg.pdf,
DA2396535,leeg.pdf,
DA2454074,leeg.pdf,
DA2658450,leeg.pdf,
DA2258937,leeg.pdf,
DA2944040,leeg.pdf,
DA2410916,leeg.pdf,
DA2527324,leeg.pdf,
DA2760316,leeg.pdf,
DA2307845,leeg.pdf,
DA2280093,leeg.pdf,
DA2929389,leeg.pdf,
DA2870141,leeg.pdf,
DA2466456,leeg.pdf,
DA2527939,leeg.pdf,
DA2279193,leeg.pdf,
DA2721665,leeg.pdf,
DA2434109,leeg.pdf,
DA2686984,leeg.pdf,
DA2793882,leeg.pdf,
DA2708459,leeg.pdf,
DA2281958,leeg.pdf,
DA2279775,leeg.pdf,
DA2343967,leeg.pdf,
DA2735921,leeg.pdf,
DA2465454,leeg.pdf,
DA2630733,leeg.pdf,
DA2287887,leeg.pdf,
DA2476589,leeg.pdf,
DA2382288,leeg.pdf,
DA2380194,leeg.pdf,
DA2275499,leeg.pdf,
DA2655785,leeg.pdf,
DA2370413,leeg.pdf,
DA2651060,leeg.pdf,
DA2667020,leeg.pdf,
DA2554764,leeg.pdf,
DA2335788,leeg.pdf,
DA2791906,leeg.pdf,
DA2376424,leeg.pdf,
DA2411375,leeg.pdf,
DA2570986,leeg.pdf,
DA2863260,leeg.pdf,
DA2301772,leeg.pdf,
DA2262712,leeg.pdf,
DA2763091,leeg.pdf,
DA2386041,leeg.pdf,
DA2266723,leeg.pdf,
DA2367480,leeg.pdf,
DA2283993,leeg.pdf,
DA2312233,leeg.pdf,
DA2314941,leeg.pdf,
DA2374740,leeg.pdf,
DA2639447,leeg.pdf,
DA2524861,leeg.pdf,
DA2318661,leeg.pdf,
DA2474892,leeg.pdf,
DA2306917,leeg.pdf,
DA2362219,leeg.pdf,
DA2824880,leeg.pdf,
DA2964066,leeg.pdf,
DA2978557,leeg.pdf,
DA2306572,leeg.pdf,
DA2761974,leeg.pdf,
DA2381323,leeg.pdf,
DA2745735,leeg.pdf,
DA2366943,leeg.pdf,
DA2369724,leeg.pdf,
DA2637081,leeg.pdf,
DA2630194,leeg.pdf,
DA2702728,leeg.pdf,
DA2693505,leeg.pdf,
DA2370272,leeg.pdf,
DA2750926,leeg.pdf,
DA2601167,leeg.pdf,
DA2566958,leeg.pdf,
DA2626016,leeg.pdf,
DA2405426,leeg.pdf,
DA2468188,leeg.pdf,
DA2693617,leeg.pdf,
DA2428376,leeg.pdf,
DA2572888,leeg.pdf,
DA2467347,leeg.pdf,
DA2452428,leeg.pdf,
DA2709746,leeg.pdf,
DA2663342,leeg.pdf,
DA2374368,leeg.pdf,
DA2306115,leeg.pdf,
DA2659525,leeg.pdf,
DA2261429,leeg.pdf,
DA2800499,leeg.pdf,
DA2302045,leeg.pdf,
DA2582960,leeg.pdf,
DA2807328,leeg.pdf,
DA2662840,leeg.pdf,
DA2697630,leeg.pdf,
DA2470670,leeg.pdf,
DA2689073,leeg.pdf,
DA2682086,leeg.pdf,
DA2283538,leeg.pdf,
DA2909296,leeg.pdf,
DA2259200,leeg.pdf,
DA2890118,leeg.pdf,
DA2798764,leeg.pdf,
DA2710071,leeg.pdf,
DA2800984,leeg.pdf,
DA2608377,leeg.pdf,
DA2280055,leeg.pdf,
DA2557915,leeg.pdf,
DA2540336,leeg.pdf,
DA2464181,leeg.pdf,
DA2409637,leeg.pdf,
DA2507932,leeg.pdf,
DA2702450,leeg.pdf,
DA2809792,leeg.pdf,
DA2413038,leeg.pdf,
DA2783811,leeg.pdf,
DA2647574,leeg.pdf,
DA2546057,leeg.pdf,
DA2737766,leeg.pdf,
DA2320094,leeg.pdf,
DA2960831,leeg.pdf,
DA2386123,leeg.pdf,
DA2699472,leeg.pdf,
DA2731732,leeg.pdf,
DA2281871,leeg.pdf,
DA2357253,leeg.pdf,
DA2477587,leeg.pdf,
DA2602135,leeg.pdf,
DA2316099,leeg.pdf,
DA2546513,leeg.pdf,
DA2590496,leeg.pdf,
DA2523966,leeg.pdf,
DA2273817,leeg.pdf,
DA2491285,leeg.pdf,
DA2439405,leeg.pdf,
DA2853370,leeg.pdf,
DA2589426,leeg.pdf,
DA2865606,leeg.pdf,
DA2445694,leeg.pdf,
DA2390602,leeg.pdf,
DA2626695,leeg.pdf,
DA2447083,leeg.pdf,
DA2648782,leeg.pdf,
DA2597838,leeg.pdf,
DA2490046,leeg.pdf,
DA2474190,leeg.pdf,
DA2535100,leeg.pdf,
DA2291533,leeg.pdf,
DA2688933,leeg.pdf,
DA2629020,leeg.pdf,
DA2662356,leeg.pdf,
DA2506546,leeg.pdf,
DA2477203,leeg.pdf,
DA2675462,leeg.pdf,
DA2795833,leeg.pdf,
DA2271657,leeg.pdf,
DA2683862,leeg.pdf,
DA2603368,leeg.pdf,
DA2850325,leeg.pdf,
DA2512550,leeg.pdf,
DA2940828,leeg.pdf,
DA2682994,leeg.pdf,
DA2832765,leeg.pdf,
DA2568165,leeg.pdf,
DA2399267,leeg.pdf,
DA2641696,leeg.pdf,
DA2648574,leeg.pdf,
DA2285848,leeg.pdf,
DA2776006,leeg.pdf,
DA2367633,leeg.pdf,
DA2962038,leeg.pdf,
DA2579431,leeg.pdf,
DA2949088,leeg.pdf,
DA2784089,leeg.pdf,
DA2344762,leeg.pdf,
DA2644196,leeg.pdf,
DA2306322,leeg.pdf,
DA2250013,leeg.pdf,
DA2261806,leeg.pdf,
DA2457400,leeg.pdf,
DA2782921,leeg.pdf,
DA2743649,leeg.pdf,
DA2577365,leeg.pdf,
DA2969227,leeg.pdf,
DA2740876,leeg.pdf,
DA2813777,leeg.pdf,
DA2465198,leeg.pdf,
DA2273329,leeg.pdf,
DA2327921,leeg.pdf,
DA2991815,leeg.pdf,
DA2997892,leeg.pdf,
DA2936225,leeg.pdf,
DA2718959,leeg.pdf,
DA2432314,leeg.pdf,
DA2960270,leeg.pdf,
DA2799328,leeg.pdf,
DA2763059,leeg.pdf,
DA2999687,leeg.pdf,
DA2701831,leeg.pdf,
DA2375477,leeg.pdf,
DA2784933,leeg.pdf,
DA2985508,leeg.pdf,
DA2405921,leeg.pdf,
DA2447029,leeg.pdf,
DA2673451,leeg.pdf,
DA2521393,leeg.pdf,
DA2428550,leeg.pdf,
DA2453585,leeg.pdf,
DA2890209,leeg.pdf,
DA2952805,leeg.pdf,
DA2400974,leeg.pdf,
DA2404918,leeg.pdf,
DA2316071,leeg.pdf,
DA2971301,leeg.pdf,
DA2609162,leeg.pdf,
DA2822304,leeg.pdf,
DA2275212,leeg.pdf,
DA2459358,leeg.pdf,
DA2407137,leeg.pdf,
DA2620063,leeg.pdf,
DA2356751,leeg.pdf,
DA2976569,leeg.pdf,
DA2374060,leeg.pdf,
DA2378183,leeg.pdf,
DA2854896,leeg.pdf,
DA2834098,leeg.pdf,
DA2753596,leeg.pdf,
DA2714561,leeg.pdf,
DA2542226,leeg.pdf,
DA2446131,leeg.pdf,
DA2880103,leeg.pdf,
DA2510573,leeg.pdf,
DA2347822,leeg.pdf,
DA2513423,leeg.pdf,
DA2506720,leeg.pdf,
DA2959654,leeg.pdf,
DA2394990,leeg.pdf,
DA2319198,leeg.pdf,
DA2276020,leeg.pdf,
DA2766312,leeg.pdf,
DA2300850,leeg.pdf,
DA2787607,leeg.pdf,
DA2693975,leeg.pdf,
DA2975738,leeg.pdf,
DA2442627,leeg.pdf,
DA2340512,leeg.pdf,
DA2784706,leeg.pdf,
DA2551702,leeg.pdf,
DA2549719,leeg.pdf,
DA2804332,leeg.pdf,
DA2665987,leeg.pdf,
DA2749469,leeg.pdf,
DA2377439,leeg.pdf,
DA2847730,leeg.pdf,
DA2715912,leeg.pdf,
DA2397450,leeg.pdf,
DA2398318,leeg.pdf,
DA2967904,leeg.pdf,
DA2824151,leeg.pdf,
DA2737418,leeg.pdf,
DA2912117,leeg.pdf,
DA2739438,leeg.pdf,
DA2439782,leeg.pdf,
DA2394369,leeg.pdf,
DA2568557,leeg.pdf,
DA2678265,leeg.pdf,
DA2245774,leeg.pdf,
DA2281073,leeg.pdf,
DA2381516,leeg.pdf,
DA2340878,leeg.pdf,
DA2917770,leeg.pdf,
DA2499962,leeg.pdf,
DA2560033,leeg.pdf,
DA2452558,leeg.pdf,
DA2553206,leeg.pdf,
DA2575484,leeg.pdf,
DA2853814,leeg.pdf,
DA2750469,leeg.pdf,
DA2382577,leeg.pdf,
DA2775586,leeg.pdf,
DA2252525,leeg.pdf,
DA2330187,leeg.pdf,
DA2373485,leeg.pdf,
DA2880059,leeg.pdf,
DA2752435,leeg.pdf,
DA2645143,leeg.pdf,
DA2867379,leeg.pdf,
DA2660723,leeg.pdf,
DA2435338,leeg.pdf,
DA2318823,leeg.pdf,
DA2352107,leeg.pdf,
DA2279462,leeg.pdf,
DA2751566,leeg.pdf,
DA2678033,leeg.pdf,
DA2391193,leeg.pdf,
DA2265852,leeg.pdf,
DA2249546,leeg.pdf,
DA2730423,leeg.pdf,
DA2772403,leeg.pdf,
DA2672703,leeg.pdf,
DA2627924,leeg.pdf,
DA2256478,leeg.pdf,
DA2923599,leeg.pdf,
DA2750696,leeg.pdf,
DA2853174,leeg.pdf,
DA2350980,leeg.pdf,
DA2529912,leeg.pdf,
DA2681542,leeg.pdf,
DA2381255,leeg.pdf,
DA2296385,leeg.pdf,
DA2342579,leeg.pdf,
DA2997353,leeg.pdf,
DA2366213,leeg.pdf,
DA2247475,leeg.pdf,
DA2282161,leeg.pdf,
DA2931687,leeg.pdf,
DA2451955,leeg.pdf,
DA2324754,leeg.pdf,
DA2400261,leeg.pdf,
DA2333467,leeg.pdf,
DA2623301,leeg.pdf,
DA2431889,leeg.pdf,
DA2470732,leeg.pdf,
DA2406380,leeg.pdf,
DA2281064,leeg.pdf,
DA2492535,leeg.pdf,
DA2444904,leeg.pdf,
DA2549538,leeg.pdf,
DA2811545,leeg.pdf,
DA2805545,leeg.pdf,
DA2368063,leeg.pdf,
DA2469977,leeg.pdf,
DA2282981,leeg.pdf,
DA2269292,leeg.pdf,
DA2424519,leeg.pdf,
DA2497845,leeg.pdf,
DA2384529,leeg.pdf,
DA2460892,leeg.pdf,
DA2451079,leeg.pdf,
DA2322188,leeg.pdf,
DA2264672,leeg.pdf,
DA2325916,leeg.pdf,
DA2422456,leeg.pdf,
DA2661899,leeg.pdf,
DA2481000,leeg.pdf,
DA2486143,leeg.pdf,
DA2739867,leeg.pdf,
DA2862147,leeg.pdf,
DA2313897,leeg.pdf,
DA2534616,leeg.pdf,
DA2613063,leeg.pdf,
DA2473506,leeg.pdf,
DA2498647,leeg.pdf,
DA2289053,leeg.pdf,
DA2258942,leeg.pdf,
DA2630470,leeg.pdf,
DA2324161,leeg.pdf,
DA2897299,leeg.pdf,
DA2604667,leeg.pdf,
DA2728277,leeg.pdf,
DA2821858,leeg.pdf,
DA2755642,leeg.pdf,
DA2942871,leeg.pdf,
DA2319977,leeg.pdf,
DA2294582,leeg.pdf,
DA2897016,leeg.pdf,
DA2453218,leeg.pdf,
DA2860246,leeg.pdf,
DA2428569,leeg.pdf,
DA2382010,leeg.pdf,
DA2628582,leeg.pdf,
DA2338750,leeg.pdf,
DA2951238,leeg.pdf,
DA2388633,leeg.pdf,
DA2343594,leeg.pdf,
DA2291098,leeg.pdf,
DA2287175,leeg.pdf,
DA2378003,leeg.pdf,
DA2273069,leeg.pdf,
DA2567143,leeg.pdf,
DA2372897,leeg.pdf,
DA2686776,leeg.pdf,
DA2492957,leeg.pdf,
DA2370006,leeg.pdf,
DA2322059,leeg.pdf,
DA2780303,leeg.pdf,
DA2477392,leeg.pdf,
DA2512177,leeg.pdf,
DA2325062,leeg.pdf,
DA2447796,leeg.pdf,
DA2287802,leeg.pdf,
DA2455847,leeg.pdf,
DA2411964,leeg.pdf,
DA2711302,leeg.pdf,
DA2717975,leeg.pdf,
DA2259484,leeg.pdf,
DA2671567,leeg.pdf,
DA2826410,leeg.pdf,
DA2266585,leeg.pdf,
DA2275923,leeg.pdf,
DA2619018,leeg.pdf,
DA2418621,leeg.pdf,
DA2877835,leeg.pdf,
DA2654407,leeg.pdf,
DA2519819,leeg.pdf,
DA2297024,leeg.pdf,
DA2291921,leeg.pdf,
DA2336812,leeg.pdf,
DA2612064,leeg.pdf,
DA2454209,leeg.pdf,
DA2307166,leeg.pdf,
DA2438134,leeg.pdf,
DA2313852,leeg.pdf,
DA2264172,leeg.pdf,
DA2301933,leeg.pdf,
DA2840055,leeg.pdf,
DA2725260,leeg.pdf,
DA2631848,leeg.pdf,
DA2931796,leeg.pdf,
DA2642312,leeg.pdf,
DA2816968,leeg.pdf,
DA2615250,leeg.pdf,
DA2539805,leeg.pdf,
DA2321648,leeg.pdf,
DA2564870,leeg.pdf,
DA2785654,leeg.pdf,
DA2388385,leeg.pdf,
DA2264995,leeg.pdf,
DA2631951,leeg.pdf,
DA2366005,leeg.pdf,
DA2465210,leeg.pdf,
DA2319375,leeg.pdf,
DA2576104,leeg.pdf,
DA2349364,leeg.pdf,
DA2509498,leeg.pdf,
DA2519583,leeg.pdf,
DA2360483,leeg.pdf,
DA2267811,leeg.pdf,
DA2729081,leeg.pdf,
DA2709238,leeg.pdf,
DA2618044,leeg.pdf,
DA2685974,leeg.pdf,
DA2693210,leeg.pdf,
DA2901002,leeg.pdf,
DA2406448,leeg.pdf,
DA2702403,leeg.pdf,
DA2971838,leeg.pdf,
DA2313348,leeg.pdf,
DA2923371,leeg.pdf,
DA2518945,leeg.pdf,
DA2998702,leeg.pdf,
DA2822565,leeg.pdf,
DA2698423,leeg.pdf,
DA2517647,leeg.pdf,
DA2383404,leeg.pdf,
DA2288390,leeg.pdf,
DA2388646,leeg.pdf,
DA2452414,leeg.pdf,
DA2678762,leeg.pdf,
DA2789004,leeg.pdf,
DA2441207,leeg.pdf,
DA2923053,leeg.pdf,
DA2450860,leeg.pdf,
DA2902322,leeg.pdf,
DA2293201,leeg.pdf,
DA2621913,leeg.pdf,
DA2386133,leeg.pdf,
DA2504493,leeg.pdf,
DA2309564,leeg.pdf,
DA2760264,leeg.pdf,
DA2761655,leeg.pdf,
DA2635651,leeg.pdf,
DA2389318,leeg.pdf,
DA2426498,leeg.pdf,
DA2714403,leeg.pdf,
DA2834059,leeg.pdf,
DA2258021,leeg.pdf,
DA2405029,leeg.pdf,
DA2819835,leeg.pdf,
DA2775634,leeg.pdf,
DA2447762,leeg.pdf,
DA2871001,leeg.pdf,
DA2443455,leeg.pdf,
DA2468202,leeg.pdf,
DA2496421,leeg.pdf,
DA2330761,leeg.pdf,
DA2341017,leeg.pdf,
DA2368226,leeg.pdf,
DA2505539,leeg.pdf,
DA2623652,leeg.pdf,
DA2276084,leeg.pdf,
DA2466157,leeg.pdf,
DA2343496,leeg.pdf,
DA2496563,leeg.pdf,
DA2416436,leeg.pdf,
DA2426740,leeg.pdf,
DA2310975,leeg.pdf,
DA2489336,leeg.pdf,
DA2284543,leeg.pdf,
DA2484934,leeg.pdf,
DA2337316,leeg.pdf,
DA2320962,leeg.pdf,
DA2246205,leeg.pdf,
DA2424787,leeg.pdf,
DA2417756,leeg.pdf,
DA2270776,leeg.pdf,
DA2489206,leeg.pdf,
DA2384795,leeg.pdf,
DA2519951,leeg.pdf,
DA2702358,leeg.pdf,
DA2427750,leeg.pdf,
DA2293539,leeg.pdf,
DA2287332,leeg.pdf,
DA2573800,leeg.pdf,
DA2415706,leeg.pdf,
DA2412760,leeg.pdf,
DA2594401,leeg.pdf,
DA2970111,leeg.pdf,
DA2405273,leeg.pdf,
DA2956377,leeg.pdf,
DA2461553,leeg.pdf,
DA2966450,leeg.pdf,
DA2657346,leeg.pdf,
DA2253471,leeg.pdf,
DA2254853,leeg.pdf,
DA2418104,leeg.pdf,
DA2276504,leeg.pdf,
DA2352343,leeg.pdf,
DA2626521,leeg.pdf,
DA2818604,leeg.pdf,
DA2639857,leeg.pdf,
DA2770759,leeg.pdf,
DA2311041,leeg.pdf,
DA2508307,leeg.pdf,
DA2464902,leeg.pdf,
DA2386186,leeg.pdf,
DA2458382,leeg.pdf,
DA2586501,leeg.pdf,
DA2340189,leeg.pdf,
DA2559026,leeg.pdf,
DA2495017,leeg.pdf,
DA2974355,leeg.pdf,
DA2912573,leeg.pdf,
DA2504657,leeg.pdf,
DA2810719,leeg.pdf,
DA2537126,leeg.pdf,
DA2594936,leeg.pdf,
DA2930346,leeg.pdf,
DA2256041,leeg.pdf,
DA2610598,leeg.pdf,
DA2673520,leeg.pdf,
DA2257402,leeg.pdf,
DA2770084,leeg.pdf,
DA2545192,leeg.pdf,
DA2424845,leeg.pdf,
DA2770111,leeg.pdf,
DA2408503,leeg.pdf,
DA2644556,leeg.pdf,
DA2351208,leeg.pdf,
DA2800701,leeg.pdf,
DA2724004,leeg.pdf,
DA2397931,leeg.pdf,
DA2701369,leeg.pdf,
DA2866123,leeg.pdf,
DA2514988,leeg.pdf,
DA2545338,leeg.pdf,
DA2511832,leeg.pdf,
DA2461001,leeg.pdf,
DA2434066,leeg.pdf,
DA2849030,leeg.pdf,
DA2657314,leeg.pdf,
DA2246969,leeg.pdf,
DA2246910,leeg.pdf,
DA2851772,leeg.pdf,
DA2348893,leeg.pdf,
DA2500114,leeg.pdf,
DA2787197,leeg.pdf,
DA2605612,leeg.pdf,
DA2341838,leeg.pdf,
DA2271131,leeg.pdf,
DA2411743,leeg.pdf,
DA2317928,leeg.pdf,
DA2707057,leeg.pdf,
DA2813874,leeg.pdf,
DA2623384,leeg.pdf,
DA2515466,leeg.pdf,
DA2300094,leeg.pdf,
DA2478024,leeg.pdf,
DA2253869,leeg.pdf,
DA2867471,leeg.pdf,
DA2291080,leeg.pdf,
DA2701121,leeg.pdf,
DA2746329,leeg.pdf,
DA2651776,leeg.pdf,
DA2903319,leeg.pdf,
DA2867325,leeg.pdf,
DA2820984,leeg.pdf,
DA2408998,leeg.pdf,
DA2880859,leeg.pdf,
DA2520845,leeg.pdf,
DA2536277,leeg.pdf,
DA2653636,leeg.pdf,
DA2280960,leeg.pdf,
DA2477467,leeg.pdf,
DA2559618,leeg.pdf,
DA2353187,leeg.pdf,
DA2447927,leeg.pdf,
DA2659826,leeg.pdf,
DA2319104,leeg.pdf,
DA2727732,leeg.pdf,
DA2669457,leeg.pdf,
DA2748773,leeg.pdf,
DA2315820,leeg.pdf,
DA2354549,leeg.pdf,
DA2452614,leeg.pdf,
DA2548283,leeg.pdf,
DA2759835,leeg.pdf,
DA2470635,leeg.pdf,
DA2368422,leeg.pdf,
DA2289015,leeg.pdf,
DA2582221,leeg.pdf,
DA2250006,leeg.pdf,
DA2952389,leeg.pdf,
DA2525749,leeg.pdf,
DA2349040,leeg.pdf,
DA2583683,leeg.pdf,
DA2475263,leeg.pdf,
DA2378386,leeg.pdf,
DA2319320,leeg.pdf,
DA2280660,leeg.pdf,
DA2714513,leeg.pdf,
DA2753441,leeg.pdf,
DA2314105,leeg.pdf,
DA2556244,leeg.pdf,
DA2615237,leeg.pdf,
DA2413487,leeg.pdf,
DA2277714,leeg.pdf,
DA2255214,leeg.pdf,
DA2520937,leeg.pdf,
DA2445778,leeg.pdf,
DA2374988,leeg.pdf,
DA2633133,leeg.pdf,
DA2654513,leeg.pdf,
DA2874811,leeg.pdf,
DA2404423,leeg.pdf,
DA2252487,leeg.pdf,
DA2355053,leeg.pdf,
DA2459151,leeg.pdf,
DA2429766,leeg.pdf,
DA2439766,leeg.pdf,
DA2312893,leeg.pdf,
DA2485794,leeg.pdf,
DA2381702,leeg.pdf,
DA2396204,leeg.pdf,
DA2318900,leeg.pdf,
DA2569944,leeg.pdf,
DA2791074,leeg.pdf,
DA2510090,leeg.pdf,
DA2400978,leeg.pdf,
DA2328526,leeg.pdf,
DA2521384,leeg.pdf,
DA2813530,leeg.pdf,
DA2474429,leeg.pdf,
DA2397116,leeg.pdf,
DA2547678,leeg.pdf,
DA2744106,leeg.pdf,
DA2659138,leeg.pdf,
DA2417456,leeg.pdf,
DA2503605,leeg.pdf,
DA2264249,leeg.pdf,
DA2263274,leeg.pdf,
DA2684167,leeg.pdf,
DA2454281,leeg.pdf,
DA2257211,leeg.pdf,
DA2603650,leeg.pdf,
DA2386076,leeg.pdf,
DA2513232,leeg.pdf,
DA2524174,leeg.pdf,
DA2699474,leeg.pdf,
DA2345000,leeg.pdf,
DA2619738,leeg.pdf,
DA2946856,leeg.pdf,
DA2385225,leeg.pdf,
DA2831946,leeg.pdf,
DA2341143,leeg.pdf,
DA2464042,leeg.pdf,
DA2781172,leeg.pdf,
DA2304169,leeg.pdf,
DA2840041,leeg.pdf,
DA2575467,leeg.pdf,
DA2410289,leeg.pdf,
DA2787810,leeg.pdf,
DA2285721,leeg.pdf,
DA2501480,leeg.pdf,
DA2347864,leeg.pdf,
DA2277204,leeg.pdf,
DA2396621,leeg.pdf,
DA2952096,leeg.pdf,
DA2889467,leeg.pdf,
DA2245814,leeg.pdf,
DA2398898,leeg.pdf,
DA2322560,leeg.pdf,
DA2644595,leeg.pdf,
DA2401795,leeg.pdf,
DA2633230,leeg.pdf,
DA2528125,leeg.pdf,
DA2399759,leeg.pdf,
DA2378564,leeg.pdf,
DA2603103,leeg.pdf,
DA2473720,leeg.pdf,
DA2591753,leeg.pdf,
DA2699482,leeg.pdf,
DA2576106,leeg.pdf,
DA2713727,leeg.pdf,
DA2248936,leeg.pdf,
DA2267436,leeg.pdf,
DA2328960,leeg.pdf,
DA2675680,leeg.pdf,
DA2552731,leeg.pdf,
DA2333313,leeg.pdf,
DA2863601,leeg.pdf,
DA2517122,leeg.pdf,
DA2977173,leeg.pdf,
DA2973137,leeg.pdf,
DA2668578,leeg.pdf,
DA2471945,leeg.pdf,
DA2785015,leeg.pdf,
DA2254074,leeg.pdf,
DA2920738,leeg.pdf,
DA2402309,leeg.pdf,
DA2269080,leeg.pdf,
DA2312473,leeg.pdf,
DA2808008,leeg.pdf,
DA2501375,leeg.pdf,
DA2430826,leeg.pdf,
DA2451072,leeg.pdf,
DA2296234,leeg.pdf,
DA2463499,leeg.pdf,
DA2684146,leeg.pdf,
DA2742005,leeg.pdf,
DA2368603,leeg.pdf,
DA2403288,leeg.pdf,
DA2563507,leeg.pdf,
DA2402504,leeg.pdf,
DA2327337,leeg.pdf,
DA2780013,leeg.pdf,
DA2828502,leeg.pdf,
DA2787248,leeg.pdf,
DA2515684,leeg.pdf,
DA2427117,leeg.pdf,
DA2794538,leeg.pdf,
DA2601205,leeg.pdf,
DA2408306,leeg.pdf,
DA2466249,leeg.pdf,
DA2591769,leeg.pdf,
DA2272264,leeg.pdf,
DA2611278,leeg.pdf,
DA2420235,leeg.pdf,
DA2450046,leeg.pdf,
DA2795892,leeg.pdf,
DA2478729,leeg.pdf,
DA2880083,leeg.pdf,
DA2401763,leeg.pdf,
DA2945793,leeg.pdf,
DA2396203,leeg.pdf,
DA2586199,leeg.pdf,
DA2559410,leeg.pdf,
DA2356179,leeg.pdf,
DA2421797,leeg.pdf,
DA2692480,leeg.pdf,
DA2652447,leeg.pdf,
DA2825013,leeg.pdf,
DA2614760,leeg.pdf,
DA2458523,leeg.pdf,
DA2390349,leeg.pdf,
DA2257286,leeg.pdf,
DA2704575,leeg.pdf,
DA2284850,leeg.pdf,
DA2360437,leeg.pdf,
DA2375579,leeg.pdf,
DA2467384,leeg.pdf,
DA2294716,leeg.pdf,
DA2834639,leeg.pdf,
DA2976795,leeg.pdf,
DA2342315,leeg.pdf,
DA2282004,leeg.pdf,
DA2565154,leeg.pdf,
DA2425671,leeg.pdf,
DA2307034,leeg.pdf,
DA2391842,leeg.pdf,
DA2504445,leeg.pdf,
DA2503289,leeg.pdf,
DA2278409,leeg.pdf,
DA2338124,leeg.pdf,
DA2277785,leeg.pdf,
DA2385785,leeg.pdf,
DA2319536,leeg.pdf,
DA2714473,leeg.pdf,
DA2619860,leeg.pdf,
DA2454690,leeg.pdf,
DA2300872,leeg.pdf,
DA2390258,leeg.pdf,
DA2602163,leeg.pdf,
DA2756116,leeg.pdf,
DA2710274,leeg.pdf,
DA2333657,leeg.pdf,
DA2483601,leeg.pdf,
DA2344527,leeg.pdf,
DA2440997,leeg.pdf,
DA2505154,leeg.pdf,
DA2261044,leeg.pdf,
DA2668426,leeg.pdf,
DA2378445,leeg.pdf,
DA2924515,leeg.pdf,
DA2294435,leeg.pdf,
DA2410538,leeg.pdf,
DA2431634,leeg.pdf,
DA2385818,leeg.pdf,
DA2848320,leeg.pdf,
DA2435793,leeg.pdf,
DA2288755,leeg.pdf,
DA2252532,leeg.pdf,
DA2301969,leeg.pdf,
DA2854723,leeg.pdf,
DA2566272,leeg.pdf,
DA2660325,leeg.pdf,
DA2556035,leeg.pdf,
DA2315303,leeg.pdf,
DA2447920,leeg.pdf,
DA2422667,leeg.pdf,
DA2294050,leeg.pdf,
DA2939784,leeg.pdf,
DA2639610,leeg.pdf,
DA2488514,leeg.pdf,
DA2332108,leeg.pdf,
DA2825768,leeg.pdf,
DA2374027,leeg.pdf,
DA2421131,leeg.pdf,
DA2678537,leeg.pdf,
DA2417992,leeg.pdf,
DA2321751,leeg.pdf,
DA2971279,leeg.pdf,
DA2503344,leeg.pdf,
DA2640012,leeg.pdf,
DA2573835,leeg.pdf,
DA2729588,leeg.pdf,
DA2412988,leeg.pdf,
DA2269653,leeg.pdf,
DA2474644,leeg.pdf,
DA2494952,leeg.pdf,
DA2331313,leeg.pdf,
DA2553091,leeg.pdf,
DA2970554,leeg.pdf,
DA2401439,leeg.pdf,
DA2270796,leeg.pdf,
DA2435279,leeg.pdf,
DA2251999,leeg.pdf,
DA2907506,leeg.pdf,
DA2519888,leeg.pdf,
DA2343178,leeg.pdf,
DA2671468,leeg.pdf,
DA2293450,leeg.pdf,
DA2755332,leeg.pdf,
DA2793100,leeg.pdf,
DA2328484,leeg.pdf,
DA2431412,leeg.pdf,
DA2322546,leeg.pdf,
DA2669263,leeg.pdf,
DA2331944,leeg.pdf,
DA2722560,leeg.pdf,
DA2900963,leeg.pdf,
DA2986147,leeg.pdf,
DA2397030,leeg.pdf,
DA2266002,leeg.pdf,
DA2644036,leeg.pdf,
DA2522654,leeg.pdf,
DA2257244,leeg.pdf,
DA2348572,leeg.pdf,
DA2468704,leeg.pdf,
DA2379630,leeg.pdf,
DA2887832,leeg.pdf,
DA2703320,leeg.pdf,
DA2259245,leeg.pdf,
DA2647436,leeg.pdf,
DA2294202,leeg.pdf,
DA2364295,leeg.pdf,
DA2455439,leeg.pdf,
DA2681614,leeg.pdf,
DA2699040,leeg.pdf,
DA2267787,leeg.pdf,
DA2990166,leeg.pdf,
DA2496323,leeg.pdf,
DA2342595,leeg.pdf,
DA2268785,leeg.pdf,
DA2646689,leeg.pdf,
DA2282402,leeg.pdf,
DA2306896,leeg.pdf,
DA2926915,leeg.pdf,
DA2267471,leeg.pdf,
DA2290619,leeg.pdf,
DA2332728,leeg.pdf,
DA2328720,leeg.pdf,
DA2820536,leeg.pdf,
DA2495602,leeg.pdf,
DA2368285,leeg.pdf,
DA2398923,leeg.pdf,
DA2954128,leeg.pdf,
DA2367799,leeg.pdf,
DA2272501,leeg.pdf,
DA2348867,leeg.pdf,
DA2617109,leeg.pdf,
DA2458813,leeg.pdf,
DA2683063,leeg.pdf,
DA2318556,leeg.pdf,
DA2632848,leeg.pdf,
DA2717764,leeg.pdf,
DA2323454,leeg.pdf,
DA2447171,leeg.pdf,
DA2288913,leeg.pdf,
DA2347505,leeg.pdf,
DA2252174,leeg.pdf,
DA2275765,leeg.pdf,
DA2481177,leeg.pdf,
DA2797199,leeg.pdf,
DA2498807,leeg.pdf,
DA2725089,leeg.pdf,
DA2785815,leeg.pdf,
DA2865097,leeg.pdf,
DA2561624,leeg.pdf,
DA2436322,leeg.pdf,
DA2309988,leeg.pdf,
DA2398950,leeg.pdf,
DA2765920,leeg.pdf,
DA2786107,leeg.pdf,
DA2324438,leeg.pdf,
DA2370704,leeg.pdf,
DA2762461,leeg.pdf,
DA2853167,leeg.pdf,
DA2452187,leeg.pdf,
DA2382745,leeg.pdf,
DA2811500,leeg.pdf,
DA2522797,leeg.pdf,
DA2357582,leeg.pdf,
DA2746103,leeg.pdf,
DA2726711,leeg.pdf,
DA2578863,leeg.pdf,
DA2279484,leeg.pdf,
DA2247682,leeg.pdf,
DA2786774,leeg.pdf,
DA2908657,leeg.pdf,
DA2747311,leeg.pdf,
DA2897246,leeg.pdf,
DA2396701,leeg.pdf,
DA2257984,leeg.pdf,
DA2307112,leeg.pdf,
DA2596322,leeg.pdf,
DA2767965,leeg.pdf,
DA2841910,leeg.pdf,
DA2380093,leeg.pdf,
DA2411752,leeg.pdf,
DA2703654,leeg.pdf,
DA2324912,leeg.pdf,
DA2258610,leeg.pdf,
DA2259856,leeg.pdf,
DA2348876,leeg.pdf,
DA2437647,leeg.pdf,
DA2342783,leeg.pdf,
DA2676107,leeg.pdf,
DA2628807,leeg.pdf,
DA2459957,leeg.pdf,
DA2482732,leeg.pdf,
DA2622317,leeg.pdf,
