kolom1,pdf,omschrijving
.,stans.pdf,
.,stans.pdf,
.,stans.pdf,rol_1345 DA3555909 t/m DA3657200 2500 etiketten
.,stans.pdf,
.,stans.pdf,
.,stans.pdf,
.,stans.pdf,
.,stans.pdf,
.,stans.pdf,
.,stans.pdf,
.,stans.pdf,
.,stans.pdf,
.,stans.pdf,
.,stans.pdf,
.,stans.pdf,
.,stans.pdf,
.,stans.pdf,
.,stans.pdf,
.,stans.pdf,
.,stans.pdf,
.,stans.pdf,
.,stans.pdf,
DA3555909,leeg.pdf,
DA3445542,leeg.pdf,
DA3850037,leeg.pdf,
DA3270950,leeg.pdf,
DA3821668,leeg.pdf,
DA3421178,leeg.pdf,
DA3363475,leeg.pdf,
DA3991947,leeg.pdf,
DA3623005,leeg.pdf,
DA3429151,leeg.pdf,
DA3446496,leeg.pdf,
DA3121969,leeg.pdf,
DA3606596,leeg.pdf,
DA3173083,leeg.pdf,
DA3504741,leeg.pdf,
DA3065966,leeg.pdf,
DA3788936,leeg.pdf,
DA3141279,leeg.pdf,
DA3328091,leeg.pdf,
DA3256444,leeg.pdf,
DA3291666,leeg.pdf,
DA3960786,leeg.pdf,
DA3799709,leeg.pdf,
DA3972923,leeg.pdf,
DA3455098,leeg.pdf,
DA3273560,leeg.pdf,
DA3671739,leeg.pdf,
DA3698055,leeg.pdf,
DA3061002,leeg.pdf,
DA3447216,leeg.pdf,
DA3338467,leeg.pdf,
DA3672702,leeg.pdf,
DA3030430,leeg.pdf,
DA3432417,leeg.pdf,
DA3574848,leeg.pdf,
DA3985964,leeg.pdf,
DA3700702,leeg.pdf,
DA3253102,leeg.pdf,
DA3908013,leeg.pdf,
DA3179762,leeg.pdf,
DA3851927,leeg.pdf,
DA3059860,leeg.pdf,
DA3281083,leeg.pdf,
DA3118065,leeg.pdf,
DA3164049,leeg.pdf,
DA3681212,leeg.pdf,
DA3295516,leeg.pdf,
DA3230187,leeg.pdf,
DA3633115,leeg.pdf,
DA3211535,leeg.pdf,
DA3653231,leeg.pdf,
DA3650751,leeg.pdf,
DA3575327,leeg.pdf,
DA3328826,leeg.pdf,
DA3177983,leeg.pdf,
DA3283663,leeg.pdf,
DA3071439,leeg.pdf,
DA3774981,leeg.pdf,
DA3972832,leeg.pdf,
DA3106277,leeg.pdf,
DA3189558,leeg.pdf,
DA3116349,leeg.pdf,
DA3334425,leeg.pdf,
DA3848506,leeg.pdf,
DA3035151,leeg.pdf,
DA3372875,leeg.pdf,
DA3065804,leeg.pdf,
DA3170247,leeg.pdf,
DA3257317,leeg.pdf,
DA3251763,leeg.pdf,
DA3897480,leeg.pdf,
DA3277265,leeg.pdf,
DA3370225,leeg.pdf,
DA3040457,leeg.pdf,
DA3848043,leeg.pdf,
DA3117176,leeg.pdf,
DA3223126,leeg.pdf,
DA3324081,leeg.pdf,
DA3466803,leeg.pdf,
DA3552763,leeg.pdf,
DA3436761,leeg.pdf,
DA3381715,leeg.pdf,
DA3317871,leeg.pdf,
DA3264570,leeg.pdf,
DA3111259,leeg.pdf,
DA3303634,leeg.pdf,
DA3490182,leeg.pdf,
DA3315471,leeg.pdf,
DA3835667,leeg.pdf,
DA3333372,leeg.pdf,
DA3195889,leeg.pdf,
DA3086115,leeg.pdf,
DA3448360,leeg.pdf,
DA3336404,leeg.pdf,
DA3168381,leeg.pdf,
DA3281180,leeg.pdf,
DA3246804,leeg.pdf,
DA3154815,leeg.pdf,
DA3277850,leeg.pdf,
DA3882799,leeg.pdf,
DA3442577,leeg.pdf,
DA3107085,leeg.pdf,
DA3436585,leeg.pdf,
DA3077196,leeg.pdf,
DA3738307,leeg.pdf,
DA3553017,leeg.pdf,
DA3859030,leeg.pdf,
DA3280952,leeg.pdf,
DA3582619,leeg.pdf,
DA3348789,leeg.pdf,
DA3240314,leeg.pdf,
DA3236146,leeg.pdf,
DA3136669,leeg.pdf,
DA3027710,leeg.pdf,
DA3434986,leeg.pdf,
DA3499344,leeg.pdf,
DA3938232,leeg.pdf,
DA3105502,leeg.pdf,
DA3104551,leeg.pdf,
DA3275974,leeg.pdf,
DA3485306,leeg.pdf,
DA3856616,leeg.pdf,
DA3554018,leeg.pdf,
DA3085864,leeg.pdf,
DA3867254,leeg.pdf,
DA3803028,leeg.pdf,
DA3890223,leeg.pdf,
DA3531869,leeg.pdf,
DA3645219,leeg.pdf,
DA3901414,leeg.pdf,
DA3953844,leeg.pdf,
DA3082392,leeg.pdf,
DA3448192,leeg.pdf,
DA3673461,leeg.pdf,
DA3610697,leeg.pdf,
DA3659716,leeg.pdf,
DA3098339,leeg.pdf,
DA3540064,leeg.pdf,
DA3552451,leeg.pdf,
DA3199338,leeg.pdf,
DA3166204,leeg.pdf,
DA3118055,leeg.pdf,
DA3255490,leeg.pdf,
DA3866258,leeg.pdf,
DA3312735,leeg.pdf,
DA3744163,leeg.pdf,
DA3832564,leeg.pdf,
DA3370441,leeg.pdf,
DA3927073,leeg.pdf,
DA3870767,leeg.pdf,
DA3513187,leeg.pdf,
DA3885601,leeg.pdf,
DA3504201,leeg.pdf,
DA3200143,leeg.pdf,
DA3555829,leeg.pdf,
DA3149871,leeg.pdf,
DA3062183,leeg.pdf,
DA3209562,leeg.pdf,
DA3105116,leeg.pdf,
DA3730612,leeg.pdf,
DA3608934,leeg.pdf,
DA3713423,leeg.pdf,
DA3180326,leeg.pdf,
DA3207495,leeg.pdf,
DA3538701,leeg.pdf,
DA3141756,leeg.pdf,
DA3039332,leeg.pdf,
DA3895923,leeg.pdf,
DA3824003,leeg.pdf,
DA3675417,leeg.pdf,
DA3851957,leeg.pdf,
DA3078110,leeg.pdf,
DA3397322,leeg.pdf,
DA3928224,leeg.pdf,
DA3532434,leeg.pdf,
DA3305308,leeg.pdf,
DA3632816,leeg.pdf,
DA3035390,leeg.pdf,
DA3204732,leeg.pdf,
DA3183343,leeg.pdf,
DA3595279,leeg.pdf,
DA3193000,leeg.pdf,
DA3616336,leeg.pdf,
DA3506515,leeg.pdf,
DA3936985,leeg.pdf,
DA3280616,leeg.pdf,
DA3297785,leeg.pdf,
DA3366278,leeg.pdf,
DA3452983,leeg.pdf,
DA3183462,leeg.pdf,
DA3625288,leeg.pdf,
DA3189163,leeg.pdf,
DA3047470,leeg.pdf,
DA3404288,leeg.pdf,
DA3341512,leeg.pdf,
DA3377387,leeg.pdf,
DA3720437,leeg.pdf,
DA3606842,leeg.pdf,
DA3873437,leeg.pdf,
DA3636157,leeg.pdf,
DA3244432,leeg.pdf,
DA3139544,leeg.pdf,
DA3092807,leeg.pdf,
DA3917987,leeg.pdf,
DA3595888,leeg.pdf,
DA3524123,leeg.pdf,
DA3759057,leeg.pdf,
DA3739243,leeg.pdf,
DA3856191,leeg.pdf,
DA3245668,leeg.pdf,
DA3432891,leeg.pdf,
DA3212780,leeg.pdf,
DA3290358,leeg.pdf,
DA3193961,leeg.pdf,
DA3259671,leeg.pdf,
DA3650844,leeg.pdf,
DA3321237,leeg.pdf,
DA3123760,leeg.pdf,
DA3700649,leeg.pdf,
DA3989378,leeg.pdf,
DA3350039,leeg.pdf,
DA3255982,leeg.pdf,
DA3116568,leeg.pdf,
DA3719637,leeg.pdf,
DA3132569,leeg.pdf,
DA3091073,leeg.pdf,
DA3820031,leeg.pdf,
DA3905677,leeg.pdf,
DA3717275,leeg.pdf,
DA3210491,leeg.pdf,
DA3806081,leeg.pdf,
DA3372799,leeg.pdf,
DA3434345,leeg.pdf,
DA3622080,leeg.pdf,
DA3998442,leeg.pdf,
DA3242416,leeg.pdf,
DA3516804,leeg.pdf,
DA3503585,leeg.pdf,
DA3202347,leeg.pdf,
DA3073014,leeg.pdf,
DA3030824,leeg.pdf,
DA3076706,leeg.pdf,
DA3863295,leeg.pdf,
DA3079083,leeg.pdf,
DA3100943,leeg.pdf,
DA3426316,leeg.pdf,
DA3220645,leeg.pdf,
DA3230179,leeg.pdf,
DA3849032,leeg.pdf,
DA3469492,leeg.pdf,
DA3483785,leeg.pdf,
DA3236937,leeg.pdf,
DA3049612,leeg.pdf,
DA3584842,leeg.pdf,
DA3447306,leeg.pdf,
DA3290984,leeg.pdf,
DA3540389,leeg.pdf,
DA3680358,leeg.pdf,
DA3167766,leeg.pdf,
DA3341556,leeg.pdf,
DA3459627,leeg.pdf,
DA3229576,leeg.pdf,
DA3059705,leeg.pdf,
DA3550092,leeg.pdf,
DA3617785,leeg.pdf,
DA3292964,leeg.pdf,
DA3682001,leeg.pdf,
DA3492203,leeg.pdf,
DA3382346,leeg.pdf,
DA3146688,leeg.pdf,
DA3462950,leeg.pdf,
DA3885845,leeg.pdf,
DA3173438,leeg.pdf,
DA3941131,leeg.pdf,
DA3569115,leeg.pdf,
DA3120939,leeg.pdf,
DA3747548,leeg.pdf,
DA3338636,leeg.pdf,
DA3096353,leeg.pdf,
DA3168637,leeg.pdf,
DA3953646,leeg.pdf,
DA3204208,leeg.pdf,
DA3490282,leeg.pdf,
DA3603232,leeg.pdf,
DA3057982,leeg.pdf,
DA3647866,leeg.pdf,
DA3124258,leeg.pdf,
DA3363843,leeg.pdf,
DA3206786,leeg.pdf,
DA3629608,leeg.pdf,
DA3351969,leeg.pdf,
DA3993707,leeg.pdf,
DA3621754,leeg.pdf,
DA3175521,leeg.pdf,
DA3113077,leeg.pdf,
DA3645262,leeg.pdf,
DA3202068,leeg.pdf,
DA3100093,leeg.pdf,
DA3487994,leeg.pdf,
DA3777325,leeg.pdf,
DA3061149,leeg.pdf,
DA3430218,leeg.pdf,
DA3296766,leeg.pdf,
DA3638974,leeg.pdf,
DA3374366,leeg.pdf,
DA3138579,leeg.pdf,
DA3189761,leeg.pdf,
DA3075642,leeg.pdf,
DA3606965,leeg.pdf,
DA3196627,leeg.pdf,
DA3260969,leeg.pdf,
DA3424816,leeg.pdf,
DA3328001,leeg.pdf,
DA3262651,leeg.pdf,
DA3640010,leeg.pdf,
DA3839669,leeg.pdf,
DA3141217,leeg.pdf,
DA3274583,leeg.pdf,
DA3599626,leeg.pdf,
DA3987593,leeg.pdf,
DA3070991,leeg.pdf,
DA3720713,leeg.pdf,
DA3474468,leeg.pdf,
DA3332966,leeg.pdf,
DA3296549,leeg.pdf,
DA3336627,leeg.pdf,
DA3095141,leeg.pdf,
DA3288638,leeg.pdf,
DA3057674,leeg.pdf,
DA3156223,leeg.pdf,
DA3452808,leeg.pdf,
DA3597595,leeg.pdf,
DA3065173,leeg.pdf,
DA3688794,leeg.pdf,
DA3207599,leeg.pdf,
DA3424642,leeg.pdf,
DA3400798,leeg.pdf,
DA3700685,leeg.pdf,
DA3073775,leeg.pdf,
DA3684409,leeg.pdf,
DA3902721,leeg.pdf,
DA3755183,leeg.pdf,
DA3380409,leeg.pdf,
DA3143556,leeg.pdf,
DA3568139,leeg.pdf,
DA3027470,leeg.pdf,
DA3950129,leeg.pdf,
DA3690439,leeg.pdf,
DA3747442,leeg.pdf,
DA3167987,leeg.pdf,
DA3526015,leeg.pdf,
DA3378188,leeg.pdf,
DA3654224,leeg.pdf,
DA3597494,leeg.pdf,
DA3114860,leeg.pdf,
DA3829906,leeg.pdf,
DA3212811,leeg.pdf,
DA3572816,leeg.pdf,
DA3407124,leeg.pdf,
DA3282187,leeg.pdf,
DA3047780,leeg.pdf,
DA3588558,leeg.pdf,
DA3059849,leeg.pdf,
DA3499093,leeg.pdf,
DA3420962,leeg.pdf,
DA3551955,leeg.pdf,
DA3290651,leeg.pdf,
DA3434316,leeg.pdf,
DA3982717,leeg.pdf,
DA3387760,leeg.pdf,
DA3863194,leeg.pdf,
DA3379139,leeg.pdf,
DA3927493,leeg.pdf,
DA3447769,leeg.pdf,
DA3297253,leeg.pdf,
DA3486394,leeg.pdf,
DA3344169,leeg.pdf,
DA3415643,leeg.pdf,
DA3470820,leeg.pdf,
DA3393328,leeg.pdf,
DA3148730,leeg.pdf,
DA3163183,leeg.pdf,
DA3267823,leeg.pdf,
DA3402106,leeg.pdf,
DA3777461,leeg.pdf,
DA3219843,leeg.pdf,
DA3939971,leeg.pdf,
DA3544077,leeg.pdf,
DA3377735,leeg.pdf,
DA3899635,leeg.pdf,
DA3989415,leeg.pdf,
DA3085488,leeg.pdf,
DA3753623,leeg.pdf,
DA3216594,leeg.pdf,
DA3133682,leeg.pdf,
DA3068533,leeg.pdf,
DA3091485,leeg.pdf,
DA3630494,leeg.pdf,
DA3424654,leeg.pdf,
DA3347041,leeg.pdf,
DA3530734,leeg.pdf,
DA3371589,leeg.pdf,
DA3089725,leeg.pdf,
DA3158570,leeg.pdf,
DA3858857,leeg.pdf,
DA3104697,leeg.pdf,
DA3619868,leeg.pdf,
DA3731730,leeg.pdf,
DA3716895,leeg.pdf,
DA3302613,leeg.pdf,
DA3799977,leeg.pdf,
DA3692636,leeg.pdf,
DA3097794,leeg.pdf,
DA3219218,leeg.pdf,
DA3323225,leeg.pdf,
DA3407411,leeg.pdf,
DA3074496,leeg.pdf,
DA3468077,leeg.pdf,
DA3616078,leeg.pdf,
DA3490309,leeg.pdf,
DA3182192,leeg.pdf,
DA3650403,leeg.pdf,
DA3666117,leeg.pdf,
DA3142379,leeg.pdf,
DA3640719,leeg.pdf,
DA3264395,leeg.pdf,
DA3719829,leeg.pdf,
DA3092012,leeg.pdf,
DA3924008,leeg.pdf,
DA3518329,leeg.pdf,
DA3252588,leeg.pdf,
DA3846173,leeg.pdf,
DA3774126,leeg.pdf,
DA3131743,leeg.pdf,
DA3898259,leeg.pdf,
DA3444939,leeg.pdf,
DA3421050,leeg.pdf,
DA3089029,leeg.pdf,
DA3538310,leeg.pdf,
DA3133327,leeg.pdf,
DA3975318,leeg.pdf,
DA3171322,leeg.pdf,
DA3523597,leeg.pdf,
DA3978264,leeg.pdf,
DA3265247,leeg.pdf,
DA3304431,leeg.pdf,
DA3414849,leeg.pdf,
DA3344035,leeg.pdf,
DA3534737,leeg.pdf,
DA3281548,leeg.pdf,
DA3175061,leeg.pdf,
DA3634423,leeg.pdf,
DA3157983,leeg.pdf,
DA3573311,leeg.pdf,
DA3577874,leeg.pdf,
DA3924207,leeg.pdf,
DA3929592,leeg.pdf,
DA3739879,leeg.pdf,
DA3320286,leeg.pdf,
DA3905842,leeg.pdf,
DA3282103,leeg.pdf,
DA3299710,leeg.pdf,
DA3602432,leeg.pdf,
DA3882185,leeg.pdf,
DA3215484,leeg.pdf,
DA3799353,leeg.pdf,
DA3122698,leeg.pdf,
DA3721592,leeg.pdf,
DA3036365,leeg.pdf,
DA3190231,leeg.pdf,
DA3049737,leeg.pdf,
DA3977209,leeg.pdf,
DA3471625,leeg.pdf,
DA3983301,leeg.pdf,
DA3933955,leeg.pdf,
DA3456387,leeg.pdf,
DA3856383,leeg.pdf,
DA3181245,leeg.pdf,
DA3811076,leeg.pdf,
DA3727522,leeg.pdf,
DA3293208,leeg.pdf,
DA3839988,leeg.pdf,
DA3118682,leeg.pdf,
DA3359518,leeg.pdf,
DA3256292,leeg.pdf,
DA3528124,leeg.pdf,
DA3111863,leeg.pdf,
DA3094265,leeg.pdf,
DA3392053,leeg.pdf,
DA3375873,leeg.pdf,
DA3568699,leeg.pdf,
DA3496104,leeg.pdf,
DA3581702,leeg.pdf,
DA3259058,leeg.pdf,
DA3794638,leeg.pdf,
DA3913266,leeg.pdf,
DA3215124,leeg.pdf,
DA3190098,leeg.pdf,
DA3944574,leeg.pdf,
DA3189417,leeg.pdf,
DA3473614,leeg.pdf,
DA3105412,leeg.pdf,
DA3193573,leeg.pdf,
DA3128582,leeg.pdf,
DA3648531,leeg.pdf,
DA3217144,leeg.pdf,
DA3248538,leeg.pdf,
DA3244800,leeg.pdf,
DA3431507,leeg.pdf,
DA3660057,leeg.pdf,
DA3055170,leeg.pdf,
DA3771271,leeg.pdf,
DA3736037,leeg.pdf,
DA3407912,leeg.pdf,
DA3984631,leeg.pdf,
DA3631719,leeg.pdf,
DA3752323,leeg.pdf,
DA3936042,leeg.pdf,
DA3287380,leeg.pdf,
DA3462256,leeg.pdf,
DA3061583,leeg.pdf,
DA3155908,leeg.pdf,
DA3797049,leeg.pdf,
DA3736135,leeg.pdf,
DA3222074,leeg.pdf,
DA3129127,leeg.pdf,
DA3531128,leeg.pdf,
DA3503941,leeg.pdf,
DA3950080,leeg.pdf,
DA3697105,leeg.pdf,
DA3947537,leeg.pdf,
DA3169202,leeg.pdf,
DA3212871,leeg.pdf,
DA3810081,leeg.pdf,
DA3071136,leeg.pdf,
DA3885730,leeg.pdf,
DA3044206,leeg.pdf,
DA3062628,leeg.pdf,
DA3353917,leeg.pdf,
DA3030005,leeg.pdf,
DA3412078,leeg.pdf,
DA3042582,leeg.pdf,
DA3513126,leeg.pdf,
DA3871356,leeg.pdf,
DA3166771,leeg.pdf,
DA3438675,leeg.pdf,
DA3358377,leeg.pdf,
DA3871399,leeg.pdf,
DA3940797,leeg.pdf,
DA3418790,leeg.pdf,
DA3656971,leeg.pdf,
DA3056257,leeg.pdf,
DA3966843,leeg.pdf,
DA3881988,leeg.pdf,
DA3210068,leeg.pdf,
DA3311628,leeg.pdf,
DA3708907,leeg.pdf,
DA3778426,leeg.pdf,
DA3684339,leeg.pdf,
DA3489886,leeg.pdf,
DA3707312,leeg.pdf,
DA3448369,leeg.pdf,
DA3365470,leeg.pdf,
DA3792700,leeg.pdf,
DA3084297,leeg.pdf,
DA3112543,leeg.pdf,
DA3770976,leeg.pdf,
DA3313109,leeg.pdf,
DA3204334,leeg.pdf,
DA3460555,leeg.pdf,
DA3617853,leeg.pdf,
DA3235568,leeg.pdf,
DA3266015,leeg.pdf,
DA3293196,leeg.pdf,
DA3778504,leeg.pdf,
DA3299161,leeg.pdf,
DA3333074,leeg.pdf,
DA3711078,leeg.pdf,
DA3387524,leeg.pdf,
DA3264337,leeg.pdf,
DA3188432,leeg.pdf,
DA3248402,leeg.pdf,
DA3148152,leeg.pdf,
DA3348633,leeg.pdf,
DA3694846,leeg.pdf,
DA3468008,leeg.pdf,
DA3067377,leeg.pdf,
DA3059816,leeg.pdf,
DA3210947,leeg.pdf,
DA3497970,leeg.pdf,
DA3356153,leeg.pdf,
DA3375734,leeg.pdf,
DA3610281,leeg.pdf,
DA3818679,leeg.pdf,
DA3768682,leeg.pdf,
DA3377591,leeg.pdf,
DA3731917,leeg.pdf,
DA3181132,leeg.pdf,
DA3850591,leeg.pdf,
DA3164741,leeg.pdf,
DA3612179,leeg.pdf,
DA3652728,leeg.pdf,
DA3581807,leeg.pdf,
DA3238149,leeg.pdf,
DA3331637,leeg.pdf,
DA3394971,leeg.pdf,
DA3143059,leeg.pdf,
DA3387426,leeg.pdf,
DA3042515,leeg.pdf,
DA3349704,leeg.pdf,
DA3700914,leeg.pdf,
DA3864181,leeg.pdf,
DA3675938,leeg.pdf,
DA3249055,leeg.pdf,
DA3472977,leeg.pdf,
DA3089107,leeg.pdf,
DA3149674,leeg.pdf,
DA3405163,leeg.pdf,
DA3584652,leeg.pdf,
DA3485401,leeg.pdf,
DA3040102,leeg.pdf,
DA3757403,leeg.pdf,
DA3179343,leeg.pdf,
DA3724044,leeg.pdf,
DA3138494,leeg.pdf,
DA3463225,leeg.pdf,
DA3163891,leeg.pdf,
DA3220586,leeg.pdf,
DA3823370,leeg.pdf,
DA3347483,leeg.pdf,
DA3915909,leeg.pdf,
DA3554846,leeg.pdf,
DA3143407,leeg.pdf,
DA3268443,leeg.pdf,
DA3598433,leeg.pdf,
DA3349190,leeg.pdf,
DA3321258,leeg.pdf,
DA3743959,leeg.pdf,
DA3062250,leeg.pdf,
DA3833769,leeg.pdf,
DA3621901,leeg.pdf,
DA3149420,leeg.pdf,
DA3330985,leeg.pdf,
DA3479653,leeg.pdf,
DA3438614,leeg.pdf,
DA3064321,leeg.pdf,
DA3029305,leeg.pdf,
DA3483753,leeg.pdf,
DA3580806,leeg.pdf,
DA3653744,leeg.pdf,
DA3596626,leeg.pdf,
DA3414708,leeg.pdf,
DA3676691,leeg.pdf,
DA3273809,leeg.pdf,
DA3803769,leeg.pdf,
DA3959624,leeg.pdf,
DA3759782,leeg.pdf,
DA3079622,leeg.pdf,
DA3105707,leeg.pdf,
DA3061792,leeg.pdf,
DA3286560,leeg.pdf,
DA3328967,leeg.pdf,
DA3549779,leeg.pdf,
DA3109261,leeg.pdf,
DA3059019,leeg.pdf,
DA3387131,leeg.pdf,
DA3367096,leeg.pdf,
DA3026866,leeg.pdf,
DA3097051,leeg.pdf,
DA3141511,leeg.pdf,
DA3279776,leeg.pdf,
DA3601903,leeg.pdf,
DA3278366,leeg.pdf,
DA3090233,leeg.pdf,
DA3751241,leeg.pdf,
DA3130397,leeg.pdf,
DA3821559,leeg.pdf,
DA3233174,leeg.pdf,
DA3120019,leeg.pdf,
DA3165944,leeg.pdf,
DA3741390,leeg.pdf,
DA3585950,leeg.pdf,
DA3173412,leeg.pdf,
DA3959283,leeg.pdf,
DA3051934,leeg.pdf,
DA3861253,leeg.pdf,
DA3238009,leeg.pdf,
DA3076246,leeg.pdf,
DA3094379,leeg.pdf,
DA3252217,leeg.pdf,
DA3386774,leeg.pdf,
DA3092104,leeg.pdf,
DA3870544,leeg.pdf,
DA3712585,leeg.pdf,
DA3222708,leeg.pdf,
DA3225700,leeg.pdf,
DA3354381,leeg.pdf,
DA3893306,leeg.pdf,
DA3760226,leeg.pdf,
DA3435524,leeg.pdf,
DA3216440,leeg.pdf,
DA3042405,leeg.pdf,
DA3286391,leeg.pdf,
DA3880958,leeg.pdf,
DA3066219,leeg.pdf,
DA3142707,leeg.pdf,
DA3096019,leeg.pdf,
DA3970692,leeg.pdf,
DA3027179,leeg.pdf,
DA3293137,leeg.pdf,
DA3992399,leeg.pdf,
DA3780730,leeg.pdf,
DA3179539,leeg.pdf,
DA3398940,leeg.pdf,
DA3754625,leeg.pdf,
DA3082385,leeg.pdf,
DA3412154,leeg.pdf,
DA3091721,leeg.pdf,
DA3146256,leeg.pdf,
DA3851626,leeg.pdf,
DA3522796,leeg.pdf,
DA3280709,leeg.pdf,
DA3131961,leeg.pdf,
DA3249073,leeg.pdf,
DA3213050,leeg.pdf,
DA3930501,leeg.pdf,
DA3274853,leeg.pdf,
DA3938205,leeg.pdf,
DA3106043,leeg.pdf,
DA3766706,leeg.pdf,
DA3654607,leeg.pdf,
DA3292293,leeg.pdf,
DA3956212,leeg.pdf,
DA3082337,leeg.pdf,
DA3161164,leeg.pdf,
DA3742139,leeg.pdf,
DA3360057,leeg.pdf,
DA3663764,leeg.pdf,
DA3358116,leeg.pdf,
DA3223981,leeg.pdf,
DA3050273,leeg.pdf,
DA3250714,leeg.pdf,
DA3698291,leeg.pdf,
DA3151469,leeg.pdf,
DA3443387,leeg.pdf,
DA3827174,leeg.pdf,
DA3796301,leeg.pdf,
DA3324475,leeg.pdf,
DA3830128,leeg.pdf,
DA3597398,leeg.pdf,
DA3722148,leeg.pdf,
DA3129163,leeg.pdf,
DA3467735,leeg.pdf,
DA3404977,leeg.pdf,
DA3639313,leeg.pdf,
DA3526404,leeg.pdf,
DA3044240,leeg.pdf,
DA3589784,leeg.pdf,
DA3139071,leeg.pdf,
DA3708359,leeg.pdf,
DA3356695,leeg.pdf,
DA3071774,leeg.pdf,
DA3868335,leeg.pdf,
DA3602263,leeg.pdf,
DA3093764,leeg.pdf,
DA3258940,leeg.pdf,
DA3510918,leeg.pdf,
DA3593987,leeg.pdf,
DA3172072,leeg.pdf,
DA3263975,leeg.pdf,
DA3119090,leeg.pdf,
DA3262755,leeg.pdf,
DA3314139,leeg.pdf,
DA3680102,leeg.pdf,
DA3321618,leeg.pdf,
DA3656973,leeg.pdf,
DA3489926,leeg.pdf,
DA3102761,leeg.pdf,
DA3395837,leeg.pdf,
DA3737981,leeg.pdf,
DA3253061,leeg.pdf,
DA3544802,leeg.pdf,
DA3080461,leeg.pdf,
DA3619178,leeg.pdf,
DA3244039,leeg.pdf,
DA3300469,leeg.pdf,
DA3073595,leeg.pdf,
DA3152385,leeg.pdf,
DA3141310,leeg.pdf,
DA3255945,leeg.pdf,
DA3166917,leeg.pdf,
DA3193006,leeg.pdf,
DA3620996,leeg.pdf,
DA3206027,leeg.pdf,
DA3059172,leeg.pdf,
DA3319062,leeg.pdf,
DA3077280,leeg.pdf,
DA3307985,leeg.pdf,
DA3396977,leeg.pdf,
DA3075859,leeg.pdf,
DA3570763,leeg.pdf,
DA3336154,leeg.pdf,
DA3155660,leeg.pdf,
DA3436083,leeg.pdf,
DA3149517,leeg.pdf,
DA3796702,leeg.pdf,
DA3681011,leeg.pdf,
DA3765978,leeg.pdf,
DA3059590,leeg.pdf,
DA3684945,leeg.pdf,
DA3953564,leeg.pdf,
DA3340634,leeg.pdf,
DA3106279,leeg.pdf,
DA3375001,leeg.pdf,
DA3686228,leeg.pdf,
DA3718383,leeg.pdf,
DA3903891,leeg.pdf,
DA3560469,leeg.pdf,
DA3288067,leeg.pdf,
DA3605448,leeg.pdf,
DA3118440,leeg.pdf,
DA3536646,leeg.pdf,
DA3296636,leeg.pdf,
DA3251551,leeg.pdf,
DA3805230,leeg.pdf,
DA3665129,leeg.pdf,
DA3464641,leeg.pdf,
DA3160764,leeg.pdf,
DA3552205,leeg.pdf,
DA3177608,leeg.pdf,
DA3385224,leeg.pdf,
DA3786298,leeg.pdf,
DA3425284,leeg.pdf,
DA3063626,leeg.pdf,
DA3101404,leeg.pdf,
DA3090924,leeg.pdf,
DA3359815,leeg.pdf,
DA3851682,leeg.pdf,
DA3377412,leeg.pdf,
DA3475797,leeg.pdf,
DA3484121,leeg.pdf,
DA3580838,leeg.pdf,
DA3368638,leeg.pdf,
DA3131602,leeg.pdf,
DA3540269,leeg.pdf,
DA3758429,leeg.pdf,
DA3764299,leeg.pdf,
DA3382888,leeg.pdf,
DA3328654,leeg.pdf,
DA3521098,leeg.pdf,
DA3032205,leeg.pdf,
DA3346578,leeg.pdf,
DA3805357,leeg.pdf,
DA3146326,leeg.pdf,
DA3386735,leeg.pdf,
DA3142655,leeg.pdf,
DA3442042,leeg.pdf,
DA3181144,leeg.pdf,
DA3939157,leeg.pdf,
DA3662321,leeg.pdf,
DA3072206,leeg.pdf,
DA3218556,leeg.pdf,
DA3071798,leeg.pdf,
DA3910065,leeg.pdf,
DA3588736,leeg.pdf,
DA3147388,leeg.pdf,
DA3397766,leeg.pdf,
DA3978149,leeg.pdf,
DA3893049,leeg.pdf,
DA3331270,leeg.pdf,
DA3220697,leeg.pdf,
DA3727501,leeg.pdf,
DA3442671,leeg.pdf,
DA3486846,leeg.pdf,
DA3852367,leeg.pdf,
DA3693937,leeg.pdf,
DA3243899,leeg.pdf,
DA3240078,leeg.pdf,
DA3240212,leeg.pdf,
DA3353585,leeg.pdf,
DA3201499,leeg.pdf,
DA3944610,leeg.pdf,
DA3789486,leeg.pdf,
DA3827723,leeg.pdf,
DA3637829,leeg.pdf,
DA3946548,leeg.pdf,
DA3591538,leeg.pdf,
DA3213950,leeg.pdf,
DA3137706,leeg.pdf,
DA3072352,leeg.pdf,
DA3660474,leeg.pdf,
DA3526345,leeg.pdf,
DA3319645,leeg.pdf,
DA3500186,leeg.pdf,
DA3394984,leeg.pdf,
DA3687982,leeg.pdf,
DA3625901,leeg.pdf,
DA3705518,leeg.pdf,
DA3145783,leeg.pdf,
DA3515668,leeg.pdf,
DA3272266,leeg.pdf,
DA3404110,leeg.pdf,
DA3879034,leeg.pdf,
DA3210761,leeg.pdf,
DA3047954,leeg.pdf,
DA3919212,leeg.pdf,
DA3714924,leeg.pdf,
DA3412106,leeg.pdf,
DA3896965,leeg.pdf,
DA3570117,leeg.pdf,
DA3590763,leeg.pdf,
DA3760786,leeg.pdf,
DA3193948,leeg.pdf,
DA3129192,leeg.pdf,
DA3739687,leeg.pdf,
DA3484260,leeg.pdf,
DA3415196,leeg.pdf,
DA3199409,leeg.pdf,
DA3859410,leeg.pdf,
DA3721367,leeg.pdf,
DA3098701,leeg.pdf,
DA3154629,leeg.pdf,
DA3087223,leeg.pdf,
DA3254057,leeg.pdf,
DA3764331,leeg.pdf,
DA3936085,leeg.pdf,
DA3461182,leeg.pdf,
DA3040697,leeg.pdf,
DA3610857,leeg.pdf,
DA3290181,leeg.pdf,
DA3622165,leeg.pdf,
DA3480847,leeg.pdf,
DA3143522,leeg.pdf,
DA3906271,leeg.pdf,
DA3479671,leeg.pdf,
DA3331431,leeg.pdf,
DA3244278,leeg.pdf,
DA3668859,leeg.pdf,
DA3322721,leeg.pdf,
DA3149382,leeg.pdf,
DA3211067,leeg.pdf,
DA3883029,leeg.pdf,
DA3156049,leeg.pdf,
DA3869401,leeg.pdf,
DA3128407,leeg.pdf,
DA3847723,leeg.pdf,
DA3868981,leeg.pdf,
DA3132911,leeg.pdf,
DA3891661,leeg.pdf,
DA3978301,leeg.pdf,
DA3393298,leeg.pdf,
DA3799118,leeg.pdf,
DA3195705,leeg.pdf,
DA3542531,leeg.pdf,
DA3315328,leeg.pdf,
DA3545865,leeg.pdf,
DA3984170,leeg.pdf,
DA3181585,leeg.pdf,
DA3129215,leeg.pdf,
DA3041652,leeg.pdf,
DA3555709,leeg.pdf,
DA3430154,leeg.pdf,
DA3225844,leeg.pdf,
DA3478688,leeg.pdf,
DA3369104,leeg.pdf,
DA3946726,leeg.pdf,
DA3428391,leeg.pdf,
DA3345177,leeg.pdf,
DA3137348,leeg.pdf,
DA3215043,leeg.pdf,
DA3435003,leeg.pdf,
DA3719682,leeg.pdf,
DA3480111,leeg.pdf,
DA3640844,leeg.pdf,
DA3702847,leeg.pdf,
DA3887530,leeg.pdf,
DA3700893,leeg.pdf,
DA3131883,leeg.pdf,
DA3744329,leeg.pdf,
DA3485687,leeg.pdf,
DA3702481,leeg.pdf,
DA3526952,leeg.pdf,
DA3214531,leeg.pdf,
DA3191211,leeg.pdf,
DA3163493,leeg.pdf,
DA3657355,leeg.pdf,
DA3792639,leeg.pdf,
DA3751363,leeg.pdf,
DA3597484,leeg.pdf,
DA3056704,leeg.pdf,
DA3772993,leeg.pdf,
DA3539377,leeg.pdf,
DA3394324,leeg.pdf,
DA3928106,leeg.pdf,
DA3529924,leeg.pdf,
DA3998033,leeg.pdf,
DA3297637,leeg.pdf,
DA3667343,leeg.pdf,
DA3990124,leeg.pdf,
DA3390277,leeg.pdf,
DA3545561,leeg.pdf,
DA3087561,leeg.pdf,
DA3031243,leeg.pdf,
DA3152128,leeg.pdf,
DA3780851,leeg.pdf,
DA3515694,leeg.pdf,
DA3828102,leeg.pdf,
DA3748614,leeg.pdf,
DA3825239,leeg.pdf,
DA3081318,leeg.pdf,
DA3261541,leeg.pdf,
DA3519967,leeg.pdf,
DA3223003,leeg.pdf,
DA3216171,leeg.pdf,
DA3804409,leeg.pdf,
DA3277532,leeg.pdf,
DA3540122,leeg.pdf,
DA3722295,leeg.pdf,
DA3061995,leeg.pdf,
DA3483104,leeg.pdf,
DA3214323,leeg.pdf,
DA3422617,leeg.pdf,
DA3144621,leeg.pdf,
DA3390763,leeg.pdf,
DA3400900,leeg.pdf,
DA3187223,leeg.pdf,
DA3654107,leeg.pdf,
DA3819637,leeg.pdf,
DA3099997,leeg.pdf,
DA3798424,leeg.pdf,
DA3808570,leeg.pdf,
DA3043526,leeg.pdf,
DA3381855,leeg.pdf,
DA3223031,leeg.pdf,
DA3130883,leeg.pdf,
DA3623853,leeg.pdf,
DA3988705,leeg.pdf,
DA3955632,leeg.pdf,
DA3527068,leeg.pdf,
DA3470370,leeg.pdf,
DA3372736,leeg.pdf,
DA3206936,leeg.pdf,
DA3173043,leeg.pdf,
DA3948891,leeg.pdf,
DA3422346,leeg.pdf,
DA3077908,leeg.pdf,
DA3064970,leeg.pdf,
DA3099009,leeg.pdf,
DA3181684,leeg.pdf,
DA3086465,leeg.pdf,
DA3932982,leeg.pdf,
DA3844518,leeg.pdf,
DA3359324,leeg.pdf,
DA3661855,leeg.pdf,
DA3246987,leeg.pdf,
DA3108130,leeg.pdf,
DA3785843,leeg.pdf,
DA3738482,leeg.pdf,
DA3679622,leeg.pdf,
DA3785004,leeg.pdf,
DA3538508,leeg.pdf,
DA3254904,leeg.pdf,
DA3805653,leeg.pdf,
DA3882888,leeg.pdf,
DA3278231,leeg.pdf,
DA3374374,leeg.pdf,
DA3134798,leeg.pdf,
DA3422453,leeg.pdf,
DA3069326,leeg.pdf,
DA3419150,leeg.pdf,
DA3504805,leeg.pdf,
DA3896122,leeg.pdf,
DA3071747,leeg.pdf,
DA3407773,leeg.pdf,
DA3082642,leeg.pdf,
DA3473591,leeg.pdf,
DA3050257,leeg.pdf,
DA3180739,leeg.pdf,
DA3087498,leeg.pdf,
DA3912521,leeg.pdf,
DA3549255,leeg.pdf,
DA3046896,leeg.pdf,
DA3257150,leeg.pdf,
DA3525756,leeg.pdf,
DA3268186,leeg.pdf,
DA3785082,leeg.pdf,
DA3220844,leeg.pdf,
DA3875012,leeg.pdf,
DA3171137,leeg.pdf,
DA3150623,leeg.pdf,
DA3092237,leeg.pdf,
DA3158563,leeg.pdf,
DA3943490,leeg.pdf,
DA3073162,leeg.pdf,
DA3215083,leeg.pdf,
DA3207203,leeg.pdf,
DA3505283,leeg.pdf,
DA3180449,leeg.pdf,
DA3398862,leeg.pdf,
DA3262515,leeg.pdf,
DA3112617,leeg.pdf,
DA3414171,leeg.pdf,
DA3099290,leeg.pdf,
DA3320219,leeg.pdf,
DA3093725,leeg.pdf,
DA3586969,leeg.pdf,
DA3408084,leeg.pdf,
DA3096270,leeg.pdf,
DA3565137,leeg.pdf,
DA3341477,leeg.pdf,
DA3225290,leeg.pdf,
DA3980652,leeg.pdf,
DA3130654,leeg.pdf,
DA3260516,leeg.pdf,
DA3300152,leeg.pdf,
DA3805589,leeg.pdf,
DA3259266,leeg.pdf,
DA3352388,leeg.pdf,
DA3649371,leeg.pdf,
DA3766648,leeg.pdf,
DA3698506,leeg.pdf,
DA3603972,leeg.pdf,
DA3149526,leeg.pdf,
DA3411263,leeg.pdf,
DA3761857,leeg.pdf,
DA3793046,leeg.pdf,
DA3225342,leeg.pdf,
DA3296677,leeg.pdf,
DA3591020,leeg.pdf,
DA3419467,leeg.pdf,
DA3267951,leeg.pdf,
DA3541365,leeg.pdf,
DA3972778,leeg.pdf,
DA3237911,leeg.pdf,
DA3276657,leeg.pdf,
DA3802626,leeg.pdf,
DA3876221,leeg.pdf,
DA3860646,leeg.pdf,
DA3814732,leeg.pdf,
DA3470630,leeg.pdf,
DA3805264,leeg.pdf,
DA3191833,leeg.pdf,
DA3433534,leeg.pdf,
DA3594984,leeg.pdf,
DA3079798,leeg.pdf,
DA3683880,leeg.pdf,
DA3536180,leeg.pdf,
DA3712950,leeg.pdf,
DA3820850,leeg.pdf,
DA3164937,leeg.pdf,
DA3379757,leeg.pdf,
DA3749634,leeg.pdf,
DA3085362,leeg.pdf,
DA3766179,leeg.pdf,
DA3601907,leeg.pdf,
DA3234409,leeg.pdf,
DA3208448,leeg.pdf,
DA3063696,leeg.pdf,
DA3930926,leeg.pdf,
DA3246971,leeg.pdf,
DA3679656,leeg.pdf,
DA3145982,leeg.pdf,
DA3036843,leeg.pdf,
DA3508454,leeg.pdf,
DA3213245,leeg.pdf,
DA3350855,leeg.pdf,
DA3184167,leeg.pdf,
DA3399719,leeg.pdf,
DA3874404,leeg.pdf,
DA3288725,leeg.pdf,
DA3267620,leeg.pdf,
DA3830629,leeg.pdf,
DA3624074,leeg.pdf,
DA3285726,leeg.pdf,
DA3218075,leeg.pdf,
DA3273349,leeg.pdf,
DA3046689,leeg.pdf,
DA3067553,leeg.pdf,
DA3342191,leeg.pdf,
DA3256867,leeg.pdf,
DA3666395,leeg.pdf,
DA3103278,leeg.pdf,
DA3431619,leeg.pdf,
DA3823016,leeg.pdf,
DA3319520,leeg.pdf,
DA3540158,leeg.pdf,
DA3112330,leeg.pdf,
DA3093161,leeg.pdf,
DA3820134,leeg.pdf,
DA3830379,leeg.pdf,
DA3039362,leeg.pdf,
DA3194287,leeg.pdf,
DA3469659,leeg.pdf,
DA3822509,leeg.pdf,
DA3579427,leeg.pdf,
DA3184524,leeg.pdf,
DA3567874,leeg.pdf,
DA3143282,leeg.pdf,
DA3156156,leeg.pdf,
DA3136178,leeg.pdf,
DA3559758,leeg.pdf,
DA3487043,leeg.pdf,
DA3041517,leeg.pdf,
DA3400510,leeg.pdf,
DA3289619,leeg.pdf,
DA3114947,leeg.pdf,
DA3634204,leeg.pdf,
DA3180260,leeg.pdf,
DA3309838,leeg.pdf,
DA3451033,leeg.pdf,
DA3378875,leeg.pdf,
DA3476851,leeg.pdf,
DA3180410,leeg.pdf,
DA3067137,leeg.pdf,
DA3964871,leeg.pdf,
DA3703209,leeg.pdf,
DA3244283,leeg.pdf,
DA3162687,leeg.pdf,
DA3793170,leeg.pdf,
DA3725249,leeg.pdf,
DA3837756,leeg.pdf,
DA3399020,leeg.pdf,
DA3311644,leeg.pdf,
DA3598271,leeg.pdf,
DA3665085,leeg.pdf,
DA3646665,leeg.pdf,
DA3045616,leeg.pdf,
DA3423319,leeg.pdf,
DA3557825,leeg.pdf,
DA3165091,leeg.pdf,
DA3606651,leeg.pdf,
DA3287879,leeg.pdf,
DA3904660,leeg.pdf,
DA3226308,leeg.pdf,
DA3219949,leeg.pdf,
DA3788131,leeg.pdf,
DA3774402,leeg.pdf,
DA3699853,leeg.pdf,
DA3484528,leeg.pdf,
DA3697713,leeg.pdf,
DA3061328,leeg.pdf,
DA3611332,leeg.pdf,
DA3261391,leeg.pdf,
DA3850158,leeg.pdf,
DA3186571,leeg.pdf,
DA3181828,leeg.pdf,
DA3847229,leeg.pdf,
DA3415900,leeg.pdf,
DA3037065,leeg.pdf,
DA3712370,leeg.pdf,
DA3065862,leeg.pdf,
DA3363260,leeg.pdf,
DA3372019,leeg.pdf,
DA3705221,leeg.pdf,
DA3054960,leeg.pdf,
DA3207011,leeg.pdf,
DA3508218,leeg.pdf,
DA3569724,leeg.pdf,
DA3804645,leeg.pdf,
DA3384656,leeg.pdf,
DA3908283,leeg.pdf,
DA3825258,leeg.pdf,
DA3966021,leeg.pdf,
DA3243583,leeg.pdf,
DA3114267,leeg.pdf,
DA3971639,leeg.pdf,
DA3503587,leeg.pdf,
DA3886447,leeg.pdf,
DA3652158,leeg.pdf,
DA3826424,leeg.pdf,
DA3557706,leeg.pdf,
DA3562922,leeg.pdf,
DA3452620,leeg.pdf,
DA3489713,leeg.pdf,
DA3453951,leeg.pdf,
DA3942922,leeg.pdf,
DA3618469,leeg.pdf,
DA3630880,leeg.pdf,
DA3255041,leeg.pdf,
DA3725232,leeg.pdf,
DA3330567,leeg.pdf,
DA3553538,leeg.pdf,
DA3037505,leeg.pdf,
DA3554259,leeg.pdf,
DA3847347,leeg.pdf,
DA3995110,leeg.pdf,
DA3660902,leeg.pdf,
DA3226033,leeg.pdf,
DA3070111,leeg.pdf,
DA3219986,leeg.pdf,
DA3316932,leeg.pdf,
DA3455089,leeg.pdf,
DA3390174,leeg.pdf,
DA3053672,leeg.pdf,
DA3154736,leeg.pdf,
DA3242300,leeg.pdf,
DA3351336,leeg.pdf,
DA3736220,leeg.pdf,
DA3341156,leeg.pdf,
DA3991352,leeg.pdf,
DA3109380,leeg.pdf,
DA3566889,leeg.pdf,
DA3278355,leeg.pdf,
DA3103207,leeg.pdf,
DA3186651,leeg.pdf,
DA3099607,leeg.pdf,
DA3620146,leeg.pdf,
DA3935544,leeg.pdf,
DA3327697,leeg.pdf,
DA3121578,leeg.pdf,
DA3159555,leeg.pdf,
DA3269153,leeg.pdf,
DA3398752,leeg.pdf,
DA3423070,leeg.pdf,
DA3290233,leeg.pdf,
DA3301480,leeg.pdf,
DA3176418,leeg.pdf,
DA3753310,leeg.pdf,
DA3377950,leeg.pdf,
DA3516556,leeg.pdf,
DA3306224,leeg.pdf,
DA3465676,leeg.pdf,
DA3115260,leeg.pdf,
DA3376151,leeg.pdf,
DA3515938,leeg.pdf,
DA3699453,leeg.pdf,
DA3923521,leeg.pdf,
DA3852194,leeg.pdf,
DA3278744,leeg.pdf,
DA3957268,leeg.pdf,
DA3780993,leeg.pdf,
DA3906770,leeg.pdf,
DA3442086,leeg.pdf,
DA3430141,leeg.pdf,
DA3838087,leeg.pdf,
DA3354797,leeg.pdf,
DA3056249,leeg.pdf,
DA3541096,leeg.pdf,
DA3870881,leeg.pdf,
DA3130266,leeg.pdf,
DA3188595,leeg.pdf,
DA3202522,leeg.pdf,
DA3117061,leeg.pdf,
DA3297020,leeg.pdf,
DA3670726,leeg.pdf,
DA3608431,leeg.pdf,
DA3292056,leeg.pdf,
DA3243855,leeg.pdf,
DA3789903,leeg.pdf,
DA3399757,leeg.pdf,
DA3129434,leeg.pdf,
DA3138360,leeg.pdf,
DA3770526,leeg.pdf,
DA3099692,leeg.pdf,
DA3291878,leeg.pdf,
DA3188427,leeg.pdf,
DA3478988,leeg.pdf,
DA3194294,leeg.pdf,
DA3596064,leeg.pdf,
DA3210776,leeg.pdf,
DA3247998,leeg.pdf,
DA3988298,leeg.pdf,
DA3428603,leeg.pdf,
DA3033328,leeg.pdf,
DA3725931,leeg.pdf,
DA3520523,leeg.pdf,
DA3693069,leeg.pdf,
DA3057207,leeg.pdf,
DA3716759,leeg.pdf,
DA3495548,leeg.pdf,
DA3949902,leeg.pdf,
DA3045370,leeg.pdf,
DA3216877,leeg.pdf,
DA3639824,leeg.pdf,
DA3398999,leeg.pdf,
DA3885684,leeg.pdf,
DA3301330,leeg.pdf,
DA3495369,leeg.pdf,
DA3167666,leeg.pdf,
DA3437662,leeg.pdf,
DA3184994,leeg.pdf,
DA3399583,leeg.pdf,
DA3822195,leeg.pdf,
DA3664095,leeg.pdf,
DA3736194,leeg.pdf,
DA3177785,leeg.pdf,
DA3455819,leeg.pdf,
DA3250038,leeg.pdf,
DA3692517,leeg.pdf,
DA3215453,leeg.pdf,
DA3132125,leeg.pdf,
DA3900147,leeg.pdf,
DA3859058,leeg.pdf,
DA3092293,leeg.pdf,
DA3360460,leeg.pdf,
DA3894371,leeg.pdf,
DA3674335,leeg.pdf,
DA3548198,leeg.pdf,
DA3103089,leeg.pdf,
DA3639690,leeg.pdf,
DA3480467,leeg.pdf,
DA3528879,leeg.pdf,
DA3629195,leeg.pdf,
DA3205631,leeg.pdf,
DA3720913,leeg.pdf,
DA3063378,leeg.pdf,
DA3795361,leeg.pdf,
DA3185923,leeg.pdf,
DA3925029,leeg.pdf,
DA3414663,leeg.pdf,
DA3305162,leeg.pdf,
DA3776450,leeg.pdf,
DA3166605,leeg.pdf,
DA3642382,leeg.pdf,
DA3078631,leeg.pdf,
DA3763779,leeg.pdf,
DA3198165,leeg.pdf,
DA3564074,leeg.pdf,
DA3704610,leeg.pdf,
DA3122492,leeg.pdf,
DA3607442,leeg.pdf,
DA3515731,leeg.pdf,
DA3397821,leeg.pdf,
DA3736143,leeg.pdf,
DA3964020,leeg.pdf,
DA3380427,leeg.pdf,
DA3541538,leeg.pdf,
DA3750989,leeg.pdf,
DA3164630,leeg.pdf,
DA3368870,leeg.pdf,
DA3451047,leeg.pdf,
DA3138106,leeg.pdf,
DA3278891,leeg.pdf,
DA3851835,leeg.pdf,
DA3149459,leeg.pdf,
DA3624349,leeg.pdf,
DA3466095,leeg.pdf,
DA3228260,leeg.pdf,
DA3977283,leeg.pdf,
DA3124193,leeg.pdf,
DA3132666,leeg.pdf,
DA3200588,leeg.pdf,
DA3567957,leeg.pdf,
DA3831340,leeg.pdf,
DA3293427,leeg.pdf,
DA3394343,leeg.pdf,
DA3426809,leeg.pdf,
DA3632196,leeg.pdf,
DA3915185,leeg.pdf,
DA3958710,leeg.pdf,
DA3513642,leeg.pdf,
DA3174355,leeg.pdf,
DA3318935,leeg.pdf,
DA3950370,leeg.pdf,
DA3526155,leeg.pdf,
DA3500190,leeg.pdf,
DA3503874,leeg.pdf,
DA3965032,leeg.pdf,
DA3354906,leeg.pdf,
DA3051567,leeg.pdf,
DA3408976,leeg.pdf,
DA3709598,leeg.pdf,
DA3192243,leeg.pdf,
DA3228874,leeg.pdf,
DA3320312,leeg.pdf,
DA3948475,leeg.pdf,
DA3278513,leeg.pdf,
DA3291344,leeg.pdf,
DA3139721,leeg.pdf,
DA3800240,leeg.pdf,
DA3055209,leeg.pdf,
DA3062525,leeg.pdf,
DA3431997,leeg.pdf,
DA3234319,leeg.pdf,
DA3691152,leeg.pdf,
DA3344082,leeg.pdf,
DA3095418,leeg.pdf,
DA3181862,leeg.pdf,
DA3643756,leeg.pdf,
DA3134836,leeg.pdf,
DA3886873,leeg.pdf,
DA3215264,leeg.pdf,
DA3066509,leeg.pdf,
DA3232971,leeg.pdf,
DA3932586,leeg.pdf,
DA3755644,leeg.pdf,
DA3942339,leeg.pdf,
DA3813383,leeg.pdf,
DA3568530,leeg.pdf,
DA3134249,leeg.pdf,
DA3402374,leeg.pdf,
DA3252624,leeg.pdf,
DA3797688,leeg.pdf,
DA3397401,leeg.pdf,
DA3959485,leeg.pdf,
DA3405803,leeg.pdf,
DA3799640,leeg.pdf,
DA3995175,leeg.pdf,
DA3192494,leeg.pdf,
DA3024841,leeg.pdf,
DA3170193,leeg.pdf,
DA3451608,leeg.pdf,
DA3589716,leeg.pdf,
DA3170567,leeg.pdf,
DA3915147,leeg.pdf,
DA3782032,leeg.pdf,
DA3487556,leeg.pdf,
DA3426979,leeg.pdf,
DA3628904,leeg.pdf,
DA3689611,leeg.pdf,
DA3125660,leeg.pdf,
DA3043230,leeg.pdf,
DA3897687,leeg.pdf,
DA3257105,leeg.pdf,
DA3347721,leeg.pdf,
DA3699752,leeg.pdf,
DA3294270,leeg.pdf,
DA3904619,leeg.pdf,
DA3064820,leeg.pdf,
DA3269736,leeg.pdf,
DA3785219,leeg.pdf,
DA3098258,leeg.pdf,
DA3267446,leeg.pdf,
DA3122961,leeg.pdf,
DA3162502,leeg.pdf,
DA3346243,leeg.pdf,
DA3194978,leeg.pdf,
DA3999454,leeg.pdf,
DA3761737,leeg.pdf,
DA3630337,leeg.pdf,
DA3226254,leeg.pdf,
DA3126977,leeg.pdf,
DA3168150,leeg.pdf,
DA3772766,leeg.pdf,
DA3050742,leeg.pdf,
DA3403937,leeg.pdf,
DA3370249,leeg.pdf,
DA3525838,leeg.pdf,
DA3219607,leeg.pdf,
DA3678101,leeg.pdf,
DA3375347,leeg.pdf,
DA3512066,leeg.pdf,
DA3629121,leeg.pdf,
DA3835217,leeg.pdf,
DA3787460,leeg.pdf,
DA3185732,leeg.pdf,
DA3577962,leeg.pdf,
DA3342046,leeg.pdf,
DA3298854,leeg.pdf,
DA3739913,leeg.pdf,
DA3222387,leeg.pdf,
DA3342960,leeg.pdf,
DA3214391,leeg.pdf,
DA3966969,leeg.pdf,
DA3061622,leeg.pdf,
DA3119653,leeg.pdf,
DA3460020,leeg.pdf,
DA3386529,leeg.pdf,
DA3121780,leeg.pdf,
DA3047979,leeg.pdf,
DA3251992,leeg.pdf,
DA3908574,leeg.pdf,
DA3754515,leeg.pdf,
DA3372274,leeg.pdf,
DA3782971,leeg.pdf,
DA3383173,leeg.pdf,
DA3111445,leeg.pdf,
DA3418060,leeg.pdf,
DA3466267,leeg.pdf,
DA3181390,leeg.pdf,
DA3307320,leeg.pdf,
DA3116074,leeg.pdf,
DA3899945,leeg.pdf,
DA3134956,leeg.pdf,
DA3577903,leeg.pdf,
DA3083519,leeg.pdf,
DA3686871,leeg.pdf,
DA3432124,leeg.pdf,
DA3127120,leeg.pdf,
DA3118162,leeg.pdf,
DA3612887,leeg.pdf,
DA3598873,leeg.pdf,
DA3548488,leeg.pdf,
DA3050639,leeg.pdf,
DA3631757,leeg.pdf,
DA3554030,leeg.pdf,
DA3640331,leeg.pdf,
DA3392004,leeg.pdf,
DA3083003,leeg.pdf,
DA3927703,leeg.pdf,
DA3188790,leeg.pdf,
DA3973797,leeg.pdf,
DA3722428,leeg.pdf,
DA3163767,leeg.pdf,
DA3863956,leeg.pdf,
DA3364630,leeg.pdf,
DA3742963,leeg.pdf,
DA3293021,leeg.pdf,
DA3089701,leeg.pdf,
DA3116104,leeg.pdf,
DA3986824,leeg.pdf,
DA3329825,leeg.pdf,
DA3137882,leeg.pdf,
DA3963293,leeg.pdf,
DA3849198,leeg.pdf,
DA3729291,leeg.pdf,
DA3780973,leeg.pdf,
DA3092176,leeg.pdf,
DA3303615,leeg.pdf,
DA3781300,leeg.pdf,
DA3986501,leeg.pdf,
DA3057560,leeg.pdf,
DA3194875,leeg.pdf,
DA3192954,leeg.pdf,
DA3825630,leeg.pdf,
DA3977615,leeg.pdf,
DA3061504,leeg.pdf,
DA3393937,leeg.pdf,
DA3907915,leeg.pdf,
DA3453859,leeg.pdf,
DA3690429,leeg.pdf,
DA3766686,leeg.pdf,
DA3636326,leeg.pdf,
DA3316283,leeg.pdf,
DA3455388,leeg.pdf,
DA3466186,leeg.pdf,
DA3044291,leeg.pdf,
DA3350808,leeg.pdf,
DA3940915,leeg.pdf,
DA3116831,leeg.pdf,
DA3078271,leeg.pdf,
DA3072093,leeg.pdf,
DA3541180,leeg.pdf,
DA3143304,leeg.pdf,
DA3935854,leeg.pdf,
DA3300274,leeg.pdf,
DA3101560,leeg.pdf,
DA3614382,leeg.pdf,
DA3040942,leeg.pdf,
DA3453004,leeg.pdf,
DA3100642,leeg.pdf,
DA3190608,leeg.pdf,
DA3943082,leeg.pdf,
DA3278027,leeg.pdf,
DA3285490,leeg.pdf,
DA3452063,leeg.pdf,
DA3138247,leeg.pdf,
DA3919682,leeg.pdf,
DA3839094,leeg.pdf,
DA3229843,leeg.pdf,
DA3438057,leeg.pdf,
DA3266540,leeg.pdf,
DA3769313,leeg.pdf,
DA3444665,leeg.pdf,
DA3240830,leeg.pdf,
DA3408294,leeg.pdf,
DA3876511,leeg.pdf,
DA3245086,leeg.pdf,
DA3692132,leeg.pdf,
DA3986114,leeg.pdf,
DA3089165,leeg.pdf,
DA3823407,leeg.pdf,
DA3045090,leeg.pdf,
DA3090651,leeg.pdf,
DA3382122,leeg.pdf,
DA3073345,leeg.pdf,
DA3145107,leeg.pdf,
DA3562022,leeg.pdf,
DA3149864,leeg.pdf,
DA3617656,leeg.pdf,
DA3155318,leeg.pdf,
DA3781867,leeg.pdf,
DA3892443,leeg.pdf,
DA3176876,leeg.pdf,
DA3138050,leeg.pdf,
DA3435398,leeg.pdf,
DA3415536,leeg.pdf,
DA3371694,leeg.pdf,
DA3774801,leeg.pdf,
DA3150585,leeg.pdf,
DA3893523,leeg.pdf,
DA3565761,leeg.pdf,
DA3587702,leeg.pdf,
DA3090987,leeg.pdf,
DA3659386,leeg.pdf,
DA3449339,leeg.pdf,
DA3774357,leeg.pdf,
DA3198347,leeg.pdf,
DA3190365,leeg.pdf,
DA3718756,leeg.pdf,
DA3453782,leeg.pdf,
DA3069230,leeg.pdf,
DA3061839,leeg.pdf,
DA3491624,leeg.pdf,
DA3216639,leeg.pdf,
DA3852349,leeg.pdf,
DA3878389,leeg.pdf,
DA3179208,leeg.pdf,
DA3271785,leeg.pdf,
DA3256074,leeg.pdf,
DA3331374,leeg.pdf,
DA3083977,leeg.pdf,
DA3335538,leeg.pdf,
DA3541119,leeg.pdf,
DA3196162,leeg.pdf,
DA3978211,leeg.pdf,
DA3757372,leeg.pdf,
DA3711142,leeg.pdf,
DA3704856,leeg.pdf,
DA3622963,leeg.pdf,
DA3174613,leeg.pdf,
DA3069816,leeg.pdf,
DA3369610,leeg.pdf,
DA3051914,leeg.pdf,
DA3727867,leeg.pdf,
DA3153510,leeg.pdf,
DA3751023,leeg.pdf,
DA3605748,leeg.pdf,
DA3579104,leeg.pdf,
DA3987029,leeg.pdf,
DA3119529,leeg.pdf,
DA3233769,leeg.pdf,
DA3688688,leeg.pdf,
DA3973755,leeg.pdf,
DA3072130,leeg.pdf,
DA3769299,leeg.pdf,
DA3149215,leeg.pdf,
DA3354422,leeg.pdf,
DA3117397,leeg.pdf,
DA3473707,leeg.pdf,
DA3819875,leeg.pdf,
DA3179550,leeg.pdf,
DA3858433,leeg.pdf,
DA3574944,leeg.pdf,
DA3612491,leeg.pdf,
DA3397373,leeg.pdf,
DA3149905,leeg.pdf,
DA3643173,leeg.pdf,
DA3290265,leeg.pdf,
DA3371895,leeg.pdf,
DA3136564,leeg.pdf,
DA3093028,leeg.pdf,
DA3071532,leeg.pdf,
DA3794097,leeg.pdf,
DA3577107,leeg.pdf,
DA3204442,leeg.pdf,
DA3706138,leeg.pdf,
DA3722363,leeg.pdf,
DA3581861,leeg.pdf,
DA3269686,leeg.pdf,
DA3805491,leeg.pdf,
DA3932602,leeg.pdf,
DA3143816,leeg.pdf,
DA3981570,leeg.pdf,
DA3468034,leeg.pdf,
DA3384353,leeg.pdf,
DA3240438,leeg.pdf,
DA3431029,leeg.pdf,
DA3664530,leeg.pdf,
DA3402386,leeg.pdf,
DA3181577,leeg.pdf,
DA3998950,leeg.pdf,
DA3186133,leeg.pdf,
DA3440613,leeg.pdf,
DA3118888,leeg.pdf,
DA3116365,leeg.pdf,
DA3091519,leeg.pdf,
DA3291478,leeg.pdf,
DA3658270,leeg.pdf,
DA3950371,leeg.pdf,
DA3225126,leeg.pdf,
DA3931715,leeg.pdf,
DA3165340,leeg.pdf,
DA3245344,leeg.pdf,
DA3094820,leeg.pdf,
DA3265872,leeg.pdf,
DA3881030,leeg.pdf,
DA3666599,leeg.pdf,
DA3147201,leeg.pdf,
DA3304274,leeg.pdf,
DA3863982,leeg.pdf,
DA3329559,leeg.pdf,
DA3221121,leeg.pdf,
DA3308680,leeg.pdf,
DA3067989,leeg.pdf,
DA3156825,leeg.pdf,
DA3940328,leeg.pdf,
DA3345428,leeg.pdf,
DA3080695,leeg.pdf,
DA3120694,leeg.pdf,
DA3047992,leeg.pdf,
DA3208438,leeg.pdf,
DA3029138,leeg.pdf,
DA3055940,leeg.pdf,
DA3300225,leeg.pdf,
DA3306717,leeg.pdf,
DA3350969,leeg.pdf,
DA3474004,leeg.pdf,
DA3136328,leeg.pdf,
DA3680698,leeg.pdf,
DA3106273,leeg.pdf,
DA3765461,leeg.pdf,
DA3709592,leeg.pdf,
DA3254137,leeg.pdf,
DA3797248,leeg.pdf,
DA3692400,leeg.pdf,
DA3108240,leeg.pdf,
DA3295113,leeg.pdf,
DA3877402,leeg.pdf,
DA3494933,leeg.pdf,
DA3378636,leeg.pdf,
DA3515708,leeg.pdf,
DA3818827,leeg.pdf,
DA3674823,leeg.pdf,
DA3984340,leeg.pdf,
DA3261209,leeg.pdf,
DA3805447,leeg.pdf,
DA3483054,leeg.pdf,
DA3280118,leeg.pdf,
DA3235717,leeg.pdf,
DA3513422,leeg.pdf,
DA3524884,leeg.pdf,
DA3659911,leeg.pdf,
DA3073493,leeg.pdf,
DA3972477,leeg.pdf,
DA3311926,leeg.pdf,
DA3793846,leeg.pdf,
DA3772594,leeg.pdf,
DA3889012,leeg.pdf,
DA3741145,leeg.pdf,
DA3252980,leeg.pdf,
DA3966561,leeg.pdf,
DA3425540,leeg.pdf,
DA3293768,leeg.pdf,
DA3605669,leeg.pdf,
DA3677134,leeg.pdf,
DA3980251,leeg.pdf,
DA3673477,leeg.pdf,
DA3430090,leeg.pdf,
DA3206853,leeg.pdf,
DA3174471,leeg.pdf,
DA3233445,leeg.pdf,
DA3807861,leeg.pdf,
DA3475594,leeg.pdf,
DA3098733,leeg.pdf,
DA3326028,leeg.pdf,
DA3390833,leeg.pdf,
DA3495190,leeg.pdf,
DA3085633,leeg.pdf,
DA3118641,leeg.pdf,
DA3298440,leeg.pdf,
DA3704175,leeg.pdf,
DA3207389,leeg.pdf,
DA3314695,leeg.pdf,
DA3153040,leeg.pdf,
DA3262854,leeg.pdf,
DA3980587,leeg.pdf,
DA3336609,leeg.pdf,
DA3445521,leeg.pdf,
DA3537970,leeg.pdf,
DA3400528,leeg.pdf,
DA3457089,leeg.pdf,
DA3657427,leeg.pdf,
DA3137203,leeg.pdf,
DA3591858,leeg.pdf,
DA3755502,leeg.pdf,
DA3127123,leeg.pdf,
DA3137566,leeg.pdf,
DA3280222,leeg.pdf,
DA3195957,leeg.pdf,
DA3472252,leeg.pdf,
DA3430875,leeg.pdf,
DA3354260,leeg.pdf,
DA3638607,leeg.pdf,
DA3140462,leeg.pdf,
DA3393193,leeg.pdf,
DA3887323,leeg.pdf,
DA3939383,leeg.pdf,
DA3079852,leeg.pdf,
DA3075954,leeg.pdf,
DA3945731,leeg.pdf,
DA3345991,leeg.pdf,
DA3163125,leeg.pdf,
DA3218574,leeg.pdf,
DA3206031,leeg.pdf,
DA3791639,leeg.pdf,
DA3271760,leeg.pdf,
DA3044909,leeg.pdf,
DA3606536,leeg.pdf,
DA3703399,leeg.pdf,
DA3074385,leeg.pdf,
DA3808858,leeg.pdf,
DA3282068,leeg.pdf,
DA3154714,leeg.pdf,
DA3057230,leeg.pdf,
DA3075972,leeg.pdf,
DA3903736,leeg.pdf,
DA3026788,leeg.pdf,
DA3612388,leeg.pdf,
DA3267021,leeg.pdf,
DA3113418,leeg.pdf,
DA3812405,leeg.pdf,
DA3643529,leeg.pdf,
DA3076025,leeg.pdf,
DA3038507,leeg.pdf,
DA3405986,leeg.pdf,
DA3445115,leeg.pdf,
DA3053868,leeg.pdf,
DA3220745,leeg.pdf,
DA3552574,leeg.pdf,
DA3137124,leeg.pdf,
DA3921225,leeg.pdf,
DA3804984,leeg.pdf,
DA3325839,leeg.pdf,
DA3961514,leeg.pdf,
DA3598828,leeg.pdf,
DA3112970,leeg.pdf,
DA3650177,leeg.pdf,
DA3037254,leeg.pdf,
DA3405458,leeg.pdf,
DA3696626,leeg.pdf,
DA3722104,leeg.pdf,
DA3284099,leeg.pdf,
DA3617337,leeg.pdf,
DA3357386,leeg.pdf,
DA3606371,leeg.pdf,
DA3796271,leeg.pdf,
DA3205322,leeg.pdf,
DA3449657,leeg.pdf,
DA3142099,leeg.pdf,
DA3726090,leeg.pdf,
DA3100528,leeg.pdf,
DA3324588,leeg.pdf,
DA3851134,leeg.pdf,
DA3858046,leeg.pdf,
DA3705622,leeg.pdf,
DA3075236,leeg.pdf,
DA3562636,leeg.pdf,
DA3063911,leeg.pdf,
DA3350415,leeg.pdf,
DA3368591,leeg.pdf,
DA3191064,leeg.pdf,
DA3137073,leeg.pdf,
DA3589932,leeg.pdf,
DA3223300,leeg.pdf,
DA3727960,leeg.pdf,
DA3635537,leeg.pdf,
DA3757827,leeg.pdf,
DA3766586,leeg.pdf,
DA3341631,leeg.pdf,
DA3853464,leeg.pdf,
DA3753603,leeg.pdf,
DA3597629,leeg.pdf,
DA3669300,leeg.pdf,
DA3157890,leeg.pdf,
DA3239784,leeg.pdf,
DA3200666,leeg.pdf,
DA3117956,leeg.pdf,
DA3231962,leeg.pdf,
DA3190929,leeg.pdf,
DA3041418,leeg.pdf,
DA3479599,leeg.pdf,
DA3552284,leeg.pdf,
DA3135402,leeg.pdf,
DA3100674,leeg.pdf,
DA3347480,leeg.pdf,
DA3051494,leeg.pdf,
DA3201513,leeg.pdf,
DA3236292,leeg.pdf,
DA3032901,leeg.pdf,
DA3727007,leeg.pdf,
DA3070732,leeg.pdf,
DA3242964,leeg.pdf,
DA3059796,leeg.pdf,
DA3692398,leeg.pdf,
DA3663578,leeg.pdf,
DA3257221,leeg.pdf,
DA3637078,leeg.pdf,
DA3665561,leeg.pdf,
DA3121900,leeg.pdf,
DA3987547,leeg.pdf,
DA3713630,leeg.pdf,
DA3103066,leeg.pdf,
DA3531352,leeg.pdf,
DA3961529,leeg.pdf,
DA3641066,leeg.pdf,
DA3250533,leeg.pdf,
DA3184132,leeg.pdf,
DA3227751,leeg.pdf,
DA3162754,leeg.pdf,
DA3928382,leeg.pdf,
DA3981461,leeg.pdf,
DA3075783,leeg.pdf,
DA3064525,leeg.pdf,
DA3175910,leeg.pdf,
DA3774197,leeg.pdf,
DA3160175,leeg.pdf,
DA3932488,leeg.pdf,
DA3929408,leeg.pdf,
DA3714197,leeg.pdf,
DA3326787,leeg.pdf,
DA3201706,leeg.pdf,
DA3239896,leeg.pdf,
DA3759894,leeg.pdf,
DA3313365,leeg.pdf,
DA3817803,leeg.pdf,
DA3765099,leeg.pdf,
DA3508477,leeg.pdf,
DA3414754,leeg.pdf,
DA3048355,leeg.pdf,
DA3601827,leeg.pdf,
DA3673675,leeg.pdf,
DA3944520,leeg.pdf,
DA3581887,leeg.pdf,
DA3180140,leeg.pdf,
DA3589552,leeg.pdf,
DA3651563,leeg.pdf,
DA3699925,leeg.pdf,
DA3044958,leeg.pdf,
DA3716440,leeg.pdf,
DA3078482,leeg.pdf,
DA3975221,leeg.pdf,
DA3870034,leeg.pdf,
DA3956734,leeg.pdf,
DA3810050,leeg.pdf,
DA3028480,leeg.pdf,
DA3068451,leeg.pdf,
DA3650774,leeg.pdf,
DA3828637,leeg.pdf,
DA3044661,leeg.pdf,
DA3564182,leeg.pdf,
DA3308672,leeg.pdf,
DA3470477,leeg.pdf,
DA3141571,leeg.pdf,
DA3054826,leeg.pdf,
DA3243578,leeg.pdf,
DA3817361,leeg.pdf,
DA3544965,leeg.pdf,
DA3856469,leeg.pdf,
DA3894016,leeg.pdf,
DA3156289,leeg.pdf,
DA3915165,leeg.pdf,
DA3734438,leeg.pdf,
DA3550500,leeg.pdf,
DA3789974,leeg.pdf,
DA3645201,leeg.pdf,
DA3225103,leeg.pdf,
DA3607521,leeg.pdf,
DA3035581,leeg.pdf,
DA3222954,leeg.pdf,
DA3197532,leeg.pdf,
DA3105773,leeg.pdf,
DA3583298,leeg.pdf,
DA3536266,leeg.pdf,
DA3551550,leeg.pdf,
DA3955235,leeg.pdf,
DA3155726,leeg.pdf,
DA3486340,leeg.pdf,
DA3319945,leeg.pdf,
DA3451819,leeg.pdf,
DA3580124,leeg.pdf,
DA3428580,leeg.pdf,
DA3326642,leeg.pdf,
DA3693525,leeg.pdf,
DA3232916,leeg.pdf,
DA3954936,leeg.pdf,
DA3710011,leeg.pdf,
DA3063251,leeg.pdf,
DA3355761,leeg.pdf,
DA3213300,leeg.pdf,
DA3823923,leeg.pdf,
DA3835691,leeg.pdf,
DA3912063,leeg.pdf,
DA3099665,leeg.pdf,
DA3160141,leeg.pdf,
DA3436929,leeg.pdf,
DA3062777,leeg.pdf,
DA3092652,leeg.pdf,
DA3657254,leeg.pdf,
DA3129050,leeg.pdf,
DA3758396,leeg.pdf,
DA3171677,leeg.pdf,
DA3200844,leeg.pdf,
DA3547441,leeg.pdf,
DA3220245,leeg.pdf,
DA3031219,leeg.pdf,
DA3876423,leeg.pdf,
DA3057303,leeg.pdf,
DA3688557,leeg.pdf,
DA3347840,leeg.pdf,
DA3708929,leeg.pdf,
DA3242069,leeg.pdf,
DA3769271,leeg.pdf,
DA3398584,leeg.pdf,
DA3136399,leeg.pdf,
DA3469178,leeg.pdf,
DA3269376,leeg.pdf,
DA3557491,leeg.pdf,
DA3361769,leeg.pdf,
DA3363597,leeg.pdf,
DA3609060,leeg.pdf,
DA3733492,leeg.pdf,
DA3755145,leeg.pdf,
DA3281691,leeg.pdf,
DA3204998,leeg.pdf,
DA3363969,leeg.pdf,
DA3081062,leeg.pdf,
DA3919207,leeg.pdf,
DA3183968,leeg.pdf,
DA3365370,leeg.pdf,
DA3196697,leeg.pdf,
DA3852287,leeg.pdf,
DA3636400,leeg.pdf,
DA3065521,leeg.pdf,
DA3990898,leeg.pdf,
DA3161465,leeg.pdf,
DA3234251,leeg.pdf,
DA3751173,leeg.pdf,
DA3320130,leeg.pdf,
DA3169444,leeg.pdf,
DA3695514,leeg.pdf,
DA3551366,leeg.pdf,
DA3166813,leeg.pdf,
DA3201306,leeg.pdf,
DA3083952,leeg.pdf,
DA3150629,leeg.pdf,
DA3325803,leeg.pdf,
DA3141636,leeg.pdf,
DA3063030,leeg.pdf,
DA3919573,leeg.pdf,
DA3450511,leeg.pdf,
DA3517968,leeg.pdf,
DA3276444,leeg.pdf,
DA3072546,leeg.pdf,
DA3252480,leeg.pdf,
DA3297566,leeg.pdf,
DA3769590,leeg.pdf,
DA3608402,leeg.pdf,
DA3240162,leeg.pdf,
DA3734282,leeg.pdf,
DA3077287,leeg.pdf,
DA3798055,leeg.pdf,
DA3562166,leeg.pdf,
DA3163681,leeg.pdf,
DA3285627,leeg.pdf,
DA3376178,leeg.pdf,
DA3255160,leeg.pdf,
DA3067014,leeg.pdf,
DA3754449,leeg.pdf,
DA3629834,leeg.pdf,
DA3565267,leeg.pdf,
DA3404532,leeg.pdf,
DA3098325,leeg.pdf,
DA3396814,leeg.pdf,
DA3068140,leeg.pdf,
DA3266079,leeg.pdf,
DA3438081,leeg.pdf,
DA3505647,leeg.pdf,
DA3161029,leeg.pdf,
DA3367807,leeg.pdf,
DA3228013,leeg.pdf,
DA3419606,leeg.pdf,
DA3629530,leeg.pdf,
DA3269111,leeg.pdf,
DA3140574,leeg.pdf,
DA3922970,leeg.pdf,
DA3162681,leeg.pdf,
DA3140453,leeg.pdf,
DA3470726,leeg.pdf,
DA3804270,leeg.pdf,
DA3287898,leeg.pdf,
DA3775520,leeg.pdf,
DA3370264,leeg.pdf,
DA3470520,leeg.pdf,
DA3311374,leeg.pdf,
DA3029826,leeg.pdf,
DA3570351,leeg.pdf,
DA3040014,leeg.pdf,
DA3133310,leeg.pdf,
DA3869714,leeg.pdf,
DA3449659,leeg.pdf,
DA3955352,leeg.pdf,
DA3699207,leeg.pdf,
DA3609976,leeg.pdf,
DA3345894,leeg.pdf,
DA3715077,leeg.pdf,
DA3160806,leeg.pdf,
DA3053200,leeg.pdf,
DA3655122,leeg.pdf,
DA3086675,leeg.pdf,
DA3081783,leeg.pdf,
DA3368362,leeg.pdf,
DA3324830,leeg.pdf,
DA3051487,leeg.pdf,
DA3817438,leeg.pdf,
DA3431564,leeg.pdf,
DA3327653,leeg.pdf,
DA3875173,leeg.pdf,
DA3545215,leeg.pdf,
DA3728483,leeg.pdf,
DA3665874,leeg.pdf,
DA3187863,leeg.pdf,
DA3352810,leeg.pdf,
DA3805157,leeg.pdf,
DA3236874,leeg.pdf,
DA3494507,leeg.pdf,
DA3543111,leeg.pdf,
DA3358627,leeg.pdf,
DA3369719,leeg.pdf,
DA3112029,leeg.pdf,
DA3174824,leeg.pdf,
DA3596858,leeg.pdf,
DA3397591,leeg.pdf,
DA3214413,leeg.pdf,
DA3824493,leeg.pdf,
DA3431335,leeg.pdf,
DA3301886,leeg.pdf,
DA3301981,leeg.pdf,
DA3245653,leeg.pdf,
DA3606537,leeg.pdf,
DA3835019,leeg.pdf,
DA3149670,leeg.pdf,
DA3569793,leeg.pdf,
DA3770882,leeg.pdf,
DA3145355,leeg.pdf,
DA3532003,leeg.pdf,
DA3359332,leeg.pdf,
DA3114880,leeg.pdf,
DA3209781,leeg.pdf,
DA3478222,leeg.pdf,
DA3900225,leeg.pdf,
DA3264005,leeg.pdf,
DA3699395,leeg.pdf,
DA3126501,leeg.pdf,
DA3990423,leeg.pdf,
DA3845063,leeg.pdf,
DA3483854,leeg.pdf,
DA3295022,leeg.pdf,
DA3850412,leeg.pdf,
DA3383062,leeg.pdf,
DA3240482,leeg.pdf,
DA3510868,leeg.pdf,
DA3061925,leeg.pdf,
DA3943039,leeg.pdf,
DA3493659,leeg.pdf,
DA3058890,leeg.pdf,
DA3418247,leeg.pdf,
DA3083241,leeg.pdf,
DA3990815,leeg.pdf,
DA3292639,leeg.pdf,
DA3837291,leeg.pdf,
DA3349886,leeg.pdf,
DA3348082,leeg.pdf,
DA3705306,leeg.pdf,
DA3487022,leeg.pdf,
DA3662666,leeg.pdf,
DA3152425,leeg.pdf,
DA3375970,leeg.pdf,
DA3424747,leeg.pdf,
DA3089510,leeg.pdf,
DA3754902,leeg.pdf,
DA3611021,leeg.pdf,
DA3779347,leeg.pdf,
DA3504691,leeg.pdf,
DA3551494,leeg.pdf,
DA3529020,leeg.pdf,
DA3291813,leeg.pdf,
DA3565804,leeg.pdf,
DA3750920,leeg.pdf,
DA3778032,leeg.pdf,
DA3281930,leeg.pdf,
DA3264750,leeg.pdf,
DA3752317,leeg.pdf,
DA3092658,leeg.pdf,
DA3788418,leeg.pdf,
DA3457418,leeg.pdf,
DA3068032,leeg.pdf,
DA3323149,leeg.pdf,
DA3652204,leeg.pdf,
DA3661580,leeg.pdf,
DA3188671,leeg.pdf,
DA3268873,leeg.pdf,
DA3070954,leeg.pdf,
DA3239152,leeg.pdf,
DA3384936,leeg.pdf,
DA3596471,leeg.pdf,
DA3886126,leeg.pdf,
DA3990781,leeg.pdf,
DA3549474,leeg.pdf,
DA3749739,leeg.pdf,
DA3722296,leeg.pdf,
DA3277828,leeg.pdf,
DA3415972,leeg.pdf,
DA3069705,leeg.pdf,
DA3293406,leeg.pdf,
DA3424781,leeg.pdf,
DA3250657,leeg.pdf,
DA3038532,leeg.pdf,
DA3385887,leeg.pdf,
DA3465223,leeg.pdf,
DA3515544,leeg.pdf,
DA3098188,leeg.pdf,
DA3090138,leeg.pdf,
DA3880808,leeg.pdf,
DA3894387,leeg.pdf,
DA3208559,leeg.pdf,
DA3096070,leeg.pdf,
DA3282265,leeg.pdf,
DA3702158,leeg.pdf,
DA3895374,leeg.pdf,
DA3688053,leeg.pdf,
DA3058634,leeg.pdf,
DA3477838,leeg.pdf,
DA3398257,leeg.pdf,
DA3158045,leeg.pdf,
DA3127766,leeg.pdf,
DA3512474,leeg.pdf,
DA3337345,leeg.pdf,
DA3318384,leeg.pdf,
DA3548673,leeg.pdf,
DA3163864,leeg.pdf,
DA3031257,leeg.pdf,
DA3207783,leeg.pdf,
DA3366436,leeg.pdf,
DA3268575,leeg.pdf,
DA3887242,leeg.pdf,
DA3688737,leeg.pdf,
DA3571284,leeg.pdf,
DA3214819,leeg.pdf,
DA3698265,leeg.pdf,
DA3272600,leeg.pdf,
DA3766534,leeg.pdf,
DA3213241,leeg.pdf,
DA3150970,leeg.pdf,
DA3466311,leeg.pdf,
DA3912536,leeg.pdf,
DA3282573,leeg.pdf,
DA3056565,leeg.pdf,
DA3456542,leeg.pdf,
DA3793133,leeg.pdf,
DA3772797,leeg.pdf,
DA3350979,leeg.pdf,
DA3656700,leeg.pdf,
DA3785577,leeg.pdf,
DA3474734,leeg.pdf,
DA3051807,leeg.pdf,
DA3813425,leeg.pdf,
DA3632309,leeg.pdf,
DA3489194,leeg.pdf,
DA3476960,leeg.pdf,
DA3964546,leeg.pdf,
DA3589377,leeg.pdf,
DA3588535,leeg.pdf,
DA3652970,leeg.pdf,
DA3582107,leeg.pdf,
DA3481045,leeg.pdf,
DA3121795,leeg.pdf,
DA3129586,leeg.pdf,
DA3850949,leeg.pdf,
DA3464925,leeg.pdf,
DA3295158,leeg.pdf,
DA3252409,leeg.pdf,
DA3865070,leeg.pdf,
DA3079987,leeg.pdf,
DA3306464,leeg.pdf,
DA3477494,leeg.pdf,
DA3284799,leeg.pdf,
DA3922232,leeg.pdf,
DA3269046,leeg.pdf,
DA3422895,leeg.pdf,
DA3347947,leeg.pdf,
DA3537162,leeg.pdf,
DA3227937,leeg.pdf,
DA3965698,leeg.pdf,
DA3956865,leeg.pdf,
DA3408873,leeg.pdf,
DA3400709,leeg.pdf,
DA3343965,leeg.pdf,
DA3486598,leeg.pdf,
DA3818301,leeg.pdf,
DA3037226,leeg.pdf,
DA3059990,leeg.pdf,
DA3472772,leeg.pdf,
DA3474615,leeg.pdf,
DA3474655,leeg.pdf,
DA3987556,leeg.pdf,
DA3928034,leeg.pdf,
DA3254437,leeg.pdf,
DA3174657,leeg.pdf,
DA3314971,leeg.pdf,
DA3321935,leeg.pdf,
DA3448930,leeg.pdf,
DA3538574,leeg.pdf,
DA3497295,leeg.pdf,
DA3290003,leeg.pdf,
DA3847999,leeg.pdf,
DA3723757,leeg.pdf,
DA3677146,leeg.pdf,
DA3712890,leeg.pdf,
DA3924478,leeg.pdf,
DA3707346,leeg.pdf,
DA3094577,leeg.pdf,
DA3233661,leeg.pdf,
DA3414753,leeg.pdf,
DA3087581,leeg.pdf,
DA3204155,leeg.pdf,
DA3514541,leeg.pdf,
DA3306643,leeg.pdf,
DA3127305,leeg.pdf,
DA3166082,leeg.pdf,
DA3113600,leeg.pdf,
DA3899373,leeg.pdf,
DA3400980,leeg.pdf,
DA3086270,leeg.pdf,
DA3679767,leeg.pdf,
DA3223162,leeg.pdf,
DA3042957,leeg.pdf,
DA3306413,leeg.pdf,
DA3177423,leeg.pdf,
DA3570512,leeg.pdf,
DA3604995,leeg.pdf,
DA3529307,leeg.pdf,
DA3815803,leeg.pdf,
DA3385667,leeg.pdf,
DA3090922,leeg.pdf,
DA3485192,leeg.pdf,
DA3118707,leeg.pdf,
DA3154036,leeg.pdf,
DA3443453,leeg.pdf,
DA3066915,leeg.pdf,
DA3331221,leeg.pdf,
DA3702439,leeg.pdf,
DA3147352,leeg.pdf,
DA3964687,leeg.pdf,
DA3343253,leeg.pdf,
DA3073825,leeg.pdf,
DA3113974,leeg.pdf,
DA3404266,leeg.pdf,
DA3096123,leeg.pdf,
DA3201773,leeg.pdf,
DA3908689,leeg.pdf,
DA3467022,leeg.pdf,
DA3485937,leeg.pdf,
DA3919039,leeg.pdf,
DA3933517,leeg.pdf,
DA3753171,leeg.pdf,
DA3503438,leeg.pdf,
DA3831009,leeg.pdf,
DA3277023,leeg.pdf,
DA3927395,leeg.pdf,
DA3102186,leeg.pdf,
DA3638938,leeg.pdf,
DA3499904,leeg.pdf,
DA3046727,leeg.pdf,
DA3772542,leeg.pdf,
DA3348958,leeg.pdf,
DA3547590,leeg.pdf,
DA3157789,leeg.pdf,
DA3693463,leeg.pdf,
DA3155654,leeg.pdf,
DA3434713,leeg.pdf,
DA3041336,leeg.pdf,
DA3236613,leeg.pdf,
DA3743258,leeg.pdf,
DA3149985,leeg.pdf,
DA3261776,leeg.pdf,
DA3706512,leeg.pdf,
DA3460236,leeg.pdf,
DA3240674,leeg.pdf,
DA3492698,leeg.pdf,
DA3603111,leeg.pdf,
DA3378665,leeg.pdf,
DA3203882,leeg.pdf,
DA3358543,leeg.pdf,
DA3225022,leeg.pdf,
DA3102142,leeg.pdf,
DA3150410,leeg.pdf,
DA3085999,leeg.pdf,
DA3891236,leeg.pdf,
DA3575559,leeg.pdf,
DA3474737,leeg.pdf,
DA3976438,leeg.pdf,
DA3277964,leeg.pdf,
DA3471380,leeg.pdf,
DA3823844,leeg.pdf,
DA3062689,leeg.pdf,
DA3812461,leeg.pdf,
DA3085461,leeg.pdf,
DA3594883,leeg.pdf,
DA3121227,leeg.pdf,
DA3398120,leeg.pdf,
DA3892287,leeg.pdf,
DA3061818,leeg.pdf,
DA3366491,leeg.pdf,
DA3718952,leeg.pdf,
DA3038694,leeg.pdf,
DA3098831,leeg.pdf,
DA3111796,leeg.pdf,
DA3826301,leeg.pdf,
DA3657200,leeg.pdf,
