kolom_1,pdf_1,omschrijving_1,kolom_2,pdf_2,omschrijving_2,kolom_3,pdf_3,omschrijving_3,kolom_4,pdf_4,omschrijving_4,kolom_5,pdf_5,omschrijving_5,kolom_6,pdf_6,omschrijving_6,kolom_7,pdf_7,omschrijving_7,kolom_8,pdf_8,omschrijving_8,kolom_9,pdf_9,omschrijving_9,kolom_10,pdf_10,omschrijving_10,kolom_11,pdf_11,omschrijving_11,kolom_12,pdf_12,omschrijving_12,kolom_13,pdf_13,omschrijving_13,kolom_14,pdf_14,omschrijving_14,kolom_15,pdf_15,omschrijving_15
.,stans.pdf,,.,stans.pdf,,.,stans.pdf,,.,stans.pdf,,.,stans.pdf,,.,stans.pdf,,.,stans.pdf,,.,stans.pdf,,.,stans.pdf,,.,stans.pdf,,.,stans.pdf,,.,stans.pdf,,.,stans.pdf,,.,stans.pdf,,.,stans.pdf,
.,stans.pdf,,.,stans.pdf,,.,stans.pdf,,.,stans.pdf,,.,stans.pdf,,.,stans.pdf,,.,stans.pdf,,.,stans.pdf,,.,stans.pdf,,.,stans.pdf,,.,stans.pdf,,.,stans.pdf,,.,stans.pdf,,.,stans.pdf,,.,stans.pdf,
.,stans.pdf,rol_1351 DA3474917 t/m DA3138100 2500 etiketten,.,stans.pdf,rol_1352 DA3133647 t/m DA3302199 2500 etiketten,.,stans.pdf,rol_1353 DA3316538 t/m DA3751550 2500 etiketten,.,stans.pdf,rol_1354 DA3462192 t/m DA3572101 2500 etiketten,.,stans.pdf,rol_1355 DA3533423 t/m DA3657737 2500 etiketten,.,stans.pdf,rol_1356 DA3986933 t/m DA3134152 2500 etiketten,.,stans.pdf,rol_1357 DA3417918 t/m DA3601126 2500 etiketten,.,stans.pdf,rol_1358 DA3543653 t/m DA3201407 2500 etiketten,.,stans.pdf,rol_1359 DA3158984 t/m DA3318873 2500 etiketten,.,stans.pdf,rol_1360 DA3421480 t/m DA3093502 2500 etiketten,.,stans.pdf,rol_1361 DA3334267 t/m DA3410005 2500 etiketten,.,stans.pdf,rol_1362 DA3567120 t/m DA3699442 2500 etiketten,.,stans.pdf,rol_1363 DA3291027 t/m DA3167290 2500 etiketten,.,stans.pdf,rol_1364 DA3530203 t/m DA3302616 2500 etiketten,.,stans.pdf,rol_1365 DA3660228 t/m DA3086065 2500 etiketten
.,stans.pdf,,.,stans.pdf,,.,stans.pdf,,.,stans.pdf,,.,stans.pdf,,.,stans.pdf,,.,stans.pdf,,.,stans.pdf,,.,stans.pdf,,.,stans.pdf,,.,stans.pdf,,.,stans.pdf,,.,stans.pdf,,.,stans.pdf,,.,stans.pdf,
.,stans.pdf,,.,stans.pdf,,.,stans.pdf,,.,stans.pdf,,.,stans.pdf,,.,stans.pdf,,.,stans.pdf,,.,stans.pdf,,.,stans.pdf,,.,stans.pdf,,.,stans.pdf,,.,stans.pdf,,.,stans.pdf,,.,stans.pdf,,.,stans.pdf,
.,stans.pdf,,.,stans.pdf,,.,stans.pdf,,.,stans.pdf,,.,stans.pdf,,.,stans.pdf,,.,stans.pdf,,.,stans.pdf,,.,stans.pdf,,.,stans.pdf,,.,stans.pdf,,.,stans.pdf,,.,stans.pdf,,.,stans.pdf,,.,stans.pdf,
.,stans.pdf,,.,stans.pdf,,.,stans.pdf,,.,stans.pdf,,.,stans.pdf,,.,stans.pdf,,.,stans.pdf,,.,stans.pdf,,.,stans.pdf,,.,stans.pdf,,.,stans.pdf,,.,stans.pdf,,.,stans.pdf,,.,stans.pdf,,.,stans.pdf,
.,stans.pdf,,.,stans.pdf,,.,stans.pdf,,.,stans.pdf,,.,stans.pdf,,.,stans.pdf,,.,stans.pdf,,.,stans.pdf,,.,stans.pdf,,.,stans.pdf,,.,stans.pdf,,.,stans.pdf,,.,stans.pdf,,.,stans.pdf,,.,stans.pdf,
.,stans.pdf,,.,stans.pdf,,.,stans.pdf,,.,stans.pdf,,.,stans.pdf,,.,stans.pdf,,.,stans.pdf,,.,stans.pdf,,.,stans.pdf,,.,stans.pdf,,.,stans.pdf,,.,stans.pdf,,.,stans.pdf,,.,stans.pdf,,.,stans.pdf,
.,stans.pdf,,.,stans.pdf,,.,stans.pdf,,.,stans.pdf,,.,stans.pdf,,.,stans.pdf,,.,stans.pdf,,.,stans.pdf,,.,stans.pdf,,.,stans.pdf,,.,stans.pdf,,.,stans.pdf,,.,stans.pdf,,.,stans.pdf,,.,stans.pdf,
.,stans.pdf,,.,stans.pdf,,.,stans.pdf,,.,stans.pdf,,.,stans.pdf,,.,stans.pdf,,.,stans.pdf,,.,stans.pdf,,.,stans.pdf,,.,stans.pdf,,.,stans.pdf,,.,stans.pdf,,.,stans.pdf,,.,stans.pdf,,.,stans.pdf,
.,stans.pdf,,.,stans.pdf,,.,stans.pdf,,.,stans.pdf,,.,stans.pdf,,.,stans.pdf,,.,stans.pdf,,.,stans.pdf,,.,stans.pdf,,.,stans.pdf,,.,stans.pdf,,.,stans.pdf,,.,stans.pdf,,.,stans.pdf,,.,stans.pdf,
.,stans.pdf,,.,stans.pdf,,.,stans.pdf,,.,stans.pdf,,.,stans.pdf,,.,stans.pdf,,.,stans.pdf,,.,stans.pdf,,.,stans.pdf,,.,stans.pdf,,.,stans.pdf,,.,stans.pdf,,.,stans.pdf,,.,stans.pdf,,.,stans.pdf,
.,stans.pdf,,.,stans.pdf,,.,stans.pdf,,.,stans.pdf,,.,stans.pdf,,.,stans.pdf,,.,stans.pdf,,.,stans.pdf,,.,stans.pdf,,.,stans.pdf,,.,stans.pdf,,.,stans.pdf,,.,stans.pdf,,.,stans.pdf,,.,stans.pdf,
.,stans.pdf,,.,stans.pdf,,.,stans.pdf,,.,stans.pdf,,.,stans.pdf,,.,stans.pdf,,.,stans.pdf,,.,stans.pdf,,.,stans.pdf,,.,stans.pdf,,.,stans.pdf,,.,stans.pdf,,.,stans.pdf,,.,stans.pdf,,.,stans.pdf,
.,stans.pdf,,.,stans.pdf,,.,stans.pdf,,.,stans.pdf,,.,stans.pdf,,.,stans.pdf,,.,stans.pdf,,.,stans.pdf,,.,stans.pdf,,.,stans.pdf,,.,stans.pdf,,.,stans.pdf,,.,stans.pdf,,.,stans.pdf,,.,stans.pdf,
.,stans.pdf,,.,stans.pdf,,.,stans.pdf,,.,stans.pdf,,.,stans.pdf,,.,stans.pdf,,.,stans.pdf,,.,stans.pdf,,.,stans.pdf,,.,stans.pdf,,.,stans.pdf,,.,stans.pdf,,.,stans.pdf,,.,stans.pdf,,.,stans.pdf,
.,stans.pdf,,.,stans.pdf,,.,stans.pdf,,.,stans.pdf,,.,stans.pdf,,.,stans.pdf,,.,stans.pdf,,.,stans.pdf,,.,stans.pdf,,.,stans.pdf,,.,stans.pdf,,.,stans.pdf,,.,stans.pdf,,.,stans.pdf,,.,stans.pdf,
.,stans.pdf,,.,stans.pdf,,.,stans.pdf,,.,stans.pdf,,.,stans.pdf,,.,stans.pdf,,.,stans.pdf,,.,stans.pdf,,.,stans.pdf,,.,stans.pdf,,.,stans.pdf,,.,stans.pdf,,.,stans.pdf,,.,stans.pdf,,.,stans.pdf,
.,stans.pdf,,.,stans.pdf,,.,stans.pdf,,.,stans.pdf,,.,stans.pdf,,.,stans.pdf,,.,stans.pdf,,.,stans.pdf,,.,stans.pdf,,.,stans.pdf,,.,stans.pdf,,.,stans.pdf,,.,stans.pdf,,.,stans.pdf,,.,stans.pdf,
.,stans.pdf,,.,stans.pdf,,.,stans.pdf,,.,stans.pdf,,.,stans.pdf,,.,stans.pdf,,.,stans.pdf,,.,stans.pdf,,.,stans.pdf,,.,stans.pdf,,.,stans.pdf,,.,stans.pdf,,.,stans.pdf,,.,stans.pdf,,.,stans.pdf,
.,stans.pdf,,.,stans.pdf,,.,stans.pdf,,.,stans.pdf,,.,stans.pdf,,.,stans.pdf,,.,stans.pdf,,.,stans.pdf,,.,stans.pdf,,.,stans.pdf,,.,stans.pdf,,.,stans.pdf,,.,stans.pdf,,.,stans.pdf,,.,stans.pdf,
DA3474917,leeg.pdf,,DA3133647,leeg.pdf,,DA3316538,leeg.pdf,,DA3462192,leeg.pdf,,DA3533423,leeg.pdf,,DA3986933,leeg.pdf,,DA3417918,leeg.pdf,,DA3543653,leeg.pdf,,DA3158984,leeg.pdf,,DA3421480,leeg.pdf,,DA3334267,leeg.pdf,,DA3567120,leeg.pdf,,DA3291027,leeg.pdf,,DA3530203,leeg.pdf,,DA3660228,leeg.pdf,
DA3970137,leeg.pdf,,DA3134866,leeg.pdf,,DA3300406,leeg.pdf,,DA3246802,leeg.pdf,,DA3968708,leeg.pdf,,DA3080982,leeg.pdf,,DA3440153,leeg.pdf,,DA3069512,leeg.pdf,,DA3171612,leeg.pdf,,DA3161837,leeg.pdf,,DA3282388,leeg.pdf,,DA3207720,leeg.pdf,,DA3296487,leeg.pdf,,DA3950864,leeg.pdf,,DA3156475,leeg.pdf,
DA3718832,leeg.pdf,,DA3744999,leeg.pdf,,DA3888949,leeg.pdf,,DA3526123,leeg.pdf,,DA3041383,leeg.pdf,,DA3519281,leeg.pdf,,DA3252520,leeg.pdf,,DA3878619,leeg.pdf,,DA3571826,leeg.pdf,,DA3952015,leeg.pdf,,DA3627143,leeg.pdf,,DA3799035,leeg.pdf,,DA3378014,leeg.pdf,,DA3093888,leeg.pdf,,DA3340271,leeg.pdf,
DA3581221,leeg.pdf,,DA3235142,leeg.pdf,,DA3960810,leeg.pdf,,DA3686557,leeg.pdf,,DA3363609,leeg.pdf,,DA3670327,leeg.pdf,,DA3338872,leeg.pdf,,DA3271510,leeg.pdf,,DA3057811,leeg.pdf,,DA3124920,leeg.pdf,,DA3160339,leeg.pdf,,DA3868079,leeg.pdf,,DA3231722,leeg.pdf,,DA3454036,leeg.pdf,,DA3489169,leeg.pdf,
DA3491170,leeg.pdf,,DA3544221,leeg.pdf,,DA3202466,leeg.pdf,,DA3520218,leeg.pdf,,DA3926297,leeg.pdf,,DA3186755,leeg.pdf,,DA3071764,leeg.pdf,,DA3364942,leeg.pdf,,DA3064702,leeg.pdf,,DA3246073,leeg.pdf,,DA3107070,leeg.pdf,,DA3297539,leeg.pdf,,DA3479971,leeg.pdf,,DA3500923,leeg.pdf,,DA3567531,leeg.pdf,
DA3111717,leeg.pdf,,DA3403006,leeg.pdf,,DA3462100,leeg.pdf,,DA3058763,leeg.pdf,,DA3518048,leeg.pdf,,DA3179716,leeg.pdf,,DA3568433,leeg.pdf,,DA3111482,leeg.pdf,,DA3454958,leeg.pdf,,DA3516380,leeg.pdf,,DA3214936,leeg.pdf,,DA3668946,leeg.pdf,,DA3235813,leeg.pdf,,DA3772885,leeg.pdf,,DA3757947,leeg.pdf,
DA3963895,leeg.pdf,,DA3669904,leeg.pdf,,DA3736000,leeg.pdf,,DA3850667,leeg.pdf,,DA3427461,leeg.pdf,,DA3382030,leeg.pdf,,DA3153781,leeg.pdf,,DA3930154,leeg.pdf,,DA3672634,leeg.pdf,,DA3520887,leeg.pdf,,DA3644633,leeg.pdf,,DA3782663,leeg.pdf,,DA3332774,leeg.pdf,,DA3779100,leeg.pdf,,DA3717262,leeg.pdf,
DA3138471,leeg.pdf,,DA3553343,leeg.pdf,,DA3990252,leeg.pdf,,DA3156429,leeg.pdf,,DA3372119,leeg.pdf,,DA3042153,leeg.pdf,,DA3421958,leeg.pdf,,DA3461397,leeg.pdf,,DA3936621,leeg.pdf,,DA3911900,leeg.pdf,,DA3341384,leeg.pdf,,DA3165418,leeg.pdf,,DA3391262,leeg.pdf,,DA3357475,leeg.pdf,,DA3074192,leeg.pdf,
DA3393765,leeg.pdf,,DA3689677,leeg.pdf,,DA3133271,leeg.pdf,,DA3493221,leeg.pdf,,DA3561913,leeg.pdf,,DA3624237,leeg.pdf,,DA3617016,leeg.pdf,,DA3475278,leeg.pdf,,DA3768693,leeg.pdf,,DA3755377,leeg.pdf,,DA3170010,leeg.pdf,,DA3280186,leeg.pdf,,DA3883512,leeg.pdf,,DA3861741,leeg.pdf,,DA3729714,leeg.pdf,
DA3123213,leeg.pdf,,DA3722535,leeg.pdf,,DA3384542,leeg.pdf,,DA3049762,leeg.pdf,,DA3622604,leeg.pdf,,DA3406566,leeg.pdf,,DA3285812,leeg.pdf,,DA3347232,leeg.pdf,,DA3193890,leeg.pdf,,DA3151792,leeg.pdf,,DA3286707,leeg.pdf,,DA3549925,leeg.pdf,,DA3489533,leeg.pdf,,DA3318364,leeg.pdf,,DA3591760,leeg.pdf,
DA3470036,leeg.pdf,,DA3150755,leeg.pdf,,DA3027578,leeg.pdf,,DA3327184,leeg.pdf,,DA3104409,leeg.pdf,,DA3665290,leeg.pdf,,DA3215386,leeg.pdf,,DA3035985,leeg.pdf,,DA3144787,leeg.pdf,,DA3097424,leeg.pdf,,DA3859575,leeg.pdf,,DA3609231,leeg.pdf,,DA3041323,leeg.pdf,,DA3461956,leeg.pdf,,DA3985343,leeg.pdf,
DA3251742,leeg.pdf,,DA3298163,leeg.pdf,,DA3946554,leeg.pdf,,DA3457770,leeg.pdf,,DA3080465,leeg.pdf,,DA3610140,leeg.pdf,,DA3634774,leeg.pdf,,DA3719100,leeg.pdf,,DA3734196,leeg.pdf,,DA3098692,leeg.pdf,,DA3212434,leeg.pdf,,DA3103577,leeg.pdf,,DA3500949,leeg.pdf,,DA3789909,leeg.pdf,,DA3672360,leeg.pdf,
DA3559525,leeg.pdf,,DA3399635,leeg.pdf,,DA3964305,leeg.pdf,,DA3522993,leeg.pdf,,DA3665419,leeg.pdf,,DA3401080,leeg.pdf,,DA3187124,leeg.pdf,,DA3070020,leeg.pdf,,DA3388099,leeg.pdf,,DA3248886,leeg.pdf,,DA3242260,leeg.pdf,,DA3108318,leeg.pdf,,DA3098097,leeg.pdf,,DA3273764,leeg.pdf,,DA3340366,leeg.pdf,
DA3133500,leeg.pdf,,DA3218101,leeg.pdf,,DA3669576,leeg.pdf,,DA3188049,leeg.pdf,,DA3858386,leeg.pdf,,DA3307579,leeg.pdf,,DA3080327,leeg.pdf,,DA3514937,leeg.pdf,,DA3091633,leeg.pdf,,DA3997934,leeg.pdf,,DA3223302,leeg.pdf,,DA3923615,leeg.pdf,,DA3637595,leeg.pdf,,DA3931451,leeg.pdf,,DA3126113,leeg.pdf,
DA3866769,leeg.pdf,,DA3041409,leeg.pdf,,DA3808590,leeg.pdf,,DA3148692,leeg.pdf,,DA3096058,leeg.pdf,,DA3763862,leeg.pdf,,DA3202027,leeg.pdf,,DA3302605,leeg.pdf,,DA3125408,leeg.pdf,,DA3586961,leeg.pdf,,DA3585221,leeg.pdf,,DA3950112,leeg.pdf,,DA3820776,leeg.pdf,,DA3161629,leeg.pdf,,DA3230281,leeg.pdf,
DA3119855,leeg.pdf,,DA3654988,leeg.pdf,,DA3152243,leeg.pdf,,DA3237342,leeg.pdf,,DA3630783,leeg.pdf,,DA3923464,leeg.pdf,,DA3736366,leeg.pdf,,DA3273604,leeg.pdf,,DA3734241,leeg.pdf,,DA3814304,leeg.pdf,,DA3468785,leeg.pdf,,DA3975184,leeg.pdf,,DA3469027,leeg.pdf,,DA3273732,leeg.pdf,,DA3719759,leeg.pdf,
DA3661784,leeg.pdf,,DA3287937,leeg.pdf,,DA3692653,leeg.pdf,,DA3664251,leeg.pdf,,DA3897369,leeg.pdf,,DA3623106,leeg.pdf,,DA3152406,leeg.pdf,,DA3072159,leeg.pdf,,DA3951158,leeg.pdf,,DA3217045,leeg.pdf,,DA3674980,leeg.pdf,,DA3308747,leeg.pdf,,DA3246135,leeg.pdf,,DA3980444,leeg.pdf,,DA3908301,leeg.pdf,
DA3288764,leeg.pdf,,DA3091605,leeg.pdf,,DA3103514,leeg.pdf,,DA3957241,leeg.pdf,,DA3687281,leeg.pdf,,DA3052853,leeg.pdf,,DA3511684,leeg.pdf,,DA3645161,leeg.pdf,,DA3482627,leeg.pdf,,DA3961814,leeg.pdf,,DA3398235,leeg.pdf,,DA3254740,leeg.pdf,,DA3425181,leeg.pdf,,DA3040618,leeg.pdf,,DA3079972,leeg.pdf,
DA3821309,leeg.pdf,,DA3064928,leeg.pdf,,DA3367180,leeg.pdf,,DA3735982,leeg.pdf,,DA3249940,leeg.pdf,,DA3580385,leeg.pdf,,DA3151353,leeg.pdf,,DA3915731,leeg.pdf,,DA3268950,leeg.pdf,,DA3537796,leeg.pdf,,DA3081102,leeg.pdf,,DA3679937,leeg.pdf,,DA3385906,leeg.pdf,,DA3702200,leeg.pdf,,DA3540240,leeg.pdf,
DA3436015,leeg.pdf,,DA3837275,leeg.pdf,,DA3415221,leeg.pdf,,DA3112481,leeg.pdf,,DA3490105,leeg.pdf,,DA3039522,leeg.pdf,,DA3879298,leeg.pdf,,DA3558142,leeg.pdf,,DA3665612,leeg.pdf,,DA3316980,leeg.pdf,,DA3640885,leeg.pdf,,DA3407700,leeg.pdf,,DA3835172,leeg.pdf,,DA3962472,leeg.pdf,,DA3271207,leeg.pdf,
DA3082407,leeg.pdf,,DA3650120,leeg.pdf,,DA3614319,leeg.pdf,,DA3671713,leeg.pdf,,DA3075048,leeg.pdf,,DA3341157,leeg.pdf,,DA3283469,leeg.pdf,,DA3432617,leeg.pdf,,DA3374230,leeg.pdf,,DA3790382,leeg.pdf,,DA3712103,leeg.pdf,,DA3924457,leeg.pdf,,DA3472758,leeg.pdf,,DA3597560,leeg.pdf,,DA3778351,leeg.pdf,
DA3071846,leeg.pdf,,DA3719089,leeg.pdf,,DA3294050,leeg.pdf,,DA3319965,leeg.pdf,,DA3129087,leeg.pdf,,DA3116942,leeg.pdf,,DA3094362,leeg.pdf,,DA3068009,leeg.pdf,,DA3188583,leeg.pdf,,DA3199282,leeg.pdf,,DA3240001,leeg.pdf,,DA3188650,leeg.pdf,,DA3878415,leeg.pdf,,DA3607763,leeg.pdf,,DA3116331,leeg.pdf,
DA3772034,leeg.pdf,,DA3222743,leeg.pdf,,DA3082868,leeg.pdf,,DA3627593,leeg.pdf,,DA3812012,leeg.pdf,,DA3237356,leeg.pdf,,DA3939491,leeg.pdf,,DA3305175,leeg.pdf,,DA3575222,leeg.pdf,,DA3056961,leeg.pdf,,DA3601452,leeg.pdf,,DA3405346,leeg.pdf,,DA3548411,leeg.pdf,,DA3413969,leeg.pdf,,DA3714445,leeg.pdf,
DA3044268,leeg.pdf,,DA3527431,leeg.pdf,,DA3818166,leeg.pdf,,DA3878717,leeg.pdf,,DA3444765,leeg.pdf,,DA3114497,leeg.pdf,,DA3238644,leeg.pdf,,DA3403728,leeg.pdf,,DA3840976,leeg.pdf,,DA3144559,leeg.pdf,,DA3270181,leeg.pdf,,DA3878473,leeg.pdf,,DA3473328,leeg.pdf,,DA3590520,leeg.pdf,,DA3907928,leeg.pdf,
DA3549062,leeg.pdf,,DA3253031,leeg.pdf,,DA3626370,leeg.pdf,,DA3533774,leeg.pdf,,DA3504438,leeg.pdf,,DA3313540,leeg.pdf,,DA3626324,leeg.pdf,,DA3807056,leeg.pdf,,DA3225877,leeg.pdf,,DA3160783,leeg.pdf,,DA3648734,leeg.pdf,,DA3223286,leeg.pdf,,DA3317918,leeg.pdf,,DA3538329,leeg.pdf,,DA3219576,leeg.pdf,
DA3300687,leeg.pdf,,DA3867821,leeg.pdf,,DA3114007,leeg.pdf,,DA3655398,leeg.pdf,,DA3159313,leeg.pdf,,DA3126947,leeg.pdf,,DA3836406,leeg.pdf,,DA3341519,leeg.pdf,,DA3583201,leeg.pdf,,DA3541481,leeg.pdf,,DA3065320,leeg.pdf,,DA3081910,leeg.pdf,,DA3117681,leeg.pdf,,DA3203542,leeg.pdf,,DA3274481,leeg.pdf,
DA3477423,leeg.pdf,,DA3992792,leeg.pdf,,DA3152461,leeg.pdf,,DA3504083,leeg.pdf,,DA3070485,leeg.pdf,,DA3287540,leeg.pdf,,DA3658095,leeg.pdf,,DA3372691,leeg.pdf,,DA3518808,leeg.pdf,,DA3439491,leeg.pdf,,DA3342764,leeg.pdf,,DA3758537,leeg.pdf,,DA3059490,leeg.pdf,,DA3768457,leeg.pdf,,DA3950851,leeg.pdf,
DA3532446,leeg.pdf,,DA3153766,leeg.pdf,,DA3999433,leeg.pdf,,DA3288763,leeg.pdf,,DA3248549,leeg.pdf,,DA3222868,leeg.pdf,,DA3214233,leeg.pdf,,DA3462326,leeg.pdf,,DA3177293,leeg.pdf,,DA3940358,leeg.pdf,,DA3472445,leeg.pdf,,DA3398843,leeg.pdf,,DA3394934,leeg.pdf,,DA3150276,leeg.pdf,,DA3365022,leeg.pdf,
DA3125209,leeg.pdf,,DA3285541,leeg.pdf,,DA3625940,leeg.pdf,,DA3577876,leeg.pdf,,DA3735835,leeg.pdf,,DA3835705,leeg.pdf,,DA3133585,leeg.pdf,,DA3069766,leeg.pdf,,DA3141400,leeg.pdf,,DA3151912,leeg.pdf,,DA3097239,leeg.pdf,,DA3663490,leeg.pdf,,DA3849842,leeg.pdf,,DA3284064,leeg.pdf,,DA3076438,leeg.pdf,
DA3224580,leeg.pdf,,DA3058128,leeg.pdf,,DA3644855,leeg.pdf,,DA3042733,leeg.pdf,,DA3323121,leeg.pdf,,DA3804840,leeg.pdf,,DA3227279,leeg.pdf,,DA3561443,leeg.pdf,,DA3329096,leeg.pdf,,DA3434629,leeg.pdf,,DA3065573,leeg.pdf,,DA3755463,leeg.pdf,,DA3357908,leeg.pdf,,DA3435566,leeg.pdf,,DA3169760,leeg.pdf,
DA3073586,leeg.pdf,,DA3859408,leeg.pdf,,DA3449302,leeg.pdf,,DA3325955,leeg.pdf,,DA3698349,leeg.pdf,,DA3661605,leeg.pdf,,DA3125370,leeg.pdf,,DA3266512,leeg.pdf,,DA3517586,leeg.pdf,,DA3232991,leeg.pdf,,DA3891277,leeg.pdf,,DA3097543,leeg.pdf,,DA3640582,leeg.pdf,,DA3048194,leeg.pdf,,DA3188043,leeg.pdf,
DA3479557,leeg.pdf,,DA3788892,leeg.pdf,,DA3045993,leeg.pdf,,DA3137791,leeg.pdf,,DA3454194,leeg.pdf,,DA3153492,leeg.pdf,,DA3990960,leeg.pdf,,DA3275711,leeg.pdf,,DA3964464,leeg.pdf,,DA3681368,leeg.pdf,,DA3089939,leeg.pdf,,DA3424938,leeg.pdf,,DA3778662,leeg.pdf,,DA3100668,leeg.pdf,,DA3109399,leeg.pdf,
DA3269936,leeg.pdf,,DA3083601,leeg.pdf,,DA3136987,leeg.pdf,,DA3596052,leeg.pdf,,DA3170357,leeg.pdf,,DA3510746,leeg.pdf,,DA3139243,leeg.pdf,,DA3083837,leeg.pdf,,DA3449148,leeg.pdf,,DA3633286,leeg.pdf,,DA3507832,leeg.pdf,,DA3245130,leeg.pdf,,DA3102146,leeg.pdf,,DA3203105,leeg.pdf,,DA3856237,leeg.pdf,
DA3920489,leeg.pdf,,DA3195401,leeg.pdf,,DA3486695,leeg.pdf,,DA3321555,leeg.pdf,,DA3084832,leeg.pdf,,DA3380609,leeg.pdf,,DA3115164,leeg.pdf,,DA3570895,leeg.pdf,,DA3223497,leeg.pdf,,DA3961205,leeg.pdf,,DA3054112,leeg.pdf,,DA3717749,leeg.pdf,,DA3798530,leeg.pdf,,DA3558186,leeg.pdf,,DA3090749,leeg.pdf,
DA3904564,leeg.pdf,,DA3539352,leeg.pdf,,DA3151167,leeg.pdf,,DA3487219,leeg.pdf,,DA3378816,leeg.pdf,,DA3779387,leeg.pdf,,DA3194620,leeg.pdf,,DA3419819,leeg.pdf,,DA3788268,leeg.pdf,,DA3578861,leeg.pdf,,DA3059853,leeg.pdf,,DA3516343,leeg.pdf,,DA3828797,leeg.pdf,,DA3203130,leeg.pdf,,DA3128293,leeg.pdf,
DA3596512,leeg.pdf,,DA3260644,leeg.pdf,,DA3548056,leeg.pdf,,DA3080231,leeg.pdf,,DA3046397,leeg.pdf,,DA3610502,leeg.pdf,,DA3474481,leeg.pdf,,DA3132708,leeg.pdf,,DA3886662,leeg.pdf,,DA3465732,leeg.pdf,,DA3084445,leeg.pdf,,DA3058291,leeg.pdf,,DA3407097,leeg.pdf,,DA3646493,leeg.pdf,,DA3814896,leeg.pdf,
DA3371181,leeg.pdf,,DA3099007,leeg.pdf,,DA3591671,leeg.pdf,,DA3626311,leeg.pdf,,DA3413246,leeg.pdf,,DA3846550,leeg.pdf,,DA3186326,leeg.pdf,,DA3910360,leeg.pdf,,DA3724536,leeg.pdf,,DA3559311,leeg.pdf,,DA3250045,leeg.pdf,,DA3104810,leeg.pdf,,DA3143149,leeg.pdf,,DA3693970,leeg.pdf,,DA3248335,leeg.pdf,
DA3511841,leeg.pdf,,DA3037819,leeg.pdf,,DA3345553,leeg.pdf,,DA3783433,leeg.pdf,,DA3932462,leeg.pdf,,DA3083882,leeg.pdf,,DA3741245,leeg.pdf,,DA3585333,leeg.pdf,,DA3104352,leeg.pdf,,DA3963665,leeg.pdf,,DA3135785,leeg.pdf,,DA3047684,leeg.pdf,,DA3899884,leeg.pdf,,DA3785912,leeg.pdf,,DA3754648,leeg.pdf,
DA3835990,leeg.pdf,,DA3206641,leeg.pdf,,DA3828106,leeg.pdf,,DA3945426,leeg.pdf,,DA3428725,leeg.pdf,,DA3461155,leeg.pdf,,DA3818289,leeg.pdf,,DA3738834,leeg.pdf,,DA3598331,leeg.pdf,,DA3589464,leeg.pdf,,DA3672387,leeg.pdf,,DA3542355,leeg.pdf,,DA3152261,leeg.pdf,,DA3360621,leeg.pdf,,DA3338247,leeg.pdf,
DA3099336,leeg.pdf,,DA3564707,leeg.pdf,,DA3688668,leeg.pdf,,DA3226987,leeg.pdf,,DA3096367,leeg.pdf,,DA3069487,leeg.pdf,,DA3127902,leeg.pdf,,DA3133213,leeg.pdf,,DA3336613,leeg.pdf,,DA3471595,leeg.pdf,,DA3262149,leeg.pdf,,DA3709963,leeg.pdf,,DA3167239,leeg.pdf,,DA3823065,leeg.pdf,,DA3836218,leeg.pdf,
DA3640981,leeg.pdf,,DA3532921,leeg.pdf,,DA3645533,leeg.pdf,,DA3310231,leeg.pdf,,DA3685566,leeg.pdf,,DA3305761,leeg.pdf,,DA3713183,leeg.pdf,,DA3978574,leeg.pdf,,DA3361736,leeg.pdf,,DA3509539,leeg.pdf,,DA3059227,leeg.pdf,,DA3940038,leeg.pdf,,DA3595868,leeg.pdf,,DA3145756,leeg.pdf,,DA3242785,leeg.pdf,
DA3572180,leeg.pdf,,DA3647491,leeg.pdf,,DA3328224,leeg.pdf,,DA3359974,leeg.pdf,,DA3682666,leeg.pdf,,DA3086085,leeg.pdf,,DA3190762,leeg.pdf,,DA3337363,leeg.pdf,,DA3218540,leeg.pdf,,DA3852645,leeg.pdf,,DA3744741,leeg.pdf,,DA3885921,leeg.pdf,,DA3789950,leeg.pdf,,DA3063059,leeg.pdf,,DA3123906,leeg.pdf,
DA3936412,leeg.pdf,,DA3616635,leeg.pdf,,DA3396678,leeg.pdf,,DA3805279,leeg.pdf,,DA3474860,leeg.pdf,,DA3287397,leeg.pdf,,DA3111811,leeg.pdf,,DA3961310,leeg.pdf,,DA3609382,leeg.pdf,,DA3756520,leeg.pdf,,DA3448526,leeg.pdf,,DA3167077,leeg.pdf,,DA3069981,leeg.pdf,,DA3082860,leeg.pdf,,DA3177016,leeg.pdf,
DA3146750,leeg.pdf,,DA3633763,leeg.pdf,,DA3247102,leeg.pdf,,DA3160876,leeg.pdf,,DA3256826,leeg.pdf,,DA3867051,leeg.pdf,,DA3586279,leeg.pdf,,DA3198738,leeg.pdf,,DA3474416,leeg.pdf,,DA3197223,leeg.pdf,,DA3181121,leeg.pdf,,DA3642316,leeg.pdf,,DA3070261,leeg.pdf,,DA3928124,leeg.pdf,,DA3310728,leeg.pdf,
DA3219267,leeg.pdf,,DA3158118,leeg.pdf,,DA3332070,leeg.pdf,,DA3238930,leeg.pdf,,DA3236788,leeg.pdf,,DA3219902,leeg.pdf,,DA3694291,leeg.pdf,,DA3329592,leeg.pdf,,DA3274959,leeg.pdf,,DA3625907,leeg.pdf,,DA3288957,leeg.pdf,,DA3955302,leeg.pdf,,DA3060903,leeg.pdf,,DA3491308,leeg.pdf,,DA3439547,leeg.pdf,
DA3711595,leeg.pdf,,DA3109320,leeg.pdf,,DA3415583,leeg.pdf,,DA3457936,leeg.pdf,,DA3947991,leeg.pdf,,DA3179754,leeg.pdf,,DA3918855,leeg.pdf,,DA3682690,leeg.pdf,,DA3186816,leeg.pdf,,DA3534296,leeg.pdf,,DA3143664,leeg.pdf,,DA3858089,leeg.pdf,,DA3133202,leeg.pdf,,DA3045141,leeg.pdf,,DA3097048,leeg.pdf,
DA3572967,leeg.pdf,,DA3677751,leeg.pdf,,DA3379056,leeg.pdf,,DA3619741,leeg.pdf,,DA3321012,leeg.pdf,,DA3875160,leeg.pdf,,DA3446894,leeg.pdf,,DA3633274,leeg.pdf,,DA3228225,leeg.pdf,,DA3873294,leeg.pdf,,DA3165888,leeg.pdf,,DA3033037,leeg.pdf,,DA3478820,leeg.pdf,,DA3819267,leeg.pdf,,DA3071547,leeg.pdf,
DA3521043,leeg.pdf,,DA3408406,leeg.pdf,,DA3172778,leeg.pdf,,DA3419040,leeg.pdf,,DA3738143,leeg.pdf,,DA3285293,leeg.pdf,,DA3438930,leeg.pdf,,DA3239713,leeg.pdf,,DA3563279,leeg.pdf,,DA3731125,leeg.pdf,,DA3296133,leeg.pdf,,DA3672967,leeg.pdf,,DA3427960,leeg.pdf,,DA3468454,leeg.pdf,,DA3246190,leeg.pdf,
DA3836140,leeg.pdf,,DA3090359,leeg.pdf,,DA3183930,leeg.pdf,,DA3640142,leeg.pdf,,DA3646708,leeg.pdf,,DA3464696,leeg.pdf,,DA3838152,leeg.pdf,,DA3038609,leeg.pdf,,DA3191682,leeg.pdf,,DA3413011,leeg.pdf,,DA3334437,leeg.pdf,,DA3215463,leeg.pdf,,DA3546322,leeg.pdf,,DA3623019,leeg.pdf,,DA3930254,leeg.pdf,
DA3882809,leeg.pdf,,DA3227835,leeg.pdf,,DA3892486,leeg.pdf,,DA3551853,leeg.pdf,,DA3067722,leeg.pdf,,DA3849810,leeg.pdf,,DA3273152,leeg.pdf,,DA3106790,leeg.pdf,,DA3740286,leeg.pdf,,DA3716988,leeg.pdf,,DA3473318,leeg.pdf,,DA3334318,leeg.pdf,,DA3783475,leeg.pdf,,DA3620369,leeg.pdf,,DA3628810,leeg.pdf,
DA3213507,leeg.pdf,,DA3721334,leeg.pdf,,DA3077626,leeg.pdf,,DA3900925,leeg.pdf,,DA3146284,leeg.pdf,,DA3401591,leeg.pdf,,DA3124994,leeg.pdf,,DA3104534,leeg.pdf,,DA3150894,leeg.pdf,,DA3094617,leeg.pdf,,DA3364596,leeg.pdf,,DA3192407,leeg.pdf,,DA3206043,leeg.pdf,,DA3645120,leeg.pdf,,DA3320426,leeg.pdf,
DA3322507,leeg.pdf,,DA3257511,leeg.pdf,,DA3167007,leeg.pdf,,DA3443798,leeg.pdf,,DA3619248,leeg.pdf,,DA3607801,leeg.pdf,,DA3477383,leeg.pdf,,DA3893138,leeg.pdf,,DA3067275,leeg.pdf,,DA3329075,leeg.pdf,,DA3134827,leeg.pdf,,DA3122734,leeg.pdf,,DA3753665,leeg.pdf,,DA3495589,leeg.pdf,,DA3938228,leeg.pdf,
DA3062178,leeg.pdf,,DA3073316,leeg.pdf,,DA3463160,leeg.pdf,,DA3587049,leeg.pdf,,DA3158754,leeg.pdf,,DA3563476,leeg.pdf,,DA3382792,leeg.pdf,,DA3488295,leeg.pdf,,DA3179890,leeg.pdf,,DA3915218,leeg.pdf,,DA3208241,leeg.pdf,,DA3279305,leeg.pdf,,DA3238134,leeg.pdf,,DA3075563,leeg.pdf,,DA3062748,leeg.pdf,
DA3663915,leeg.pdf,,DA3285513,leeg.pdf,,DA3815704,leeg.pdf,,DA3149484,leeg.pdf,,DA3884015,leeg.pdf,,DA3277281,leeg.pdf,,DA3759122,leeg.pdf,,DA3357500,leeg.pdf,,DA3686831,leeg.pdf,,DA3426795,leeg.pdf,,DA3306009,leeg.pdf,,DA3387166,leeg.pdf,,DA3114355,leeg.pdf,,DA3250629,leeg.pdf,,DA3073910,leeg.pdf,
DA3051197,leeg.pdf,,DA3694144,leeg.pdf,,DA3271954,leeg.pdf,,DA3171932,leeg.pdf,,DA3226917,leeg.pdf,,DA3825424,leeg.pdf,,DA3687095,leeg.pdf,,DA3857462,leeg.pdf,,DA3110887,leeg.pdf,,DA3846670,leeg.pdf,,DA3495381,leeg.pdf,,DA3314043,leeg.pdf,,DA3430137,leeg.pdf,,DA3133999,leeg.pdf,,DA3680453,leeg.pdf,
DA3165128,leeg.pdf,,DA3821460,leeg.pdf,,DA3110087,leeg.pdf,,DA3728133,leeg.pdf,,DA3134841,leeg.pdf,,DA3337753,leeg.pdf,,DA3138060,leeg.pdf,,DA3196483,leeg.pdf,,DA3968094,leeg.pdf,,DA3123063,leeg.pdf,,DA3515003,leeg.pdf,,DA3186745,leeg.pdf,,DA3033569,leeg.pdf,,DA3272446,leeg.pdf,,DA3191656,leeg.pdf,
DA3522239,leeg.pdf,,DA3238920,leeg.pdf,,DA3295583,leeg.pdf,,DA3443394,leeg.pdf,,DA3225318,leeg.pdf,,DA3465116,leeg.pdf,,DA3313445,leeg.pdf,,DA3905594,leeg.pdf,,DA3288570,leeg.pdf,,DA3737893,leeg.pdf,,DA3513410,leeg.pdf,,DA3570821,leeg.pdf,,DA3340204,leeg.pdf,,DA3909023,leeg.pdf,,DA3586584,leeg.pdf,
DA3403660,leeg.pdf,,DA3549336,leeg.pdf,,DA3677505,leeg.pdf,,DA3065236,leeg.pdf,,DA3810483,leeg.pdf,,DA3653771,leeg.pdf,,DA3687505,leeg.pdf,,DA3438653,leeg.pdf,,DA3515675,leeg.pdf,,DA3041310,leeg.pdf,,DA3337202,leeg.pdf,,DA3779706,leeg.pdf,,DA3280621,leeg.pdf,,DA3176600,leeg.pdf,,DA3187295,leeg.pdf,
DA3856158,leeg.pdf,,DA3614234,leeg.pdf,,DA3626442,leeg.pdf,,DA3827070,leeg.pdf,,DA3690802,leeg.pdf,,DA3186732,leeg.pdf,,DA3141769,leeg.pdf,,DA3056819,leeg.pdf,,DA3415129,leeg.pdf,,DA3353762,leeg.pdf,,DA3535250,leeg.pdf,,DA3970175,leeg.pdf,,DA3117411,leeg.pdf,,DA3640492,leeg.pdf,,DA3095916,leeg.pdf,
DA3408239,leeg.pdf,,DA3421082,leeg.pdf,,DA3487312,leeg.pdf,,DA3895495,leeg.pdf,,DA3065741,leeg.pdf,,DA3372688,leeg.pdf,,DA3224899,leeg.pdf,,DA3293325,leeg.pdf,,DA3911865,leeg.pdf,,DA3992527,leeg.pdf,,DA3153529,leeg.pdf,,DA3545007,leeg.pdf,,DA3305727,leeg.pdf,,DA3399728,leeg.pdf,,DA3473187,leeg.pdf,
DA3499192,leeg.pdf,,DA3360232,leeg.pdf,,DA3109084,leeg.pdf,,DA3708523,leeg.pdf,,DA3832817,leeg.pdf,,DA3665574,leeg.pdf,,DA3120056,leeg.pdf,,DA3229872,leeg.pdf,,DA3948086,leeg.pdf,,DA3355200,leeg.pdf,,DA3752551,leeg.pdf,,DA3725772,leeg.pdf,,DA3238094,leeg.pdf,,DA3176285,leeg.pdf,,DA3161280,leeg.pdf,
DA3155670,leeg.pdf,,DA3162017,leeg.pdf,,DA3308007,leeg.pdf,,DA3232794,leeg.pdf,,DA3691788,leeg.pdf,,DA3634387,leeg.pdf,,DA3410745,leeg.pdf,,DA3948902,leeg.pdf,,DA3499020,leeg.pdf,,DA3204418,leeg.pdf,,DA3381369,leeg.pdf,,DA3181131,leeg.pdf,,DA3050879,leeg.pdf,,DA3115304,leeg.pdf,,DA3594159,leeg.pdf,
DA3965134,leeg.pdf,,DA3671770,leeg.pdf,,DA3889236,leeg.pdf,,DA3614928,leeg.pdf,,DA3090244,leeg.pdf,,DA3148607,leeg.pdf,,DA3830888,leeg.pdf,,DA3325709,leeg.pdf,,DA3210159,leeg.pdf,,DA3899481,leeg.pdf,,DA3432471,leeg.pdf,,DA3759189,leeg.pdf,,DA3928964,leeg.pdf,,DA3617925,leeg.pdf,,DA3510079,leeg.pdf,
DA3842793,leeg.pdf,,DA3915850,leeg.pdf,,DA3616269,leeg.pdf,,DA3647732,leeg.pdf,,DA3105683,leeg.pdf,,DA3246995,leeg.pdf,,DA3236399,leeg.pdf,,DA3083454,leeg.pdf,,DA3059008,leeg.pdf,,DA3434086,leeg.pdf,,DA3463068,leeg.pdf,,DA3900721,leeg.pdf,,DA3228800,leeg.pdf,,DA3188301,leeg.pdf,,DA3514976,leeg.pdf,
DA3771880,leeg.pdf,,DA3370641,leeg.pdf,,DA3767525,leeg.pdf,,DA3272925,leeg.pdf,,DA3099866,leeg.pdf,,DA3159650,leeg.pdf,,DA3073479,leeg.pdf,,DA3064020,leeg.pdf,,DA3614939,leeg.pdf,,DA3690149,leeg.pdf,,DA3760568,leeg.pdf,,DA3243224,leeg.pdf,,DA3857827,leeg.pdf,,DA3275421,leeg.pdf,,DA3419610,leeg.pdf,
DA3469384,leeg.pdf,,DA3261102,leeg.pdf,,DA3764713,leeg.pdf,,DA3145510,leeg.pdf,,DA3064148,leeg.pdf,,DA3091427,leeg.pdf,,DA3213216,leeg.pdf,,DA3722299,leeg.pdf,,DA3053520,leeg.pdf,,DA3571564,leeg.pdf,,DA3696623,leeg.pdf,,DA3713310,leeg.pdf,,DA3869449,leeg.pdf,,DA3392593,leeg.pdf,,DA3655195,leeg.pdf,
DA3647288,leeg.pdf,,DA3212712,leeg.pdf,,DA3262064,leeg.pdf,,DA3269096,leeg.pdf,,DA3756992,leeg.pdf,,DA3139688,leeg.pdf,,DA3099777,leeg.pdf,,DA3314430,leeg.pdf,,DA3446151,leeg.pdf,,DA3532172,leeg.pdf,,DA3577981,leeg.pdf,,DA3098595,leeg.pdf,,DA3064649,leeg.pdf,,DA3241233,leeg.pdf,,DA3980040,leeg.pdf,
DA3919669,leeg.pdf,,DA3165840,leeg.pdf,,DA3134245,leeg.pdf,,DA3380854,leeg.pdf,,DA3274204,leeg.pdf,,DA3738515,leeg.pdf,,DA3296916,leeg.pdf,,DA3602442,leeg.pdf,,DA3117436,leeg.pdf,,DA3290038,leeg.pdf,,DA3268418,leeg.pdf,,DA3868257,leeg.pdf,,DA3718360,leeg.pdf,,DA3031919,leeg.pdf,,DA3284574,leeg.pdf,
DA3418852,leeg.pdf,,DA3890877,leeg.pdf,,DA3479700,leeg.pdf,,DA3547192,leeg.pdf,,DA3097296,leeg.pdf,,DA3110728,leeg.pdf,,DA3329171,leeg.pdf,,DA3296232,leeg.pdf,,DA3439731,leeg.pdf,,DA3398979,leeg.pdf,,DA3962677,leeg.pdf,,DA3471714,leeg.pdf,,DA3189742,leeg.pdf,,DA3489051,leeg.pdf,,DA3630864,leeg.pdf,
DA3783090,leeg.pdf,,DA3172076,leeg.pdf,,DA3523770,leeg.pdf,,DA3258883,leeg.pdf,,DA3384404,leeg.pdf,,DA3892784,leeg.pdf,,DA3304292,leeg.pdf,,DA3574160,leeg.pdf,,DA3907372,leeg.pdf,,DA3644002,leeg.pdf,,DA3797783,leeg.pdf,,DA3083623,leeg.pdf,,DA3194933,leeg.pdf,,DA3368846,leeg.pdf,,DA3070057,leeg.pdf,
DA3547679,leeg.pdf,,DA3290085,leeg.pdf,,DA3969615,leeg.pdf,,DA3947348,leeg.pdf,,DA3109593,leeg.pdf,,DA3657636,leeg.pdf,,DA3806179,leeg.pdf,,DA3362801,leeg.pdf,,DA3799666,leeg.pdf,,DA3216119,leeg.pdf,,DA3104875,leeg.pdf,,DA3121094,leeg.pdf,,DA3772599,leeg.pdf,,DA3683620,leeg.pdf,,DA3246711,leeg.pdf,
DA3698333,leeg.pdf,,DA3596574,leeg.pdf,,DA3549760,leeg.pdf,,DA3525587,leeg.pdf,,DA3646938,leeg.pdf,,DA3240685,leeg.pdf,,DA3961764,leeg.pdf,,DA3045170,leeg.pdf,,DA3476780,leeg.pdf,,DA3328073,leeg.pdf,,DA3322200,leeg.pdf,,DA3093835,leeg.pdf,,DA3346269,leeg.pdf,,DA3601177,leeg.pdf,,DA3410461,leeg.pdf,
DA3487687,leeg.pdf,,DA3359211,leeg.pdf,,DA3095347,leeg.pdf,,DA3146139,leeg.pdf,,DA3572252,leeg.pdf,,DA3147514,leeg.pdf,,DA3057386,leeg.pdf,,DA3157080,leeg.pdf,,DA3612533,leeg.pdf,,DA3718095,leeg.pdf,,DA3194709,leeg.pdf,,DA3928004,leeg.pdf,,DA3045907,leeg.pdf,,DA3242700,leeg.pdf,,DA3643336,leeg.pdf,
DA3507607,leeg.pdf,,DA3369717,leeg.pdf,,DA3089898,leeg.pdf,,DA3900702,leeg.pdf,,DA3279840,leeg.pdf,,DA3156629,leeg.pdf,,DA3931003,leeg.pdf,,DA3190494,leeg.pdf,,DA3956794,leeg.pdf,,DA3193137,leeg.pdf,,DA3698892,leeg.pdf,,DA3435439,leeg.pdf,,DA3855366,leeg.pdf,,DA3842085,leeg.pdf,,DA3932964,leeg.pdf,
DA3325439,leeg.pdf,,DA3104306,leeg.pdf,,DA3387484,leeg.pdf,,DA3969273,leeg.pdf,,DA3408049,leeg.pdf,,DA3220441,leeg.pdf,,DA3179358,leeg.pdf,,DA3060363,leeg.pdf,,DA3424050,leeg.pdf,,DA3656514,leeg.pdf,,DA3374609,leeg.pdf,,DA3822341,leeg.pdf,,DA3555336,leeg.pdf,,DA3456312,leeg.pdf,,DA3040592,leeg.pdf,
DA3096171,leeg.pdf,,DA3237176,leeg.pdf,,DA3896514,leeg.pdf,,DA3723836,leeg.pdf,,DA3160230,leeg.pdf,,DA3512741,leeg.pdf,,DA3042040,leeg.pdf,,DA3035133,leeg.pdf,,DA3158061,leeg.pdf,,DA3121691,leeg.pdf,,DA3452232,leeg.pdf,,DA3301608,leeg.pdf,,DA3219458,leeg.pdf,,DA3503785,leeg.pdf,,DA3592409,leeg.pdf,
DA3702699,leeg.pdf,,DA3339840,leeg.pdf,,DA3155157,leeg.pdf,,DA3302869,leeg.pdf,,DA3357925,leeg.pdf,,DA3170543,leeg.pdf,,DA3428004,leeg.pdf,,DA3426612,leeg.pdf,,DA3789413,leeg.pdf,,DA3525456,leeg.pdf,,DA3163630,leeg.pdf,,DA3666398,leeg.pdf,,DA3137082,leeg.pdf,,DA3868217,leeg.pdf,,DA3122703,leeg.pdf,
DA3515109,leeg.pdf,,DA3250665,leeg.pdf,,DA3092127,leeg.pdf,,DA3770795,leeg.pdf,,DA3533746,leeg.pdf,,DA3517827,leeg.pdf,,DA3109998,leeg.pdf,,DA3528581,leeg.pdf,,DA3180852,leeg.pdf,,DA3813542,leeg.pdf,,DA3215069,leeg.pdf,,DA3188822,leeg.pdf,,DA3916598,leeg.pdf,,DA3668713,leeg.pdf,,DA3292961,leeg.pdf,
DA3473279,leeg.pdf,,DA3661317,leeg.pdf,,DA3395585,leeg.pdf,,DA3933520,leeg.pdf,,DA3072461,leeg.pdf,,DA3825923,leeg.pdf,,DA3495461,leeg.pdf,,DA3653348,leeg.pdf,,DA3762182,leeg.pdf,,DA3064269,leeg.pdf,,DA3549725,leeg.pdf,,DA3982368,leeg.pdf,,DA3784747,leeg.pdf,,DA3818644,leeg.pdf,,DA3455078,leeg.pdf,
DA3893896,leeg.pdf,,DA3904075,leeg.pdf,,DA3897458,leeg.pdf,,DA3178603,leeg.pdf,,DA3651381,leeg.pdf,,DA3701110,leeg.pdf,,DA3491978,leeg.pdf,,DA3673124,leeg.pdf,,DA3298843,leeg.pdf,,DA3832245,leeg.pdf,,DA3370978,leeg.pdf,,DA3462949,leeg.pdf,,DA3426121,leeg.pdf,,DA3415452,leeg.pdf,,DA3263151,leeg.pdf,
DA3237793,leeg.pdf,,DA3353609,leeg.pdf,,DA3745337,leeg.pdf,,DA3790431,leeg.pdf,,DA3117521,leeg.pdf,,DA3361615,leeg.pdf,,DA3086232,leeg.pdf,,DA3156783,leeg.pdf,,DA3459898,leeg.pdf,,DA3736251,leeg.pdf,,DA3815237,leeg.pdf,,DA3083886,leeg.pdf,,DA3152156,leeg.pdf,,DA3074294,leeg.pdf,,DA3576154,leeg.pdf,
DA3309566,leeg.pdf,,DA3143452,leeg.pdf,,DA3502881,leeg.pdf,,DA3495647,leeg.pdf,,DA3065314,leeg.pdf,,DA3467005,leeg.pdf,,DA3261210,leeg.pdf,,DA3478739,leeg.pdf,,DA3832260,leeg.pdf,,DA3190531,leeg.pdf,,DA3257579,leeg.pdf,,DA3600762,leeg.pdf,,DA3565705,leeg.pdf,,DA3533299,leeg.pdf,,DA3372249,leeg.pdf,
DA3473600,leeg.pdf,,DA3233745,leeg.pdf,,DA3412413,leeg.pdf,,DA3133321,leeg.pdf,,DA3167638,leeg.pdf,,DA3389913,leeg.pdf,,DA3363569,leeg.pdf,,DA3327941,leeg.pdf,,DA3270663,leeg.pdf,,DA3718853,leeg.pdf,,DA3553038,leeg.pdf,,DA3378799,leeg.pdf,,DA3500354,leeg.pdf,,DA3046997,leeg.pdf,,DA3649286,leeg.pdf,
DA3188106,leeg.pdf,,DA3171993,leeg.pdf,,DA3048491,leeg.pdf,,DA3884602,leeg.pdf,,DA3244798,leeg.pdf,,DA3581088,leeg.pdf,,DA3318556,leeg.pdf,,DA3946281,leeg.pdf,,DA3654104,leeg.pdf,,DA3196180,leeg.pdf,,DA3075565,leeg.pdf,,DA3535718,leeg.pdf,,DA3162425,leeg.pdf,,DA3535367,leeg.pdf,,DA3186005,leeg.pdf,
DA3159346,leeg.pdf,,DA3986162,leeg.pdf,,DA3158780,leeg.pdf,,DA3133602,leeg.pdf,,DA3268204,leeg.pdf,,DA3195009,leeg.pdf,,DA3342861,leeg.pdf,,DA3182094,leeg.pdf,,DA3239839,leeg.pdf,,DA3202783,leeg.pdf,,DA3788141,leeg.pdf,,DA3249780,leeg.pdf,,DA3239969,leeg.pdf,,DA3751296,leeg.pdf,,DA3038460,leeg.pdf,
DA3352664,leeg.pdf,,DA3140166,leeg.pdf,,DA3744236,leeg.pdf,,DA3493408,leeg.pdf,,DA3238623,leeg.pdf,,DA3423411,leeg.pdf,,DA3458148,leeg.pdf,,DA3877008,leeg.pdf,,DA3040234,leeg.pdf,,DA3384954,leeg.pdf,,DA3752881,leeg.pdf,,DA3238034,leeg.pdf,,DA3536141,leeg.pdf,,DA3553907,leeg.pdf,,DA3077430,leeg.pdf,
DA3474934,leeg.pdf,,DA3682123,leeg.pdf,,DA3651585,leeg.pdf,,DA3141962,leeg.pdf,,DA3488845,leeg.pdf,,DA3579223,leeg.pdf,,DA3081459,leeg.pdf,,DA3637027,leeg.pdf,,DA3633817,leeg.pdf,,DA3583560,leeg.pdf,,DA3317514,leeg.pdf,,DA3937960,leeg.pdf,,DA3628070,leeg.pdf,,DA3836560,leeg.pdf,,DA3095541,leeg.pdf,
DA3737746,leeg.pdf,,DA3401155,leeg.pdf,,DA3044534,leeg.pdf,,DA3241090,leeg.pdf,,DA3177311,leeg.pdf,,DA3322187,leeg.pdf,,DA3899885,leeg.pdf,,DA3383685,leeg.pdf,,DA3121466,leeg.pdf,,DA3693536,leeg.pdf,,DA3720280,leeg.pdf,,DA3493313,leeg.pdf,,DA3547061,leeg.pdf,,DA3057070,leeg.pdf,,DA3170309,leeg.pdf,
DA3787213,leeg.pdf,,DA3216508,leeg.pdf,,DA3497007,leeg.pdf,,DA3789561,leeg.pdf,,DA3702640,leeg.pdf,,DA3412866,leeg.pdf,,DA3842595,leeg.pdf,,DA3053035,leeg.pdf,,DA3535405,leeg.pdf,,DA3125778,leeg.pdf,,DA3258730,leeg.pdf,,DA3096748,leeg.pdf,,DA3892679,leeg.pdf,,DA3242826,leeg.pdf,,DA3388213,leeg.pdf,
DA3319497,leeg.pdf,,DA3094630,leeg.pdf,,DA3772045,leeg.pdf,,DA3824857,leeg.pdf,,DA3138568,leeg.pdf,,DA3899223,leeg.pdf,,DA3595246,leeg.pdf,,DA3603110,leeg.pdf,,DA3129292,leeg.pdf,,DA3677554,leeg.pdf,,DA3936836,leeg.pdf,,DA3430012,leeg.pdf,,DA3050644,leeg.pdf,,DA3634427,leeg.pdf,,DA3093106,leeg.pdf,
DA3243283,leeg.pdf,,DA3127802,leeg.pdf,,DA3355637,leeg.pdf,,DA3911844,leeg.pdf,,DA3173290,leeg.pdf,,DA3570232,leeg.pdf,,DA3528718,leeg.pdf,,DA3176841,leeg.pdf,,DA3482647,leeg.pdf,,DA3351363,leeg.pdf,,DA3444024,leeg.pdf,,DA3171368,leeg.pdf,,DA3231954,leeg.pdf,,DA3982317,leeg.pdf,,DA3178484,leeg.pdf,
DA3341509,leeg.pdf,,DA3515127,leeg.pdf,,DA3281829,leeg.pdf,,DA3469134,leeg.pdf,,DA3128379,leeg.pdf,,DA3330939,leeg.pdf,,DA3034334,leeg.pdf,,DA3299490,leeg.pdf,,DA3310930,leeg.pdf,,DA3372245,leeg.pdf,,DA3066523,leeg.pdf,,DA3220563,leeg.pdf,,DA3075661,leeg.pdf,,DA3080183,leeg.pdf,,DA3917711,leeg.pdf,
DA3094872,leeg.pdf,,DA3418273,leeg.pdf,,DA3794599,leeg.pdf,,DA3235742,leeg.pdf,,DA3626223,leeg.pdf,,DA3690750,leeg.pdf,,DA3203885,leeg.pdf,,DA3375265,leeg.pdf,,DA3663123,leeg.pdf,,DA3658549,leeg.pdf,,DA3973616,leeg.pdf,,DA3631061,leeg.pdf,,DA3309865,leeg.pdf,,DA3927506,leeg.pdf,,DA3984978,leeg.pdf,
DA3619241,leeg.pdf,,DA3610162,leeg.pdf,,DA3134605,leeg.pdf,,DA3483686,leeg.pdf,,DA3489551,leeg.pdf,,DA3393692,leeg.pdf,,DA3217111,leeg.pdf,,DA3231335,leeg.pdf,,DA3632537,leeg.pdf,,DA3992427,leeg.pdf,,DA3253923,leeg.pdf,,DA3485144,leeg.pdf,,DA3448012,leeg.pdf,,DA3896234,leeg.pdf,,DA3817712,leeg.pdf,
DA3380123,leeg.pdf,,DA3887284,leeg.pdf,,DA3858276,leeg.pdf,,DA3380498,leeg.pdf,,DA3513730,leeg.pdf,,DA3537708,leeg.pdf,,DA3264672,leeg.pdf,,DA3639276,leeg.pdf,,DA3205487,leeg.pdf,,DA3644643,leeg.pdf,,DA3665319,leeg.pdf,,DA3208135,leeg.pdf,,DA3263997,leeg.pdf,,DA3391448,leeg.pdf,,DA3135329,leeg.pdf,
DA3523966,leeg.pdf,,DA3718509,leeg.pdf,,DA3399880,leeg.pdf,,DA3854055,leeg.pdf,,DA3111189,leeg.pdf,,DA3420140,leeg.pdf,,DA3910720,leeg.pdf,,DA3237894,leeg.pdf,,DA3302236,leeg.pdf,,DA3126263,leeg.pdf,,DA3909166,leeg.pdf,,DA3853950,leeg.pdf,,DA3137538,leeg.pdf,,DA3932326,leeg.pdf,,DA3436973,leeg.pdf,
DA3742865,leeg.pdf,,DA3036004,leeg.pdf,,DA3969918,leeg.pdf,,DA3157534,leeg.pdf,,DA3574511,leeg.pdf,,DA3061363,leeg.pdf,,DA3383230,leeg.pdf,,DA3089730,leeg.pdf,,DA3136246,leeg.pdf,,DA3295230,leeg.pdf,,DA3485877,leeg.pdf,,DA3089574,leeg.pdf,,DA3250896,leeg.pdf,,DA3231112,leeg.pdf,,DA3902340,leeg.pdf,
DA3670447,leeg.pdf,,DA3077620,leeg.pdf,,DA3253182,leeg.pdf,,DA3089349,leeg.pdf,,DA3101810,leeg.pdf,,DA3514540,leeg.pdf,,DA3796320,leeg.pdf,,DA3950555,leeg.pdf,,DA3998255,leeg.pdf,,DA3402776,leeg.pdf,,DA3559557,leeg.pdf,,DA3069316,leeg.pdf,,DA3508267,leeg.pdf,,DA3412634,leeg.pdf,,DA3138915,leeg.pdf,
DA3296845,leeg.pdf,,DA3178374,leeg.pdf,,DA3079313,leeg.pdf,,DA3138128,leeg.pdf,,DA3562029,leeg.pdf,,DA3881895,leeg.pdf,,DA3310697,leeg.pdf,,DA3252092,leeg.pdf,,DA3931427,leeg.pdf,,DA3434574,leeg.pdf,,DA3556904,leeg.pdf,,DA3350551,leeg.pdf,,DA3560876,leeg.pdf,,DA3200827,leeg.pdf,,DA3694944,leeg.pdf,
DA3168139,leeg.pdf,,DA3170129,leeg.pdf,,DA3341406,leeg.pdf,,DA3223568,leeg.pdf,,DA3931202,leeg.pdf,,DA3449364,leeg.pdf,,DA3505397,leeg.pdf,,DA3112755,leeg.pdf,,DA3116252,leeg.pdf,,DA3189950,leeg.pdf,,DA3069651,leeg.pdf,,DA3935668,leeg.pdf,,DA3804361,leeg.pdf,,DA3545634,leeg.pdf,,DA3445407,leeg.pdf,
DA3113258,leeg.pdf,,DA3226979,leeg.pdf,,DA3079369,leeg.pdf,,DA3656125,leeg.pdf,,DA3112564,leeg.pdf,,DA3472755,leeg.pdf,,DA3105285,leeg.pdf,,DA3287637,leeg.pdf,,DA3807499,leeg.pdf,,DA3147343,leeg.pdf,,DA3599871,leeg.pdf,,DA3705186,leeg.pdf,,DA3485492,leeg.pdf,,DA3232105,leeg.pdf,,DA3746417,leeg.pdf,
DA3816360,leeg.pdf,,DA3165075,leeg.pdf,,DA3297754,leeg.pdf,,DA3294618,leeg.pdf,,DA3958075,leeg.pdf,,DA3812296,leeg.pdf,,DA3099673,leeg.pdf,,DA3303101,leeg.pdf,,DA3749440,leeg.pdf,,DA3156365,leeg.pdf,,DA3149901,leeg.pdf,,DA3259170,leeg.pdf,,DA3268508,leeg.pdf,,DA3139533,leeg.pdf,,DA3347632,leeg.pdf,
DA3324969,leeg.pdf,,DA3328762,leeg.pdf,,DA3174092,leeg.pdf,,DA3129303,leeg.pdf,,DA3411986,leeg.pdf,,DA3257088,leeg.pdf,,DA3261769,leeg.pdf,,DA3769592,leeg.pdf,,DA3217526,leeg.pdf,,DA3272973,leeg.pdf,,DA3072802,leeg.pdf,,DA3967909,leeg.pdf,,DA3126523,leeg.pdf,,DA3058505,leeg.pdf,,DA3571142,leeg.pdf,
DA3471635,leeg.pdf,,DA3962772,leeg.pdf,,DA3441266,leeg.pdf,,DA3075562,leeg.pdf,,DA3309429,leeg.pdf,,DA3658930,leeg.pdf,,DA3448759,leeg.pdf,,DA3670342,leeg.pdf,,DA3335807,leeg.pdf,,DA3228129,leeg.pdf,,DA3708410,leeg.pdf,,DA3307478,leeg.pdf,,DA3541093,leeg.pdf,,DA3383677,leeg.pdf,,DA3196807,leeg.pdf,
DA3186177,leeg.pdf,,DA3611788,leeg.pdf,,DA3967801,leeg.pdf,,DA3700454,leeg.pdf,,DA3127014,leeg.pdf,,DA3534850,leeg.pdf,,DA3180490,leeg.pdf,,DA3330416,leeg.pdf,,DA3096809,leeg.pdf,,DA3451755,leeg.pdf,,DA3352658,leeg.pdf,,DA3146274,leeg.pdf,,DA3889542,leeg.pdf,,DA3467217,leeg.pdf,,DA3641240,leeg.pdf,
DA3105646,leeg.pdf,,DA3078024,leeg.pdf,,DA3707571,leeg.pdf,,DA3871174,leeg.pdf,,DA3092173,leeg.pdf,,DA3576683,leeg.pdf,,DA3229282,leeg.pdf,,DA3550656,leeg.pdf,,DA3408350,leeg.pdf,,DA3912636,leeg.pdf,,DA3175054,leeg.pdf,,DA3570160,leeg.pdf,,DA3343290,leeg.pdf,,DA3277663,leeg.pdf,,DA3141531,leeg.pdf,
DA3193802,leeg.pdf,,DA3065212,leeg.pdf,,DA3485363,leeg.pdf,,DA3038441,leeg.pdf,,DA3626637,leeg.pdf,,DA3572289,leeg.pdf,,DA3861797,leeg.pdf,,DA3207029,leeg.pdf,,DA3277717,leeg.pdf,,DA3125240,leeg.pdf,,DA3067999,leeg.pdf,,DA3975694,leeg.pdf,,DA3791597,leeg.pdf,,DA3211995,leeg.pdf,,DA3099017,leeg.pdf,
DA3127140,leeg.pdf,,DA3372417,leeg.pdf,,DA3366401,leeg.pdf,,DA3607256,leeg.pdf,,DA3194536,leeg.pdf,,DA3852378,leeg.pdf,,DA3929936,leeg.pdf,,DA3912732,leeg.pdf,,DA3074848,leeg.pdf,,DA3681134,leeg.pdf,,DA3249656,leeg.pdf,,DA3354170,leeg.pdf,,DA3616237,leeg.pdf,,DA3408435,leeg.pdf,,DA3549924,leeg.pdf,
DA3735849,leeg.pdf,,DA3463337,leeg.pdf,,DA3061506,leeg.pdf,,DA3347940,leeg.pdf,,DA3774858,leeg.pdf,,DA3246229,leeg.pdf,,DA3472697,leeg.pdf,,DA3076916,leeg.pdf,,DA3287946,leeg.pdf,,DA3299538,leeg.pdf,,DA3206954,leeg.pdf,,DA3198830,leeg.pdf,,DA3997710,leeg.pdf,,DA3092942,leeg.pdf,,DA3756526,leeg.pdf,
DA3111839,leeg.pdf,,DA3312526,leeg.pdf,,DA3887663,leeg.pdf,,DA3271897,leeg.pdf,,DA3690280,leeg.pdf,,DA3135176,leeg.pdf,,DA3052622,leeg.pdf,,DA3270820,leeg.pdf,,DA3372162,leeg.pdf,,DA3381952,leeg.pdf,,DA3539708,leeg.pdf,,DA3351316,leeg.pdf,,DA3668375,leeg.pdf,,DA3229951,leeg.pdf,,DA3582096,leeg.pdf,
DA3905597,leeg.pdf,,DA3447164,leeg.pdf,,DA3753510,leeg.pdf,,DA3273603,leeg.pdf,,DA3243549,leeg.pdf,,DA3187953,leeg.pdf,,DA3294575,leeg.pdf,,DA3107440,leeg.pdf,,DA3765449,leeg.pdf,,DA3429455,leeg.pdf,,DA3352670,leeg.pdf,,DA3231566,leeg.pdf,,DA3844875,leeg.pdf,,DA3742418,leeg.pdf,,DA3497220,leeg.pdf,
DA3591611,leeg.pdf,,DA3864202,leeg.pdf,,DA3776963,leeg.pdf,,DA3281285,leeg.pdf,,DA3216963,leeg.pdf,,DA3228540,leeg.pdf,,DA3652364,leeg.pdf,,DA3985407,leeg.pdf,,DA3230365,leeg.pdf,,DA3367167,leeg.pdf,,DA3496329,leeg.pdf,,DA3385410,leeg.pdf,,DA3678813,leeg.pdf,,DA3202293,leeg.pdf,,DA3095833,leeg.pdf,
DA3256853,leeg.pdf,,DA3342295,leeg.pdf,,DA3830559,leeg.pdf,,DA3100857,leeg.pdf,,DA3099117,leeg.pdf,,DA3993834,leeg.pdf,,DA3138111,leeg.pdf,,DA3580587,leeg.pdf,,DA3040386,leeg.pdf,,DA3358994,leeg.pdf,,DA3115516,leeg.pdf,,DA3862029,leeg.pdf,,DA3098313,leeg.pdf,,DA3139793,leeg.pdf,,DA3097796,leeg.pdf,
DA3057942,leeg.pdf,,DA3922098,leeg.pdf,,DA3130334,leeg.pdf,,DA3494028,leeg.pdf,,DA3442264,leeg.pdf,,DA3052653,leeg.pdf,,DA3815775,leeg.pdf,,DA3050581,leeg.pdf,,DA3394262,leeg.pdf,,DA3323721,leeg.pdf,,DA3075763,leeg.pdf,,DA3551757,leeg.pdf,,DA3869572,leeg.pdf,,DA3876458,leeg.pdf,,DA3355002,leeg.pdf,
DA3831611,leeg.pdf,,DA3065137,leeg.pdf,,DA3518940,leeg.pdf,,DA3797125,leeg.pdf,,DA3434027,leeg.pdf,,DA3424704,leeg.pdf,,DA3238771,leeg.pdf,,DA3296682,leeg.pdf,,DA3580192,leeg.pdf,,DA3614349,leeg.pdf,,DA3633112,leeg.pdf,,DA3082049,leeg.pdf,,DA3896053,leeg.pdf,,DA3499288,leeg.pdf,,DA3217895,leeg.pdf,
DA3966749,leeg.pdf,,DA3150872,leeg.pdf,,DA3302268,leeg.pdf,,DA3305051,leeg.pdf,,DA3083156,leeg.pdf,,DA3328706,leeg.pdf,,DA3886524,leeg.pdf,,DA3664648,leeg.pdf,,DA3439283,leeg.pdf,,DA3291689,leeg.pdf,,DA3269108,leeg.pdf,,DA3547752,leeg.pdf,,DA3678989,leeg.pdf,,DA3487181,leeg.pdf,,DA3276146,leeg.pdf,
DA3385206,leeg.pdf,,DA3236689,leeg.pdf,,DA3114020,leeg.pdf,,DA3735417,leeg.pdf,,DA3398954,leeg.pdf,,DA3885985,leeg.pdf,,DA3035929,leeg.pdf,,DA3483894,leeg.pdf,,DA3594380,leeg.pdf,,DA3658171,leeg.pdf,,DA3051891,leeg.pdf,,DA3633692,leeg.pdf,,DA3084602,leeg.pdf,,DA3191364,leeg.pdf,,DA3166888,leeg.pdf,
DA3324456,leeg.pdf,,DA3216427,leeg.pdf,,DA3755372,leeg.pdf,,DA3757421,leeg.pdf,,DA3712196,leeg.pdf,,DA3424658,leeg.pdf,,DA3343437,leeg.pdf,,DA3376280,leeg.pdf,,DA3546894,leeg.pdf,,DA3951042,leeg.pdf,,DA3350692,leeg.pdf,,DA3713429,leeg.pdf,,DA3528867,leeg.pdf,,DA3383999,leeg.pdf,,DA3931333,leeg.pdf,
DA3561053,leeg.pdf,,DA3904031,leeg.pdf,,DA3662023,leeg.pdf,,DA3210703,leeg.pdf,,DA3641799,leeg.pdf,,DA3238364,leeg.pdf,,DA3845799,leeg.pdf,,DA3280932,leeg.pdf,,DA3154976,leeg.pdf,,DA3117749,leeg.pdf,,DA3816352,leeg.pdf,,DA3953005,leeg.pdf,,DA3871965,leeg.pdf,,DA3908197,leeg.pdf,,DA3197806,leeg.pdf,
DA3067996,leeg.pdf,,DA3829849,leeg.pdf,,DA3211116,leeg.pdf,,DA3267738,leeg.pdf,,DA3582774,leeg.pdf,,DA3347847,leeg.pdf,,DA3711174,leeg.pdf,,DA3801972,leeg.pdf,,DA3596020,leeg.pdf,,DA3431299,leeg.pdf,,DA3797274,leeg.pdf,,DA3967300,leeg.pdf,,DA3226843,leeg.pdf,,DA3120869,leeg.pdf,,DA3281997,leeg.pdf,
DA3903373,leeg.pdf,,DA3268808,leeg.pdf,,DA3966313,leeg.pdf,,DA3085329,leeg.pdf,,DA3977231,leeg.pdf,,DA3054028,leeg.pdf,,DA3177842,leeg.pdf,,DA3576109,leeg.pdf,,DA3590420,leeg.pdf,,DA3948884,leeg.pdf,,DA3552245,leeg.pdf,,DA3155888,leeg.pdf,,DA3238107,leeg.pdf,,DA3860922,leeg.pdf,,DA3566782,leeg.pdf,
DA3643678,leeg.pdf,,DA3436670,leeg.pdf,,DA3505292,leeg.pdf,,DA3078160,leeg.pdf,,DA3387108,leeg.pdf,,DA3336556,leeg.pdf,,DA3698226,leeg.pdf,,DA3426092,leeg.pdf,,DA3278061,leeg.pdf,,DA3516553,leeg.pdf,,DA3060681,leeg.pdf,,DA3139965,leeg.pdf,,DA3331815,leeg.pdf,,DA3092955,leeg.pdf,,DA3926396,leeg.pdf,
DA3825724,leeg.pdf,,DA3534572,leeg.pdf,,DA3370881,leeg.pdf,,DA3048444,leeg.pdf,,DA3153181,leeg.pdf,,DA3610747,leeg.pdf,,DA3316973,leeg.pdf,,DA3148277,leeg.pdf,,DA3677405,leeg.pdf,,DA3207090,leeg.pdf,,DA3758116,leeg.pdf,,DA3251908,leeg.pdf,,DA3557315,leeg.pdf,,DA3764329,leeg.pdf,,DA3094190,leeg.pdf,
DA3215788,leeg.pdf,,DA3322790,leeg.pdf,,DA3261047,leeg.pdf,,DA3037762,leeg.pdf,,DA3995122,leeg.pdf,,DA3856328,leeg.pdf,,DA3097423,leeg.pdf,,DA3494112,leeg.pdf,,DA3651743,leeg.pdf,,DA3070147,leeg.pdf,,DA3109446,leeg.pdf,,DA3333143,leeg.pdf,,DA3949975,leeg.pdf,,DA3095886,leeg.pdf,,DA3435083,leeg.pdf,
DA3567075,leeg.pdf,,DA3407583,leeg.pdf,,DA3472877,leeg.pdf,,DA3104565,leeg.pdf,,DA3330638,leeg.pdf,,DA3959269,leeg.pdf,,DA3414424,leeg.pdf,,DA3902194,leeg.pdf,,DA3665054,leeg.pdf,,DA3171153,leeg.pdf,,DA3598050,leeg.pdf,,DA3184350,leeg.pdf,,DA3608132,leeg.pdf,,DA3611107,leeg.pdf,,DA3420705,leeg.pdf,
DA3252868,leeg.pdf,,DA3504087,leeg.pdf,,DA3349481,leeg.pdf,,DA3119709,leeg.pdf,,DA3170274,leeg.pdf,,DA3219588,leeg.pdf,,DA3872366,leeg.pdf,,DA3360636,leeg.pdf,,DA3254767,leeg.pdf,,DA3281198,leeg.pdf,,DA3957196,leeg.pdf,,DA3495707,leeg.pdf,,DA3260125,leeg.pdf,,DA3130882,leeg.pdf,,DA3090128,leeg.pdf,
DA3044885,leeg.pdf,,DA3496751,leeg.pdf,,DA3538006,leeg.pdf,,DA3943942,leeg.pdf,,DA3213553,leeg.pdf,,DA3923869,leeg.pdf,,DA3097465,leeg.pdf,,DA3106895,leeg.pdf,,DA3783050,leeg.pdf,,DA3130917,leeg.pdf,,DA3607715,leeg.pdf,,DA3606435,leeg.pdf,,DA3229363,leeg.pdf,,DA3927790,leeg.pdf,,DA3481544,leeg.pdf,
DA3735543,leeg.pdf,,DA3091984,leeg.pdf,,DA3112785,leeg.pdf,,DA3370098,leeg.pdf,,DA3855629,leeg.pdf,,DA3085837,leeg.pdf,,DA3849006,leeg.pdf,,DA3314305,leeg.pdf,,DA3131361,leeg.pdf,,DA3564325,leeg.pdf,,DA3728740,leeg.pdf,,DA3704518,leeg.pdf,,DA3073204,leeg.pdf,,DA3526141,leeg.pdf,,DA3239454,leeg.pdf,
DA3546057,leeg.pdf,,DA3189264,leeg.pdf,,DA3289243,leeg.pdf,,DA3056992,leeg.pdf,,DA3551491,leeg.pdf,,DA3081316,leeg.pdf,,DA3817109,leeg.pdf,,DA3316170,leeg.pdf,,DA3110782,leeg.pdf,,DA3237386,leeg.pdf,,DA3530739,leeg.pdf,,DA3528243,leeg.pdf,,DA3160107,leeg.pdf,,DA3236870,leeg.pdf,,DA3671661,leeg.pdf,
DA3785498,leeg.pdf,,DA3157744,leeg.pdf,,DA3126289,leeg.pdf,,DA3442816,leeg.pdf,,DA3095659,leeg.pdf,,DA3880546,leeg.pdf,,DA3641744,leeg.pdf,,DA3279791,leeg.pdf,,DA3168396,leeg.pdf,,DA3557254,leeg.pdf,,DA3934447,leeg.pdf,,DA3182917,leeg.pdf,,DA3622436,leeg.pdf,,DA3301198,leeg.pdf,,DA3787894,leeg.pdf,
DA3231921,leeg.pdf,,DA3164864,leeg.pdf,,DA3968346,leeg.pdf,,DA3834952,leeg.pdf,,DA3276822,leeg.pdf,,DA3860390,leeg.pdf,,DA3686927,leeg.pdf,,DA3841355,leeg.pdf,,DA3266605,leeg.pdf,,DA3284715,leeg.pdf,,DA3842665,leeg.pdf,,DA3070116,leeg.pdf,,DA3642763,leeg.pdf,,DA3055214,leeg.pdf,,DA3856355,leeg.pdf,
DA3284961,leeg.pdf,,DA3783701,leeg.pdf,,DA3104300,leeg.pdf,,DA3039900,leeg.pdf,,DA3525855,leeg.pdf,,DA3770666,leeg.pdf,,DA3061347,leeg.pdf,,DA3670992,leeg.pdf,,DA3155277,leeg.pdf,,DA3509277,leeg.pdf,,DA3096560,leeg.pdf,,DA3333081,leeg.pdf,,DA3582389,leeg.pdf,,DA3176537,leeg.pdf,,DA3843244,leeg.pdf,
DA3161704,leeg.pdf,,DA3665536,leeg.pdf,,DA3438147,leeg.pdf,,DA3517423,leeg.pdf,,DA3236872,leeg.pdf,,DA3346686,leeg.pdf,,DA3361010,leeg.pdf,,DA3883714,leeg.pdf,,DA3780772,leeg.pdf,,DA3265992,leeg.pdf,,DA3091749,leeg.pdf,,DA3476870,leeg.pdf,,DA3104670,leeg.pdf,,DA3323803,leeg.pdf,,DA3254476,leeg.pdf,
DA3113798,leeg.pdf,,DA3140580,leeg.pdf,,DA3415631,leeg.pdf,,DA3816588,leeg.pdf,,DA3414807,leeg.pdf,,DA3699811,leeg.pdf,,DA3714438,leeg.pdf,,DA3424553,leeg.pdf,,DA3476014,leeg.pdf,,DA3893645,leeg.pdf,,DA3724237,leeg.pdf,,DA3199734,leeg.pdf,,DA3624879,leeg.pdf,,DA3903950,leeg.pdf,,DA3255800,leeg.pdf,
DA3247462,leeg.pdf,,DA3257019,leeg.pdf,,DA3611742,leeg.pdf,,DA3102101,leeg.pdf,,DA3867025,leeg.pdf,,DA3675263,leeg.pdf,,DA3917689,leeg.pdf,,DA3114471,leeg.pdf,,DA3392296,leeg.pdf,,DA3320003,leeg.pdf,,DA3344723,leeg.pdf,,DA3494890,leeg.pdf,,DA3729599,leeg.pdf,,DA3701614,leeg.pdf,,DA3844416,leeg.pdf,
DA3154004,leeg.pdf,,DA3151684,leeg.pdf,,DA3589026,leeg.pdf,,DA3307542,leeg.pdf,,DA3465469,leeg.pdf,,DA3330395,leeg.pdf,,DA3505981,leeg.pdf,,DA3934572,leeg.pdf,,DA3879471,leeg.pdf,,DA3195531,leeg.pdf,,DA3197848,leeg.pdf,,DA3617170,leeg.pdf,,DA3341824,leeg.pdf,,DA3831179,leeg.pdf,,DA3336631,leeg.pdf,
DA3256970,leeg.pdf,,DA3256452,leeg.pdf,,DA3526761,leeg.pdf,,DA3140444,leeg.pdf,,DA3563020,leeg.pdf,,DA3974370,leeg.pdf,,DA3238728,leeg.pdf,,DA3129590,leeg.pdf,,DA3691072,leeg.pdf,,DA3802985,leeg.pdf,,DA3119750,leeg.pdf,,DA3368130,leeg.pdf,,DA3827600,leeg.pdf,,DA3459338,leeg.pdf,,DA3894888,leeg.pdf,
DA3056163,leeg.pdf,,DA3036654,leeg.pdf,,DA3628392,leeg.pdf,,DA3757189,leeg.pdf,,DA3078952,leeg.pdf,,DA3361835,leeg.pdf,,DA3306240,leeg.pdf,,DA3343028,leeg.pdf,,DA3259831,leeg.pdf,,DA3378050,leeg.pdf,,DA3175808,leeg.pdf,,DA3164564,leeg.pdf,,DA3080115,leeg.pdf,,DA3150959,leeg.pdf,,DA3328652,leeg.pdf,
DA3335733,leeg.pdf,,DA3333670,leeg.pdf,,DA3232804,leeg.pdf,,DA3129476,leeg.pdf,,DA3056071,leeg.pdf,,DA3950375,leeg.pdf,,DA3442733,leeg.pdf,,DA3127794,leeg.pdf,,DA3113637,leeg.pdf,,DA3050182,leeg.pdf,,DA3887286,leeg.pdf,,DA3191176,leeg.pdf,,DA3418981,leeg.pdf,,DA3560436,leeg.pdf,,DA3660675,leeg.pdf,
DA3494576,leeg.pdf,,DA3711946,leeg.pdf,,DA3189837,leeg.pdf,,DA3484596,leeg.pdf,,DA3505209,leeg.pdf,,DA3866635,leeg.pdf,,DA3544349,leeg.pdf,,DA3680056,leeg.pdf,,DA3686781,leeg.pdf,,DA3059498,leeg.pdf,,DA3596079,leeg.pdf,,DA3225043,leeg.pdf,,DA3673071,leeg.pdf,,DA3775606,leeg.pdf,,DA3289954,leeg.pdf,
DA3907620,leeg.pdf,,DA3208196,leeg.pdf,,DA3173483,leeg.pdf,,DA3084311,leeg.pdf,,DA3804652,leeg.pdf,,DA3323688,leeg.pdf,,DA3360758,leeg.pdf,,DA3708143,leeg.pdf,,DA3387167,leeg.pdf,,DA3143418,leeg.pdf,,DA3060585,leeg.pdf,,DA3978935,leeg.pdf,,DA3174359,leeg.pdf,,DA3278645,leeg.pdf,,DA3136993,leeg.pdf,
DA3189414,leeg.pdf,,DA3050563,leeg.pdf,,DA3153925,leeg.pdf,,DA3150789,leeg.pdf,,DA3644610,leeg.pdf,,DA3507213,leeg.pdf,,DA3785245,leeg.pdf,,DA3568435,leeg.pdf,,DA3859404,leeg.pdf,,DA3348932,leeg.pdf,,DA3257409,leeg.pdf,,DA3837580,leeg.pdf,,DA3085713,leeg.pdf,,DA3738833,leeg.pdf,,DA3123866,leeg.pdf,
DA3462347,leeg.pdf,,DA3273384,leeg.pdf,,DA3779364,leeg.pdf,,DA3395528,leeg.pdf,,DA3209333,leeg.pdf,,DA3121110,leeg.pdf,,DA3121644,leeg.pdf,,DA3201562,leeg.pdf,,DA3048865,leeg.pdf,,DA3800305,leeg.pdf,,DA3465898,leeg.pdf,,DA3946918,leeg.pdf,,DA3730739,leeg.pdf,,DA3359599,leeg.pdf,,DA3221723,leeg.pdf,
DA3250791,leeg.pdf,,DA3069894,leeg.pdf,,DA3700116,leeg.pdf,,DA3739988,leeg.pdf,,DA3203144,leeg.pdf,,DA3337801,leeg.pdf,,DA3596134,leeg.pdf,,DA3319677,leeg.pdf,,DA3464759,leeg.pdf,,DA3473736,leeg.pdf,,DA3397425,leeg.pdf,,DA3943139,leeg.pdf,,DA3310085,leeg.pdf,,DA3200427,leeg.pdf,,DA3535603,leeg.pdf,
DA3962178,leeg.pdf,,DA3036814,leeg.pdf,,DA3193447,leeg.pdf,,DA3771124,leeg.pdf,,DA3299799,leeg.pdf,,DA3464164,leeg.pdf,,DA3353423,leeg.pdf,,DA3142997,leeg.pdf,,DA3038993,leeg.pdf,,DA3124266,leeg.pdf,,DA3988337,leeg.pdf,,DA3653104,leeg.pdf,,DA3527107,leeg.pdf,,DA3605497,leeg.pdf,,DA3172673,leeg.pdf,
DA3302192,leeg.pdf,,DA3091221,leeg.pdf,,DA3078414,leeg.pdf,,DA3380031,leeg.pdf,,DA3300058,leeg.pdf,,DA3216038,leeg.pdf,,DA3317396,leeg.pdf,,DA3447518,leeg.pdf,,DA3467836,leeg.pdf,,DA3308744,leeg.pdf,,DA3247332,leeg.pdf,,DA3810442,leeg.pdf,,DA3258117,leeg.pdf,,DA3337933,leeg.pdf,,DA3834557,leeg.pdf,
DA3140181,leeg.pdf,,DA3320881,leeg.pdf,,DA3686278,leeg.pdf,,DA3335040,leeg.pdf,,DA3471124,leeg.pdf,,DA3864444,leeg.pdf,,DA3281969,leeg.pdf,,DA3047442,leeg.pdf,,DA3358355,leeg.pdf,,DA3598700,leeg.pdf,,DA3177124,leeg.pdf,,DA3498686,leeg.pdf,,DA3748845,leeg.pdf,,DA3320394,leeg.pdf,,DA3139192,leeg.pdf,
DA3920597,leeg.pdf,,DA3063392,leeg.pdf,,DA3288730,leeg.pdf,,DA3755266,leeg.pdf,,DA3180960,leeg.pdf,,DA3748978,leeg.pdf,,DA3746988,leeg.pdf,,DA3232847,leeg.pdf,,DA3710892,leeg.pdf,,DA3147060,leeg.pdf,,DA3989770,leeg.pdf,,DA3469468,leeg.pdf,,DA3634922,leeg.pdf,,DA3831760,leeg.pdf,,DA3615421,leeg.pdf,
DA3971415,leeg.pdf,,DA3702103,leeg.pdf,,DA3245898,leeg.pdf,,DA3629580,leeg.pdf,,DA3969404,leeg.pdf,,DA3086617,leeg.pdf,,DA3594086,leeg.pdf,,DA3433404,leeg.pdf,,DA3434970,leeg.pdf,,DA3982742,leeg.pdf,,DA3259758,leeg.pdf,,DA3689687,leeg.pdf,,DA3442995,leeg.pdf,,DA3267094,leeg.pdf,,DA3376810,leeg.pdf,
DA3670966,leeg.pdf,,DA3414146,leeg.pdf,,DA3090192,leeg.pdf,,DA3173142,leeg.pdf,,DA3818426,leeg.pdf,,DA3107435,leeg.pdf,,DA3453388,leeg.pdf,,DA3874011,leeg.pdf,,DA3382445,leeg.pdf,,DA3766121,leeg.pdf,,DA3570898,leeg.pdf,,DA3156796,leeg.pdf,,DA3435490,leeg.pdf,,DA3286830,leeg.pdf,,DA3223284,leeg.pdf,
DA3904402,leeg.pdf,,DA3411946,leeg.pdf,,DA3430646,leeg.pdf,,DA3216152,leeg.pdf,,DA3745931,leeg.pdf,,DA3698160,leeg.pdf,,DA3683112,leeg.pdf,,DA3155185,leeg.pdf,,DA3176186,leeg.pdf,,DA3745447,leeg.pdf,,DA3123914,leeg.pdf,,DA3963163,leeg.pdf,,DA3954582,leeg.pdf,,DA3115187,leeg.pdf,,DA3986370,leeg.pdf,
DA3258177,leeg.pdf,,DA3491532,leeg.pdf,,DA3710830,leeg.pdf,,DA3924674,leeg.pdf,,DA3058851,leeg.pdf,,DA3988257,leeg.pdf,,DA3162980,leeg.pdf,,DA3625004,leeg.pdf,,DA3269352,leeg.pdf,,DA3140999,leeg.pdf,,DA3332028,leeg.pdf,,DA3080462,leeg.pdf,,DA3996950,leeg.pdf,,DA3367687,leeg.pdf,,DA3089191,leeg.pdf,
DA3702125,leeg.pdf,,DA3156633,leeg.pdf,,DA3480784,leeg.pdf,,DA3243232,leeg.pdf,,DA3560362,leeg.pdf,,DA3053532,leeg.pdf,,DA3703990,leeg.pdf,,DA3653426,leeg.pdf,,DA3281546,leeg.pdf,,DA3947474,leeg.pdf,,DA3358319,leeg.pdf,,DA3041830,leeg.pdf,,DA3858848,leeg.pdf,,DA3161165,leeg.pdf,,DA3455916,leeg.pdf,
DA3078484,leeg.pdf,,DA3043763,leeg.pdf,,DA3820731,leeg.pdf,,DA3214297,leeg.pdf,,DA3300680,leeg.pdf,,DA3317904,leeg.pdf,,DA3637723,leeg.pdf,,DA3716713,leeg.pdf,,DA3945635,leeg.pdf,,DA3308958,leeg.pdf,,DA3201922,leeg.pdf,,DA3893087,leeg.pdf,,DA3511135,leeg.pdf,,DA3122141,leeg.pdf,,DA3037908,leeg.pdf,
DA3061100,leeg.pdf,,DA3231680,leeg.pdf,,DA3040472,leeg.pdf,,DA3936130,leeg.pdf,,DA3346440,leeg.pdf,,DA3984072,leeg.pdf,,DA3766951,leeg.pdf,,DA3645135,leeg.pdf,,DA3548817,leeg.pdf,,DA3519868,leeg.pdf,,DA3727064,leeg.pdf,,DA3490672,leeg.pdf,,DA3923227,leeg.pdf,,DA3234447,leeg.pdf,,DA3362517,leeg.pdf,
DA3132923,leeg.pdf,,DA3184241,leeg.pdf,,DA3357874,leeg.pdf,,DA3723580,leeg.pdf,,DA3202504,leeg.pdf,,DA3805749,leeg.pdf,,DA3080163,leeg.pdf,,DA3597188,leeg.pdf,,DA3504747,leeg.pdf,,DA3532965,leeg.pdf,,DA3758340,leeg.pdf,,DA3791099,leeg.pdf,,DA3451642,leeg.pdf,,DA3171879,leeg.pdf,,DA3321183,leeg.pdf,
DA3095416,leeg.pdf,,DA3162550,leeg.pdf,,DA3288989,leeg.pdf,,DA3192224,leeg.pdf,,DA3902479,leeg.pdf,,DA3404817,leeg.pdf,,DA3127627,leeg.pdf,,DA3168209,leeg.pdf,,DA3414961,leeg.pdf,,DA3936459,leeg.pdf,,DA3763349,leeg.pdf,,DA3252214,leeg.pdf,,DA3428728,leeg.pdf,,DA3792137,leeg.pdf,,DA3101006,leeg.pdf,
DA3939116,leeg.pdf,,DA3155336,leeg.pdf,,DA3959723,leeg.pdf,,DA3604423,leeg.pdf,,DA3755964,leeg.pdf,,DA3344239,leeg.pdf,,DA3116309,leeg.pdf,,DA3963000,leeg.pdf,,DA3577997,leeg.pdf,,DA3194323,leeg.pdf,,DA3308163,leeg.pdf,,DA3042527,leeg.pdf,,DA3625902,leeg.pdf,,DA3519849,leeg.pdf,,DA3281835,leeg.pdf,
DA3864127,leeg.pdf,,DA3050431,leeg.pdf,,DA3972873,leeg.pdf,,DA3841395,leeg.pdf,,DA3047874,leeg.pdf,,DA3149616,leeg.pdf,,DA3315329,leeg.pdf,,DA3430552,leeg.pdf,,DA3229993,leeg.pdf,,DA3930437,leeg.pdf,,DA3340805,leeg.pdf,,DA3894532,leeg.pdf,,DA3894531,leeg.pdf,,DA3607809,leeg.pdf,,DA3457058,leeg.pdf,
DA3223506,leeg.pdf,,DA3087908,leeg.pdf,,DA3435948,leeg.pdf,,DA3792656,leeg.pdf,,DA3322741,leeg.pdf,,DA3641148,leeg.pdf,,DA3742116,leeg.pdf,,DA3231854,leeg.pdf,,DA3232609,leeg.pdf,,DA3548035,leeg.pdf,,DA3831463,leeg.pdf,,DA3062308,leeg.pdf,,DA3205073,leeg.pdf,,DA3533706,leeg.pdf,,DA3538272,leeg.pdf,
DA3853245,leeg.pdf,,DA3237294,leeg.pdf,,DA3360874,leeg.pdf,,DA3749824,leeg.pdf,,DA3045155,leeg.pdf,,DA3936943,leeg.pdf,,DA3368830,leeg.pdf,,DA3730783,leeg.pdf,,DA3760838,leeg.pdf,,DA3132377,leeg.pdf,,DA3249050,leeg.pdf,,DA3600659,leeg.pdf,,DA3283344,leeg.pdf,,DA3156821,leeg.pdf,,DA3455276,leeg.pdf,
DA3298629,leeg.pdf,,DA3332581,leeg.pdf,,DA3157962,leeg.pdf,,DA3052145,leeg.pdf,,DA3357492,leeg.pdf,,DA3759361,leeg.pdf,,DA3120682,leeg.pdf,,DA3636101,leeg.pdf,,DA3903269,leeg.pdf,,DA3605937,leeg.pdf,,DA3134552,leeg.pdf,,DA3084521,leeg.pdf,,DA3040849,leeg.pdf,,DA3225551,leeg.pdf,,DA3062976,leeg.pdf,
DA3184134,leeg.pdf,,DA3507551,leeg.pdf,,DA3580247,leeg.pdf,,DA3039134,leeg.pdf,,DA3472610,leeg.pdf,,DA3714710,leeg.pdf,,DA3333232,leeg.pdf,,DA3330668,leeg.pdf,,DA3044008,leeg.pdf,,DA3750510,leeg.pdf,,DA3480996,leeg.pdf,,DA3168478,leeg.pdf,,DA3866364,leeg.pdf,,DA3207576,leeg.pdf,,DA3343897,leeg.pdf,
DA3349303,leeg.pdf,,DA3516141,leeg.pdf,,DA3103560,leeg.pdf,,DA3887021,leeg.pdf,,DA3168357,leeg.pdf,,DA3828330,leeg.pdf,,DA3243412,leeg.pdf,,DA3343419,leeg.pdf,,DA3101341,leeg.pdf,,DA3412966,leeg.pdf,,DA3261872,leeg.pdf,,DA3873168,leeg.pdf,,DA3247234,leeg.pdf,,DA3709433,leeg.pdf,,DA3538322,leeg.pdf,
DA3776933,leeg.pdf,,DA3402413,leeg.pdf,,DA3476964,leeg.pdf,,DA3279904,leeg.pdf,,DA3045016,leeg.pdf,,DA3128623,leeg.pdf,,DA3988751,leeg.pdf,,DA3226141,leeg.pdf,,DA3081649,leeg.pdf,,DA3132407,leeg.pdf,,DA3666895,leeg.pdf,,DA3930202,leeg.pdf,,DA3258603,leeg.pdf,,DA3802551,leeg.pdf,,DA3122239,leeg.pdf,
DA3866742,leeg.pdf,,DA3211253,leeg.pdf,,DA3522393,leeg.pdf,,DA3271621,leeg.pdf,,DA3703443,leeg.pdf,,DA3754929,leeg.pdf,,DA3479360,leeg.pdf,,DA3537585,leeg.pdf,,DA3325411,leeg.pdf,,DA3954508,leeg.pdf,,DA3647798,leeg.pdf,,DA3294562,leeg.pdf,,DA3286328,leeg.pdf,,DA3735651,leeg.pdf,,DA3499303,leeg.pdf,
DA3352575,leeg.pdf,,DA3365738,leeg.pdf,,DA3748161,leeg.pdf,,DA3746070,leeg.pdf,,DA3172789,leeg.pdf,,DA3548431,leeg.pdf,,DA3696006,leeg.pdf,,DA3857286,leeg.pdf,,DA3074083,leeg.pdf,,DA3386317,leeg.pdf,,DA3469061,leeg.pdf,,DA3921678,leeg.pdf,,DA3760944,leeg.pdf,,DA3425319,leeg.pdf,,DA3179363,leeg.pdf,
DA3106928,leeg.pdf,,DA3806894,leeg.pdf,,DA3272292,leeg.pdf,,DA3807062,leeg.pdf,,DA3515910,leeg.pdf,,DA3393531,leeg.pdf,,DA3691414,leeg.pdf,,DA3787477,leeg.pdf,,DA3049880,leeg.pdf,,DA3832019,leeg.pdf,,DA3097533,leeg.pdf,,DA3200762,leeg.pdf,,DA3048736,leeg.pdf,,DA3265535,leeg.pdf,,DA3482102,leeg.pdf,
DA3095537,leeg.pdf,,DA3704423,leeg.pdf,,DA3178093,leeg.pdf,,DA3738393,leeg.pdf,,DA3086090,leeg.pdf,,DA3050061,leeg.pdf,,DA3433908,leeg.pdf,,DA3704755,leeg.pdf,,DA3129221,leeg.pdf,,DA3553604,leeg.pdf,,DA3179731,leeg.pdf,,DA3682523,leeg.pdf,,DA3107077,leeg.pdf,,DA3898939,leeg.pdf,,DA3608326,leeg.pdf,
DA3117308,leeg.pdf,,DA3587689,leeg.pdf,,DA3067418,leeg.pdf,,DA3273949,leeg.pdf,,DA3323767,leeg.pdf,,DA3633087,leeg.pdf,,DA3569242,leeg.pdf,,DA3692503,leeg.pdf,,DA3273601,leeg.pdf,,DA3172774,leeg.pdf,,DA3944376,leeg.pdf,,DA3528066,leeg.pdf,,DA3255545,leeg.pdf,,DA3232940,leeg.pdf,,DA3850906,leeg.pdf,
DA3569752,leeg.pdf,,DA3419893,leeg.pdf,,DA3387137,leeg.pdf,,DA3413577,leeg.pdf,,DA3648932,leeg.pdf,,DA3761047,leeg.pdf,,DA3880693,leeg.pdf,,DA3370920,leeg.pdf,,DA3176951,leeg.pdf,,DA3150346,leeg.pdf,,DA3988423,leeg.pdf,,DA3382359,leeg.pdf,,DA3205518,leeg.pdf,,DA3319058,leeg.pdf,,DA3056608,leeg.pdf,
DA3341659,leeg.pdf,,DA3380989,leeg.pdf,,DA3422991,leeg.pdf,,DA3785269,leeg.pdf,,DA3275673,leeg.pdf,,DA3129248,leeg.pdf,,DA3912084,leeg.pdf,,DA3997053,leeg.pdf,,DA3541508,leeg.pdf,,DA3170398,leeg.pdf,,DA3732658,leeg.pdf,,DA3985678,leeg.pdf,,DA3205551,leeg.pdf,,DA3940443,leeg.pdf,,DA3629633,leeg.pdf,
DA3351640,leeg.pdf,,DA3933349,leeg.pdf,,DA3722446,leeg.pdf,,DA3549233,leeg.pdf,,DA3853311,leeg.pdf,,DA3881404,leeg.pdf,,DA3455926,leeg.pdf,,DA3105584,leeg.pdf,,DA3233415,leeg.pdf,,DA3944242,leeg.pdf,,DA3883125,leeg.pdf,,DA3058257,leeg.pdf,,DA3109800,leeg.pdf,,DA3645871,leeg.pdf,,DA3996434,leeg.pdf,
DA3807511,leeg.pdf,,DA3251847,leeg.pdf,,DA3668805,leeg.pdf,,DA3958478,leeg.pdf,,DA3324038,leeg.pdf,,DA3170960,leeg.pdf,,DA3850498,leeg.pdf,,DA3310349,leeg.pdf,,DA3745846,leeg.pdf,,DA3220384,leeg.pdf,,DA3779737,leeg.pdf,,DA3687370,leeg.pdf,,DA3624550,leeg.pdf,,DA3096138,leeg.pdf,,DA3082382,leeg.pdf,
DA3656164,leeg.pdf,,DA3110899,leeg.pdf,,DA3463109,leeg.pdf,,DA3062173,leeg.pdf,,DA3322005,leeg.pdf,,DA3806580,leeg.pdf,,DA3114207,leeg.pdf,,DA3513477,leeg.pdf,,DA3822128,leeg.pdf,,DA3519534,leeg.pdf,,DA3910906,leeg.pdf,,DA3214544,leeg.pdf,,DA3104732,leeg.pdf,,DA3749168,leeg.pdf,,DA3966245,leeg.pdf,
DA3869645,leeg.pdf,,DA3165820,leeg.pdf,,DA3181371,leeg.pdf,,DA3983049,leeg.pdf,,DA3427888,leeg.pdf,,DA3599636,leeg.pdf,,DA3195579,leeg.pdf,,DA3165818,leeg.pdf,,DA3969597,leeg.pdf,,DA3289220,leeg.pdf,,DA3577152,leeg.pdf,,DA3396299,leeg.pdf,,DA3559218,leeg.pdf,,DA3155582,leeg.pdf,,DA3505617,leeg.pdf,
DA3586524,leeg.pdf,,DA3470056,leeg.pdf,,DA3067353,leeg.pdf,,DA3624062,leeg.pdf,,DA3051811,leeg.pdf,,DA3839063,leeg.pdf,,DA3465943,leeg.pdf,,DA3610596,leeg.pdf,,DA3175857,leeg.pdf,,DA3079260,leeg.pdf,,DA3071683,leeg.pdf,,DA3320294,leeg.pdf,,DA3416706,leeg.pdf,,DA3230176,leeg.pdf,,DA3099903,leeg.pdf,
DA3433480,leeg.pdf,,DA3998786,leeg.pdf,,DA3435617,leeg.pdf,,DA3098838,leeg.pdf,,DA3485270,leeg.pdf,,DA3651650,leeg.pdf,,DA3168580,leeg.pdf,,DA3052817,leeg.pdf,,DA3071594,leeg.pdf,,DA3053431,leeg.pdf,,DA3238592,leeg.pdf,,DA3080772,leeg.pdf,,DA3341052,leeg.pdf,,DA3532662,leeg.pdf,,DA3047147,leeg.pdf,
DA3124629,leeg.pdf,,DA3847289,leeg.pdf,,DA3557897,leeg.pdf,,DA3319109,leeg.pdf,,DA3694617,leeg.pdf,,DA3130601,leeg.pdf,,DA3743655,leeg.pdf,,DA3165814,leeg.pdf,,DA3166756,leeg.pdf,,DA3191908,leeg.pdf,,DA3618095,leeg.pdf,,DA3169612,leeg.pdf,,DA3888841,leeg.pdf,,DA3239871,leeg.pdf,,DA3194899,leeg.pdf,
DA3955990,leeg.pdf,,DA3809673,leeg.pdf,,DA3632399,leeg.pdf,,DA3838326,leeg.pdf,,DA3587500,leeg.pdf,,DA3508700,leeg.pdf,,DA3700876,leeg.pdf,,DA3287213,leeg.pdf,,DA3373843,leeg.pdf,,DA3692425,leeg.pdf,,DA3460783,leeg.pdf,,DA3165222,leeg.pdf,,DA3267497,leeg.pdf,,DA3880327,leeg.pdf,,DA3115730,leeg.pdf,
DA3387508,leeg.pdf,,DA3362145,leeg.pdf,,DA3030781,leeg.pdf,,DA3122235,leeg.pdf,,DA3258955,leeg.pdf,,DA3135304,leeg.pdf,,DA3151079,leeg.pdf,,DA3092770,leeg.pdf,,DA3306313,leeg.pdf,,DA3034909,leeg.pdf,,DA3605194,leeg.pdf,,DA3077056,leeg.pdf,,DA3677082,leeg.pdf,,DA3874104,leeg.pdf,,DA3513834,leeg.pdf,
DA3868357,leeg.pdf,,DA3384395,leeg.pdf,,DA3152322,leeg.pdf,,DA3847479,leeg.pdf,,DA3809737,leeg.pdf,,DA3437776,leeg.pdf,,DA3768621,leeg.pdf,,DA3220133,leeg.pdf,,DA3829213,leeg.pdf,,DA3380287,leeg.pdf,,DA3855248,leeg.pdf,,DA3814185,leeg.pdf,,DA3476236,leeg.pdf,,DA3482024,leeg.pdf,,DA3980518,leeg.pdf,
DA3514063,leeg.pdf,,DA3925080,leeg.pdf,,DA3338654,leeg.pdf,,DA3748982,leeg.pdf,,DA3236568,leeg.pdf,,DA3105962,leeg.pdf,,DA3238211,leeg.pdf,,DA3097534,leeg.pdf,,DA3343063,leeg.pdf,,DA3981471,leeg.pdf,,DA3492784,leeg.pdf,,DA3345741,leeg.pdf,,DA3560122,leeg.pdf,,DA3095135,leeg.pdf,,DA3086859,leeg.pdf,
DA3513876,leeg.pdf,,DA3462783,leeg.pdf,,DA3364894,leeg.pdf,,DA3506498,leeg.pdf,,DA3677017,leeg.pdf,,DA3105913,leeg.pdf,,DA3120842,leeg.pdf,,DA3190946,leeg.pdf,,DA3635872,leeg.pdf,,DA3382727,leeg.pdf,,DA3058544,leeg.pdf,,DA3823433,leeg.pdf,,DA3294007,leeg.pdf,,DA3536374,leeg.pdf,,DA3198854,leeg.pdf,
DA3233388,leeg.pdf,,DA3829804,leeg.pdf,,DA3399298,leeg.pdf,,DA3924603,leeg.pdf,,DA3147442,leeg.pdf,,DA3231412,leeg.pdf,,DA3863933,leeg.pdf,,DA3238063,leeg.pdf,,DA3399894,leeg.pdf,,DA3789955,leeg.pdf,,DA3574417,leeg.pdf,,DA3208080,leeg.pdf,,DA3174856,leeg.pdf,,DA3247759,leeg.pdf,,DA3346392,leeg.pdf,
DA3250513,leeg.pdf,,DA3587087,leeg.pdf,,DA3888923,leeg.pdf,,DA3879116,leeg.pdf,,DA3328305,leeg.pdf,,DA3088516,leeg.pdf,,DA3603120,leeg.pdf,,DA3219745,leeg.pdf,,DA3117709,leeg.pdf,,DA3099040,leeg.pdf,,DA3784954,leeg.pdf,,DA3375507,leeg.pdf,,DA3836846,leeg.pdf,,DA3118254,leeg.pdf,,DA3208671,leeg.pdf,
DA3414877,leeg.pdf,,DA3325655,leeg.pdf,,DA3581754,leeg.pdf,,DA3048960,leeg.pdf,,DA3568974,leeg.pdf,,DA3429674,leeg.pdf,,DA3253875,leeg.pdf,,DA3664657,leeg.pdf,,DA3081784,leeg.pdf,,DA3081350,leeg.pdf,,DA3070525,leeg.pdf,,DA3111770,leeg.pdf,,DA3443059,leeg.pdf,,DA3953036,leeg.pdf,,DA3661464,leeg.pdf,
DA3795050,leeg.pdf,,DA3918753,leeg.pdf,,DA3642366,leeg.pdf,,DA3037204,leeg.pdf,,DA3146091,leeg.pdf,,DA3741901,leeg.pdf,,DA3507751,leeg.pdf,,DA3177835,leeg.pdf,,DA3180168,leeg.pdf,,DA3284462,leeg.pdf,,DA3093956,leeg.pdf,,DA3256934,leeg.pdf,,DA3194221,leeg.pdf,,DA3917388,leeg.pdf,,DA3821786,leeg.pdf,
DA3690990,leeg.pdf,,DA3430533,leeg.pdf,,DA3343286,leeg.pdf,,DA3701618,leeg.pdf,,DA3385443,leeg.pdf,,DA3738397,leeg.pdf,,DA3956684,leeg.pdf,,DA3338185,leeg.pdf,,DA3943561,leeg.pdf,,DA3981514,leeg.pdf,,DA3392886,leeg.pdf,,DA3357713,leeg.pdf,,DA3423149,leeg.pdf,,DA3309771,leeg.pdf,,DA3972812,leeg.pdf,
DA3628231,leeg.pdf,,DA3370003,leeg.pdf,,DA3265852,leeg.pdf,,DA3452242,leeg.pdf,,DA3171334,leeg.pdf,,DA3646759,leeg.pdf,,DA3790959,leeg.pdf,,DA3978502,leeg.pdf,,DA3602565,leeg.pdf,,DA3044084,leeg.pdf,,DA3950609,leeg.pdf,,DA3332117,leeg.pdf,,DA3058286,leeg.pdf,,DA3073763,leeg.pdf,,DA3289837,leeg.pdf,
DA3313859,leeg.pdf,,DA3575665,leeg.pdf,,DA3830377,leeg.pdf,,DA3746596,leeg.pdf,,DA3628007,leeg.pdf,,DA3104488,leeg.pdf,,DA3260736,leeg.pdf,,DA3980116,leeg.pdf,,DA3295831,leeg.pdf,,DA3454861,leeg.pdf,,DA3044205,leeg.pdf,,DA3678216,leeg.pdf,,DA3725338,leeg.pdf,,DA3619391,leeg.pdf,,DA3415263,leeg.pdf,
DA3330711,leeg.pdf,,DA3496541,leeg.pdf,,DA3199975,leeg.pdf,,DA3428928,leeg.pdf,,DA3953278,leeg.pdf,,DA3226283,leeg.pdf,,DA3661124,leeg.pdf,,DA3553455,leeg.pdf,,DA3120105,leeg.pdf,,DA3204104,leeg.pdf,,DA3508075,leeg.pdf,,DA3209509,leeg.pdf,,DA3706767,leeg.pdf,,DA3602372,leeg.pdf,,DA3632384,leeg.pdf,
DA3739482,leeg.pdf,,DA3391710,leeg.pdf,,DA3319399,leeg.pdf,,DA3923897,leeg.pdf,,DA3485233,leeg.pdf,,DA3493319,leeg.pdf,,DA3347855,leeg.pdf,,DA3045245,leeg.pdf,,DA3800668,leeg.pdf,,DA3511664,leeg.pdf,,DA3627876,leeg.pdf,,DA3306385,leeg.pdf,,DA3949056,leeg.pdf,,DA3353174,leeg.pdf,,DA3447571,leeg.pdf,
DA3231086,leeg.pdf,,DA3545170,leeg.pdf,,DA3801064,leeg.pdf,,DA3873858,leeg.pdf,,DA3058915,leeg.pdf,,DA3145329,leeg.pdf,,DA3105782,leeg.pdf,,DA3393548,leeg.pdf,,DA3175695,leeg.pdf,,DA3914295,leeg.pdf,,DA3512012,leeg.pdf,,DA3271729,leeg.pdf,,DA3270960,leeg.pdf,,DA3190853,leeg.pdf,,DA3486884,leeg.pdf,
DA3607190,leeg.pdf,,DA3640548,leeg.pdf,,DA3092730,leeg.pdf,,DA3289128,leeg.pdf,,DA3056250,leeg.pdf,,DA3274019,leeg.pdf,,DA3310287,leeg.pdf,,DA3659144,leeg.pdf,,DA3663323,leeg.pdf,,DA3673588,leeg.pdf,,DA3374091,leeg.pdf,,DA3533843,leeg.pdf,,DA3724688,leeg.pdf,,DA3470012,leeg.pdf,,DA3730017,leeg.pdf,
DA3575336,leeg.pdf,,DA3739867,leeg.pdf,,DA3260908,leeg.pdf,,DA3310988,leeg.pdf,,DA3925522,leeg.pdf,,DA3148577,leeg.pdf,,DA3053074,leeg.pdf,,DA3212785,leeg.pdf,,DA3156318,leeg.pdf,,DA3050808,leeg.pdf,,DA3665875,leeg.pdf,,DA3745922,leeg.pdf,,DA3506448,leeg.pdf,,DA3912881,leeg.pdf,,DA3144243,leeg.pdf,
DA3145340,leeg.pdf,,DA3557618,leeg.pdf,,DA3559277,leeg.pdf,,DA3133978,leeg.pdf,,DA3108016,leeg.pdf,,DA3055617,leeg.pdf,,DA3388251,leeg.pdf,,DA3500231,leeg.pdf,,DA3772477,leeg.pdf,,DA3075450,leeg.pdf,,DA3393683,leeg.pdf,,DA3562659,leeg.pdf,,DA3352682,leeg.pdf,,DA3269179,leeg.pdf,,DA3331984,leeg.pdf,
DA3671969,leeg.pdf,,DA3612589,leeg.pdf,,DA3142461,leeg.pdf,,DA3053785,leeg.pdf,,DA3200447,leeg.pdf,,DA3450247,leeg.pdf,,DA3082356,leeg.pdf,,DA3754419,leeg.pdf,,DA3206817,leeg.pdf,,DA3271661,leeg.pdf,,DA3157490,leeg.pdf,,DA3282339,leeg.pdf,,DA3783687,leeg.pdf,,DA3185338,leeg.pdf,,DA3062839,leeg.pdf,
DA3163697,leeg.pdf,,DA3187735,leeg.pdf,,DA3665100,leeg.pdf,,DA3387976,leeg.pdf,,DA3169454,leeg.pdf,,DA3048619,leeg.pdf,,DA3268906,leeg.pdf,,DA3185005,leeg.pdf,,DA3148503,leeg.pdf,,DA3454716,leeg.pdf,,DA3175960,leeg.pdf,,DA3687590,leeg.pdf,,DA3602227,leeg.pdf,,DA3692243,leeg.pdf,,DA3678509,leeg.pdf,
DA3076962,leeg.pdf,,DA3151596,leeg.pdf,,DA3585363,leeg.pdf,,DA3076161,leeg.pdf,,DA3406496,leeg.pdf,,DA3617114,leeg.pdf,,DA3240230,leeg.pdf,,DA3352181,leeg.pdf,,DA3130270,leeg.pdf,,DA3058735,leeg.pdf,,DA3169305,leeg.pdf,,DA3381318,leeg.pdf,,DA3368700,leeg.pdf,,DA3064215,leeg.pdf,,DA3114102,leeg.pdf,
DA3178385,leeg.pdf,,DA3274164,leeg.pdf,,DA3727655,leeg.pdf,,DA3334800,leeg.pdf,,DA3596157,leeg.pdf,,DA3512694,leeg.pdf,,DA3773319,leeg.pdf,,DA3423691,leeg.pdf,,DA3235043,leeg.pdf,,DA3292367,leeg.pdf,,DA3361139,leeg.pdf,,DA3215435,leeg.pdf,,DA3280332,leeg.pdf,,DA3432112,leeg.pdf,,DA3411014,leeg.pdf,
DA3676043,leeg.pdf,,DA3853047,leeg.pdf,,DA3158289,leeg.pdf,,DA3720164,leeg.pdf,,DA3124509,leeg.pdf,,DA3067395,leeg.pdf,,DA3600689,leeg.pdf,,DA3139780,leeg.pdf,,DA3282517,leeg.pdf,,DA3759870,leeg.pdf,,DA3856378,leeg.pdf,,DA3128678,leeg.pdf,,DA3115648,leeg.pdf,,DA3310277,leeg.pdf,,DA3295396,leeg.pdf,
DA3328811,leeg.pdf,,DA3050555,leeg.pdf,,DA3392290,leeg.pdf,,DA3364275,leeg.pdf,,DA3178238,leeg.pdf,,DA3302253,leeg.pdf,,DA3434737,leeg.pdf,,DA3708367,leeg.pdf,,DA3254609,leeg.pdf,,DA3994203,leeg.pdf,,DA3331823,leeg.pdf,,DA3684599,leeg.pdf,,DA3764398,leeg.pdf,,DA3306428,leeg.pdf,,DA3148732,leeg.pdf,
DA3702057,leeg.pdf,,DA3168864,leeg.pdf,,DA3819086,leeg.pdf,,DA3311016,leeg.pdf,,DA3903260,leeg.pdf,,DA3161876,leeg.pdf,,DA3455803,leeg.pdf,,DA3580398,leeg.pdf,,DA3765085,leeg.pdf,,DA3740433,leeg.pdf,,DA3187014,leeg.pdf,,DA3409439,leeg.pdf,,DA3200552,leeg.pdf,,DA3823606,leeg.pdf,,DA3892735,leeg.pdf,
DA3483599,leeg.pdf,,DA3377663,leeg.pdf,,DA3201237,leeg.pdf,,DA3667950,leeg.pdf,,DA3342948,leeg.pdf,,DA3386819,leeg.pdf,,DA3054509,leeg.pdf,,DA3663163,leeg.pdf,,DA3053428,leeg.pdf,,DA3914588,leeg.pdf,,DA3601458,leeg.pdf,,DA3247071,leeg.pdf,,DA3754959,leeg.pdf,,DA3801171,leeg.pdf,,DA3798300,leeg.pdf,
DA3536418,leeg.pdf,,DA3342270,leeg.pdf,,DA3113876,leeg.pdf,,DA3408474,leeg.pdf,,DA3827171,leeg.pdf,,DA3111682,leeg.pdf,,DA3248103,leeg.pdf,,DA3597591,leeg.pdf,,DA3626146,leeg.pdf,,DA3227958,leeg.pdf,,DA3278727,leeg.pdf,,DA3513928,leeg.pdf,,DA3783709,leeg.pdf,,DA3164874,leeg.pdf,,DA3056474,leeg.pdf,
DA3366121,leeg.pdf,,DA3464771,leeg.pdf,,DA3159137,leeg.pdf,,DA3987973,leeg.pdf,,DA3667738,leeg.pdf,,DA3810665,leeg.pdf,,DA3785858,leeg.pdf,,DA3234150,leeg.pdf,,DA3317939,leeg.pdf,,DA3728663,leeg.pdf,,DA3073868,leeg.pdf,,DA3950580,leeg.pdf,,DA3191132,leeg.pdf,,DA3827857,leeg.pdf,,DA3371819,leeg.pdf,
DA3636820,leeg.pdf,,DA3045356,leeg.pdf,,DA3482440,leeg.pdf,,DA3555577,leeg.pdf,,DA3919802,leeg.pdf,,DA3746059,leeg.pdf,,DA3201321,leeg.pdf,,DA3086127,leeg.pdf,,DA3891532,leeg.pdf,,DA3610963,leeg.pdf,,DA3169015,leeg.pdf,,DA3312282,leeg.pdf,,DA3704728,leeg.pdf,,DA3796760,leeg.pdf,,DA3235829,leeg.pdf,
DA3032164,leeg.pdf,,DA3247313,leeg.pdf,,DA3307657,leeg.pdf,,DA3275368,leeg.pdf,,DA3384703,leeg.pdf,,DA3745892,leeg.pdf,,DA3457259,leeg.pdf,,DA3318385,leeg.pdf,,DA3997245,leeg.pdf,,DA3244115,leeg.pdf,,DA3425112,leeg.pdf,,DA3724587,leeg.pdf,,DA3765251,leeg.pdf,,DA3860187,leeg.pdf,,DA3267259,leeg.pdf,
DA3472603,leeg.pdf,,DA3031167,leeg.pdf,,DA3996783,leeg.pdf,,DA3611653,leeg.pdf,,DA3993671,leeg.pdf,,DA3898065,leeg.pdf,,DA3291968,leeg.pdf,,DA3246280,leeg.pdf,,DA3973186,leeg.pdf,,DA3141422,leeg.pdf,,DA3359202,leeg.pdf,,DA3122293,leeg.pdf,,DA3731042,leeg.pdf,,DA3754076,leeg.pdf,,DA3809664,leeg.pdf,
DA3289557,leeg.pdf,,DA3229734,leeg.pdf,,DA3180095,leeg.pdf,,DA3079519,leeg.pdf,,DA3251843,leeg.pdf,,DA3310353,leeg.pdf,,DA3675933,leeg.pdf,,DA3187528,leeg.pdf,,DA3410824,leeg.pdf,,DA3241271,leeg.pdf,,DA3602567,leeg.pdf,,DA3311810,leeg.pdf,,DA3452889,leeg.pdf,,DA3207669,leeg.pdf,,DA3421236,leeg.pdf,
DA3408887,leeg.pdf,,DA3155589,leeg.pdf,,DA3879512,leeg.pdf,,DA3303790,leeg.pdf,,DA3160619,leeg.pdf,,DA3927897,leeg.pdf,,DA3903807,leeg.pdf,,DA3846280,leeg.pdf,,DA3756628,leeg.pdf,,DA3860811,leeg.pdf,,DA3142321,leeg.pdf,,DA3406760,leeg.pdf,,DA3566895,leeg.pdf,,DA3576318,leeg.pdf,,DA3190778,leeg.pdf,
DA3304960,leeg.pdf,,DA3313038,leeg.pdf,,DA3563885,leeg.pdf,,DA3287528,leeg.pdf,,DA3101562,leeg.pdf,,DA3786296,leeg.pdf,,DA3513995,leeg.pdf,,DA3248071,leeg.pdf,,DA3132673,leeg.pdf,,DA3585938,leeg.pdf,,DA3731793,leeg.pdf,,DA3228102,leeg.pdf,,DA3080085,leeg.pdf,,DA3822321,leeg.pdf,,DA3614863,leeg.pdf,
DA3087398,leeg.pdf,,DA3166103,leeg.pdf,,DA3431334,leeg.pdf,,DA3193321,leeg.pdf,,DA3245731,leeg.pdf,,DA3068205,leeg.pdf,,DA3698593,leeg.pdf,,DA3357964,leeg.pdf,,DA3072781,leeg.pdf,,DA3668280,leeg.pdf,,DA3553553,leeg.pdf,,DA3379295,leeg.pdf,,DA3378568,leeg.pdf,,DA3539201,leeg.pdf,,DA3085586,leeg.pdf,
DA3299504,leeg.pdf,,DA3373427,leeg.pdf,,DA3213425,leeg.pdf,,DA3411562,leeg.pdf,,DA3084858,leeg.pdf,,DA3188542,leeg.pdf,,DA3992834,leeg.pdf,,DA3167383,leeg.pdf,,DA3423623,leeg.pdf,,DA3148605,leeg.pdf,,DA3321092,leeg.pdf,,DA3097930,leeg.pdf,,DA3129610,leeg.pdf,,DA3899684,leeg.pdf,,DA3176602,leeg.pdf,
DA3702504,leeg.pdf,,DA3740808,leeg.pdf,,DA3171190,leeg.pdf,,DA3096063,leeg.pdf,,DA3488109,leeg.pdf,,DA3857444,leeg.pdf,,DA3934979,leeg.pdf,,DA3394859,leeg.pdf,,DA3245554,leeg.pdf,,DA3424088,leeg.pdf,,DA3778596,leeg.pdf,,DA3474419,leeg.pdf,,DA3431446,leeg.pdf,,DA3466049,leeg.pdf,,DA3876935,leeg.pdf,
DA3467441,leeg.pdf,,DA3093414,leeg.pdf,,DA3766577,leeg.pdf,,DA3555832,leeg.pdf,,DA3649091,leeg.pdf,,DA3517689,leeg.pdf,,DA3112394,leeg.pdf,,DA3231192,leeg.pdf,,DA3868967,leeg.pdf,,DA3599093,leeg.pdf,,DA3604320,leeg.pdf,,DA3100450,leeg.pdf,,DA3448768,leeg.pdf,,DA3488172,leeg.pdf,,DA3200041,leeg.pdf,
DA3798698,leeg.pdf,,DA3402262,leeg.pdf,,DA3066073,leeg.pdf,,DA3689454,leeg.pdf,,DA3293270,leeg.pdf,,DA3515561,leeg.pdf,,DA3833160,leeg.pdf,,DA3522655,leeg.pdf,,DA3509326,leeg.pdf,,DA3572167,leeg.pdf,,DA3708771,leeg.pdf,,DA3122909,leeg.pdf,,DA3203746,leeg.pdf,,DA3241298,leeg.pdf,,DA3107092,leeg.pdf,
DA3837826,leeg.pdf,,DA3864260,leeg.pdf,,DA3812313,leeg.pdf,,DA3778789,leeg.pdf,,DA3226734,leeg.pdf,,DA3068527,leeg.pdf,,DA3299050,leeg.pdf,,DA3325954,leeg.pdf,,DA3389088,leeg.pdf,,DA3727285,leeg.pdf,,DA3075345,leeg.pdf,,DA3086852,leeg.pdf,,DA3319222,leeg.pdf,,DA3758034,leeg.pdf,,DA3509366,leeg.pdf,
DA3920271,leeg.pdf,,DA3145564,leeg.pdf,,DA3681430,leeg.pdf,,DA3929450,leeg.pdf,,DA3291847,leeg.pdf,,DA3406008,leeg.pdf,,DA3693683,leeg.pdf,,DA3703747,leeg.pdf,,DA3245482,leeg.pdf,,DA3760815,leeg.pdf,,DA3274094,leeg.pdf,,DA3390446,leeg.pdf,,DA3140658,leeg.pdf,,DA3118565,leeg.pdf,,DA3034725,leeg.pdf,
DA3768335,leeg.pdf,,DA3391792,leeg.pdf,,DA3857787,leeg.pdf,,DA3804754,leeg.pdf,,DA3435140,leeg.pdf,,DA3059922,leeg.pdf,,DA3308847,leeg.pdf,,DA3738580,leeg.pdf,,DA3407654,leeg.pdf,,DA3922606,leeg.pdf,,DA3273781,leeg.pdf,,DA3997013,leeg.pdf,,DA3598334,leeg.pdf,,DA3354209,leeg.pdf,,DA3937333,leeg.pdf,
DA3644868,leeg.pdf,,DA3452535,leeg.pdf,,DA3166677,leeg.pdf,,DA3795473,leeg.pdf,,DA3210231,leeg.pdf,,DA3091240,leeg.pdf,,DA3073975,leeg.pdf,,DA3901271,leeg.pdf,,DA3308027,leeg.pdf,,DA3469547,leeg.pdf,,DA3754631,leeg.pdf,,DA3296342,leeg.pdf,,DA3511213,leeg.pdf,,DA3052257,leeg.pdf,,DA3460085,leeg.pdf,
DA3186627,leeg.pdf,,DA3094211,leeg.pdf,,DA3594695,leeg.pdf,,DA3284814,leeg.pdf,,DA3283764,leeg.pdf,,DA3183945,leeg.pdf,,DA3953451,leeg.pdf,,DA3426094,leeg.pdf,,DA3202201,leeg.pdf,,DA3865900,leeg.pdf,,DA3468572,leeg.pdf,,DA3109739,leeg.pdf,,DA3421542,leeg.pdf,,DA3602570,leeg.pdf,,DA3122600,leeg.pdf,
DA3551440,leeg.pdf,,DA3602700,leeg.pdf,,DA3084662,leeg.pdf,,DA3949724,leeg.pdf,,DA3685214,leeg.pdf,,DA3419699,leeg.pdf,,DA3390256,leeg.pdf,,DA3081401,leeg.pdf,,DA3953600,leeg.pdf,,DA3347871,leeg.pdf,,DA3167016,leeg.pdf,,DA3145046,leeg.pdf,,DA3502451,leeg.pdf,,DA3959544,leeg.pdf,,DA3255539,leeg.pdf,
DA3594662,leeg.pdf,,DA3370800,leeg.pdf,,DA3776491,leeg.pdf,,DA3560465,leeg.pdf,,DA3218705,leeg.pdf,,DA3997662,leeg.pdf,,DA3534223,leeg.pdf,,DA3301341,leeg.pdf,,DA3472734,leeg.pdf,,DA3072717,leeg.pdf,,DA3809018,leeg.pdf,,DA3276967,leeg.pdf,,DA3407344,leeg.pdf,,DA3275847,leeg.pdf,,DA3203195,leeg.pdf,
DA3914700,leeg.pdf,,DA3952073,leeg.pdf,,DA3418939,leeg.pdf,,DA3752269,leeg.pdf,,DA3297200,leeg.pdf,,DA3052524,leeg.pdf,,DA3107416,leeg.pdf,,DA3962190,leeg.pdf,,DA3490306,leeg.pdf,,DA3423723,leeg.pdf,,DA3569415,leeg.pdf,,DA3071992,leeg.pdf,,DA3695083,leeg.pdf,,DA3296390,leeg.pdf,,DA3438047,leeg.pdf,
DA3433336,leeg.pdf,,DA3208697,leeg.pdf,,DA3101052,leeg.pdf,,DA3232510,leeg.pdf,,DA3150697,leeg.pdf,,DA3497937,leeg.pdf,,DA3086722,leeg.pdf,,DA3469251,leeg.pdf,,DA3252475,leeg.pdf,,DA3095109,leeg.pdf,,DA3331604,leeg.pdf,,DA3920619,leeg.pdf,,DA3792374,leeg.pdf,,DA3293557,leeg.pdf,,DA3117801,leeg.pdf,
DA3299626,leeg.pdf,,DA3641578,leeg.pdf,,DA3493775,leeg.pdf,,DA3724228,leeg.pdf,,DA3360391,leeg.pdf,,DA3366397,leeg.pdf,,DA3898158,leeg.pdf,,DA3345865,leeg.pdf,,DA3096395,leeg.pdf,,DA3802209,leeg.pdf,,DA3555145,leeg.pdf,,DA3244092,leeg.pdf,,DA3297423,leeg.pdf,,DA3337506,leeg.pdf,,DA3177665,leeg.pdf,
DA3490985,leeg.pdf,,DA3044928,leeg.pdf,,DA3464041,leeg.pdf,,DA3594678,leeg.pdf,,DA3484476,leeg.pdf,,DA3782784,leeg.pdf,,DA3551966,leeg.pdf,,DA3340734,leeg.pdf,,DA3653301,leeg.pdf,,DA3321971,leeg.pdf,,DA3888071,leeg.pdf,,DA3316405,leeg.pdf,,DA3464408,leeg.pdf,,DA3975912,leeg.pdf,,DA3825533,leeg.pdf,
DA3713209,leeg.pdf,,DA3522680,leeg.pdf,,DA3377416,leeg.pdf,,DA3437397,leeg.pdf,,DA3730404,leeg.pdf,,DA3295336,leeg.pdf,,DA3362944,leeg.pdf,,DA3326509,leeg.pdf,,DA3779125,leeg.pdf,,DA3337581,leeg.pdf,,DA3714965,leeg.pdf,,DA3145163,leeg.pdf,,DA3523107,leeg.pdf,,DA3692814,leeg.pdf,,DA3075874,leeg.pdf,
DA3090729,leeg.pdf,,DA3398614,leeg.pdf,,DA3524230,leeg.pdf,,DA3671083,leeg.pdf,,DA3053545,leeg.pdf,,DA3162405,leeg.pdf,,DA3110870,leeg.pdf,,DA3421491,leeg.pdf,,DA3561213,leeg.pdf,,DA3667253,leeg.pdf,,DA3578004,leeg.pdf,,DA3194228,leeg.pdf,,DA3862909,leeg.pdf,,DA3130007,leeg.pdf,,DA3230200,leeg.pdf,
DA3128998,leeg.pdf,,DA3235121,leeg.pdf,,DA3305092,leeg.pdf,,DA3859435,leeg.pdf,,DA3543643,leeg.pdf,,DA3199260,leeg.pdf,,DA3838456,leeg.pdf,,DA3338924,leeg.pdf,,DA3795831,leeg.pdf,,DA3114715,leeg.pdf,,DA3270200,leeg.pdf,,DA3334516,leeg.pdf,,DA3542481,leeg.pdf,,DA3524438,leeg.pdf,,DA3281803,leeg.pdf,
DA3762358,leeg.pdf,,DA3644874,leeg.pdf,,DA3505672,leeg.pdf,,DA3479521,leeg.pdf,,DA3176836,leeg.pdf,,DA3514725,leeg.pdf,,DA3075109,leeg.pdf,,DA3561071,leeg.pdf,,DA3784577,leeg.pdf,,DA3812581,leeg.pdf,,DA3834048,leeg.pdf,,DA3296767,leeg.pdf,,DA3391751,leeg.pdf,,DA3081901,leeg.pdf,,DA3674156,leeg.pdf,
DA3692677,leeg.pdf,,DA3697195,leeg.pdf,,DA3174586,leeg.pdf,,DA3157242,leeg.pdf,,DA3737402,leeg.pdf,,DA3224095,leeg.pdf,,DA3793109,leeg.pdf,,DA3211943,leeg.pdf,,DA3986630,leeg.pdf,,DA3868390,leeg.pdf,,DA3265141,leeg.pdf,,DA3569084,leeg.pdf,,DA3376264,leeg.pdf,,DA3502563,leeg.pdf,,DA3163901,leeg.pdf,
DA3698943,leeg.pdf,,DA3800366,leeg.pdf,,DA3273104,leeg.pdf,,DA3728228,leeg.pdf,,DA3587249,leeg.pdf,,DA3216433,leeg.pdf,,DA3069210,leeg.pdf,,DA3480709,leeg.pdf,,DA3350914,leeg.pdf,,DA3551759,leeg.pdf,,DA3458498,leeg.pdf,,DA3826082,leeg.pdf,,DA3556413,leeg.pdf,,DA3314857,leeg.pdf,,DA3447448,leeg.pdf,
DA3340397,leeg.pdf,,DA3045347,leeg.pdf,,DA3331449,leeg.pdf,,DA3582352,leeg.pdf,,DA3623305,leeg.pdf,,DA3674087,leeg.pdf,,DA3682907,leeg.pdf,,DA3348108,leeg.pdf,,DA3550927,leeg.pdf,,DA3110851,leeg.pdf,,DA3746474,leeg.pdf,,DA3755996,leeg.pdf,,DA3225245,leeg.pdf,,DA3570785,leeg.pdf,,DA3410141,leeg.pdf,
DA3132531,leeg.pdf,,DA3812806,leeg.pdf,,DA3035188,leeg.pdf,,DA3363648,leeg.pdf,,DA3517567,leeg.pdf,,DA3997508,leeg.pdf,,DA3637884,leeg.pdf,,DA3902478,leeg.pdf,,DA3142343,leeg.pdf,,DA3758653,leeg.pdf,,DA3790391,leeg.pdf,,DA3146207,leeg.pdf,,DA3208928,leeg.pdf,,DA3039910,leeg.pdf,,DA3781479,leeg.pdf,
DA3186440,leeg.pdf,,DA3114580,leeg.pdf,,DA3544261,leeg.pdf,,DA3164114,leeg.pdf,,DA3101891,leeg.pdf,,DA3249670,leeg.pdf,,DA3263228,leeg.pdf,,DA3408226,leeg.pdf,,DA3405791,leeg.pdf,,DA3064180,leeg.pdf,,DA3823447,leeg.pdf,,DA3642149,leeg.pdf,,DA3061660,leeg.pdf,,DA3976618,leeg.pdf,,DA3403507,leeg.pdf,
DA3584332,leeg.pdf,,DA3063087,leeg.pdf,,DA3030324,leeg.pdf,,DA3109983,leeg.pdf,,DA3399636,leeg.pdf,,DA3845284,leeg.pdf,,DA3172420,leeg.pdf,,DA3215881,leeg.pdf,,DA3248950,leeg.pdf,,DA3920866,leeg.pdf,,DA3254900,leeg.pdf,,DA3241677,leeg.pdf,,DA3134288,leeg.pdf,,DA3999202,leeg.pdf,,DA3608123,leeg.pdf,
DA3109643,leeg.pdf,,DA3787841,leeg.pdf,,DA3721549,leeg.pdf,,DA3252914,leeg.pdf,,DA3166380,leeg.pdf,,DA3280672,leeg.pdf,,DA3738243,leeg.pdf,,DA3668075,leeg.pdf,,DA3032216,leeg.pdf,,DA3291313,leeg.pdf,,DA3127723,leeg.pdf,,DA3128060,leeg.pdf,,DA3064258,leeg.pdf,,DA3136579,leeg.pdf,,DA3632163,leeg.pdf,
DA3377415,leeg.pdf,,DA3152173,leeg.pdf,,DA3199604,leeg.pdf,,DA3314511,leeg.pdf,,DA3193018,leeg.pdf,,DA3316805,leeg.pdf,,DA3838113,leeg.pdf,,DA3863197,leeg.pdf,,DA3188073,leeg.pdf,,DA3111170,leeg.pdf,,DA3037984,leeg.pdf,,DA3420051,leeg.pdf,,DA3049526,leeg.pdf,,DA3808865,leeg.pdf,,DA3898654,leeg.pdf,
DA3752857,leeg.pdf,,DA3573456,leeg.pdf,,DA3048150,leeg.pdf,,DA3322340,leeg.pdf,,DA3198128,leeg.pdf,,DA3611239,leeg.pdf,,DA3252594,leeg.pdf,,DA3287352,leeg.pdf,,DA3067615,leeg.pdf,,DA3916759,leeg.pdf,,DA3167535,leeg.pdf,,DA3328126,leeg.pdf,,DA3053138,leeg.pdf,,DA3988791,leeg.pdf,,DA3275806,leeg.pdf,
DA3486915,leeg.pdf,,DA3276281,leeg.pdf,,DA3173729,leeg.pdf,,DA3821322,leeg.pdf,,DA3955937,leeg.pdf,,DA3113732,leeg.pdf,,DA3538674,leeg.pdf,,DA3386472,leeg.pdf,,DA3547402,leeg.pdf,,DA3226441,leeg.pdf,,DA3330425,leeg.pdf,,DA3247339,leeg.pdf,,DA3293617,leeg.pdf,,DA3047878,leeg.pdf,,DA3584319,leeg.pdf,
DA3108444,leeg.pdf,,DA3166911,leeg.pdf,,DA3365574,leeg.pdf,,DA3248807,leeg.pdf,,DA3841124,leeg.pdf,,DA3872090,leeg.pdf,,DA3891307,leeg.pdf,,DA3124161,leeg.pdf,,DA3457988,leeg.pdf,,DA3563118,leeg.pdf,,DA3921378,leeg.pdf,,DA3428017,leeg.pdf,,DA3360149,leeg.pdf,,DA3322281,leeg.pdf,,DA3970890,leeg.pdf,
DA3705788,leeg.pdf,,DA3398194,leeg.pdf,,DA3256232,leeg.pdf,,DA3561936,leeg.pdf,,DA3727348,leeg.pdf,,DA3363357,leeg.pdf,,DA3383246,leeg.pdf,,DA3540268,leeg.pdf,,DA3454892,leeg.pdf,,DA3310278,leeg.pdf,,DA3186378,leeg.pdf,,DA3982614,leeg.pdf,,DA3387999,leeg.pdf,,DA3454984,leeg.pdf,,DA3823322,leeg.pdf,
DA3680654,leeg.pdf,,DA3378537,leeg.pdf,,DA3331749,leeg.pdf,,DA3598576,leeg.pdf,,DA3475899,leeg.pdf,,DA3664755,leeg.pdf,,DA3116730,leeg.pdf,,DA3572824,leeg.pdf,,DA3083644,leeg.pdf,,DA3220302,leeg.pdf,,DA3132821,leeg.pdf,,DA3781990,leeg.pdf,,DA3859901,leeg.pdf,,DA3098078,leeg.pdf,,DA3400331,leeg.pdf,
DA3431940,leeg.pdf,,DA3468163,leeg.pdf,,DA3361984,leeg.pdf,,DA3426611,leeg.pdf,,DA3956633,leeg.pdf,,DA3775959,leeg.pdf,,DA3986375,leeg.pdf,,DA3578281,leeg.pdf,,DA3044423,leeg.pdf,,DA3141546,leeg.pdf,,DA3731124,leeg.pdf,,DA3374865,leeg.pdf,,DA3190090,leeg.pdf,,DA3295912,leeg.pdf,,DA3322942,leeg.pdf,
DA3263952,leeg.pdf,,DA3277957,leeg.pdf,,DA3069925,leeg.pdf,,DA3975647,leeg.pdf,,DA3311169,leeg.pdf,,DA3713401,leeg.pdf,,DA3726374,leeg.pdf,,DA3293168,leeg.pdf,,DA3198384,leeg.pdf,,DA3330093,leeg.pdf,,DA3917590,leeg.pdf,,DA3144971,leeg.pdf,,DA3548243,leeg.pdf,,DA3665482,leeg.pdf,,DA3259220,leeg.pdf,
DA3654097,leeg.pdf,,DA3934489,leeg.pdf,,DA3068509,leeg.pdf,,DA3823771,leeg.pdf,,DA3117622,leeg.pdf,,DA3266012,leeg.pdf,,DA3590882,leeg.pdf,,DA3531529,leeg.pdf,,DA3826122,leeg.pdf,,DA3048993,leeg.pdf,,DA3214365,leeg.pdf,,DA3138930,leeg.pdf,,DA3453685,leeg.pdf,,DA3859906,leeg.pdf,,DA3296257,leeg.pdf,
DA3132705,leeg.pdf,,DA3199275,leeg.pdf,,DA3200224,leeg.pdf,,DA3269402,leeg.pdf,,DA3369911,leeg.pdf,,DA3721390,leeg.pdf,,DA3775425,leeg.pdf,,DA3266017,leeg.pdf,,DA3312660,leeg.pdf,,DA3275868,leeg.pdf,,DA3711957,leeg.pdf,,DA3430911,leeg.pdf,,DA3187813,leeg.pdf,,DA3431043,leeg.pdf,,DA3719868,leeg.pdf,
DA3363672,leeg.pdf,,DA3270838,leeg.pdf,,DA3235200,leeg.pdf,,DA3112308,leeg.pdf,,DA3505379,leeg.pdf,,DA3063625,leeg.pdf,,DA3743942,leeg.pdf,,DA3372995,leeg.pdf,,DA3867093,leeg.pdf,,DA3073873,leeg.pdf,,DA3238696,leeg.pdf,,DA3103838,leeg.pdf,,DA3328015,leeg.pdf,,DA3319778,leeg.pdf,,DA3151321,leeg.pdf,
DA3996746,leeg.pdf,,DA3589465,leeg.pdf,,DA3188795,leeg.pdf,,DA3065437,leeg.pdf,,DA3197331,leeg.pdf,,DA3871119,leeg.pdf,,DA3397616,leeg.pdf,,DA3653514,leeg.pdf,,DA3166043,leeg.pdf,,DA3211203,leeg.pdf,,DA3610130,leeg.pdf,,DA3573516,leeg.pdf,,DA3297767,leeg.pdf,,DA3206179,leeg.pdf,,DA3924373,leeg.pdf,
DA3124444,leeg.pdf,,DA3349730,leeg.pdf,,DA3849502,leeg.pdf,,DA3059552,leeg.pdf,,DA3296271,leeg.pdf,,DA3130691,leeg.pdf,,DA3904148,leeg.pdf,,DA3639263,leeg.pdf,,DA3439243,leeg.pdf,,DA3255291,leeg.pdf,,DA3518874,leeg.pdf,,DA3304332,leeg.pdf,,DA3801039,leeg.pdf,,DA3403831,leeg.pdf,,DA3036667,leeg.pdf,
DA3094376,leeg.pdf,,DA3675040,leeg.pdf,,DA3491992,leeg.pdf,,DA3114502,leeg.pdf,,DA3112121,leeg.pdf,,DA3132017,leeg.pdf,,DA3728179,leeg.pdf,,DA3126335,leeg.pdf,,DA3641508,leeg.pdf,,DA3339630,leeg.pdf,,DA3256632,leeg.pdf,,DA3781932,leeg.pdf,,DA3200121,leeg.pdf,,DA3669991,leeg.pdf,,DA3498073,leeg.pdf,
DA3820268,leeg.pdf,,DA3552593,leeg.pdf,,DA3108396,leeg.pdf,,DA3823027,leeg.pdf,,DA3120935,leeg.pdf,,DA3731965,leeg.pdf,,DA3873559,leeg.pdf,,DA3401663,leeg.pdf,,DA3190581,leeg.pdf,,DA3682496,leeg.pdf,,DA3252172,leeg.pdf,,DA3825011,leeg.pdf,,DA3919411,leeg.pdf,,DA3449119,leeg.pdf,,DA3431327,leeg.pdf,
DA3345917,leeg.pdf,,DA3602935,leeg.pdf,,DA3641957,leeg.pdf,,DA3312427,leeg.pdf,,DA3284422,leeg.pdf,,DA3454394,leeg.pdf,,DA3693747,leeg.pdf,,DA3600586,leeg.pdf,,DA3751558,leeg.pdf,,DA3947541,leeg.pdf,,DA3839271,leeg.pdf,,DA3270759,leeg.pdf,,DA3400471,leeg.pdf,,DA3065872,leeg.pdf,,DA3211953,leeg.pdf,
DA3170230,leeg.pdf,,DA3068213,leeg.pdf,,DA3098412,leeg.pdf,,DA3386880,leeg.pdf,,DA3634292,leeg.pdf,,DA3441677,leeg.pdf,,DA3505063,leeg.pdf,,DA3579785,leeg.pdf,,DA3529849,leeg.pdf,,DA3270437,leeg.pdf,,DA3776675,leeg.pdf,,DA3203117,leeg.pdf,,DA3393427,leeg.pdf,,DA3660009,leeg.pdf,,DA3905434,leeg.pdf,
DA3797799,leeg.pdf,,DA3175988,leeg.pdf,,DA3780346,leeg.pdf,,DA3346031,leeg.pdf,,DA3164285,leeg.pdf,,DA3438990,leeg.pdf,,DA3746334,leeg.pdf,,DA3506151,leeg.pdf,,DA3224859,leeg.pdf,,DA3062479,leeg.pdf,,DA3597950,leeg.pdf,,DA3817415,leeg.pdf,,DA3870708,leeg.pdf,,DA3779076,leeg.pdf,,DA3054037,leeg.pdf,
DA3080034,leeg.pdf,,DA3075862,leeg.pdf,,DA3193070,leeg.pdf,,DA3861326,leeg.pdf,,DA3130408,leeg.pdf,,DA3433161,leeg.pdf,,DA3927519,leeg.pdf,,DA3202896,leeg.pdf,,DA3678775,leeg.pdf,,DA3511926,leeg.pdf,,DA3833755,leeg.pdf,,DA3563644,leeg.pdf,,DA3996353,leeg.pdf,,DA3766236,leeg.pdf,,DA3919968,leeg.pdf,
DA3939580,leeg.pdf,,DA3093766,leeg.pdf,,DA3258480,leeg.pdf,,DA3050824,leeg.pdf,,DA3330760,leeg.pdf,,DA3132005,leeg.pdf,,DA3619090,leeg.pdf,,DA3943822,leeg.pdf,,DA3315900,leeg.pdf,,DA3815587,leeg.pdf,,DA3992519,leeg.pdf,,DA3179760,leeg.pdf,,DA3093640,leeg.pdf,,DA3889399,leeg.pdf,,DA3806531,leeg.pdf,
DA3155530,leeg.pdf,,DA3859523,leeg.pdf,,DA3845334,leeg.pdf,,DA3478592,leeg.pdf,,DA3717885,leeg.pdf,,DA3183646,leeg.pdf,,DA3183013,leeg.pdf,,DA3190110,leeg.pdf,,DA3588965,leeg.pdf,,DA3123477,leeg.pdf,,DA3353414,leeg.pdf,,DA3758086,leeg.pdf,,DA3048106,leeg.pdf,,DA3053835,leeg.pdf,,DA3416195,leeg.pdf,
DA3711112,leeg.pdf,,DA3735048,leeg.pdf,,DA3680719,leeg.pdf,,DA3061039,leeg.pdf,,DA3348638,leeg.pdf,,DA3486892,leeg.pdf,,DA3081208,leeg.pdf,,DA3167511,leeg.pdf,,DA3049941,leeg.pdf,,DA3611656,leeg.pdf,,DA3563224,leeg.pdf,,DA3832501,leeg.pdf,,DA3226978,leeg.pdf,,DA3649159,leeg.pdf,,DA3356940,leeg.pdf,
DA3114607,leeg.pdf,,DA3220076,leeg.pdf,,DA3087756,leeg.pdf,,DA3820791,leeg.pdf,,DA3639576,leeg.pdf,,DA3924553,leeg.pdf,,DA3377399,leeg.pdf,,DA3782599,leeg.pdf,,DA3547327,leeg.pdf,,DA3066969,leeg.pdf,,DA3474964,leeg.pdf,,DA3605878,leeg.pdf,,DA3947046,leeg.pdf,,DA3586017,leeg.pdf,,DA3348023,leeg.pdf,
DA3773301,leeg.pdf,,DA3954835,leeg.pdf,,DA3147823,leeg.pdf,,DA3134139,leeg.pdf,,DA3297873,leeg.pdf,,DA3333162,leeg.pdf,,DA3574170,leeg.pdf,,DA3435773,leeg.pdf,,DA3495848,leeg.pdf,,DA3266406,leeg.pdf,,DA3500518,leeg.pdf,,DA3046849,leeg.pdf,,DA3157758,leeg.pdf,,DA3826288,leeg.pdf,,DA3312005,leeg.pdf,
DA3385681,leeg.pdf,,DA3854135,leeg.pdf,,DA3099532,leeg.pdf,,DA3401529,leeg.pdf,,DA3726648,leeg.pdf,,DA3536403,leeg.pdf,,DA3409072,leeg.pdf,,DA3169859,leeg.pdf,,DA3762185,leeg.pdf,,DA3767142,leeg.pdf,,DA3229003,leeg.pdf,,DA3664842,leeg.pdf,,DA3973332,leeg.pdf,,DA3316016,leeg.pdf,,DA3207130,leeg.pdf,
DA3103042,leeg.pdf,,DA3612752,leeg.pdf,,DA3148910,leeg.pdf,,DA3237551,leeg.pdf,,DA3625694,leeg.pdf,,DA3485263,leeg.pdf,,DA3105526,leeg.pdf,,DA3288193,leeg.pdf,,DA3196915,leeg.pdf,,DA3745668,leeg.pdf,,DA3520546,leeg.pdf,,DA3896369,leeg.pdf,,DA3915667,leeg.pdf,,DA3084014,leeg.pdf,,DA3303534,leeg.pdf,
DA3416465,leeg.pdf,,DA3168270,leeg.pdf,,DA3197940,leeg.pdf,,DA3484563,leeg.pdf,,DA3145321,leeg.pdf,,DA3043058,leeg.pdf,,DA3759141,leeg.pdf,,DA3068483,leeg.pdf,,DA3395877,leeg.pdf,,DA3223535,leeg.pdf,,DA3741735,leeg.pdf,,DA3838977,leeg.pdf,,DA3280561,leeg.pdf,,DA3038162,leeg.pdf,,DA3645766,leeg.pdf,
DA3605135,leeg.pdf,,DA3791463,leeg.pdf,,DA3491954,leeg.pdf,,DA3979565,leeg.pdf,,DA3049176,leeg.pdf,,DA3498149,leeg.pdf,,DA3816063,leeg.pdf,,DA3692865,leeg.pdf,,DA3988084,leeg.pdf,,DA3683185,leeg.pdf,,DA3079957,leeg.pdf,,DA3831047,leeg.pdf,,DA3469830,leeg.pdf,,DA3723916,leeg.pdf,,DA3281259,leeg.pdf,
DA3550044,leeg.pdf,,DA3402271,leeg.pdf,,DA3578825,leeg.pdf,,DA3811869,leeg.pdf,,DA3560814,leeg.pdf,,DA3048967,leeg.pdf,,DA3619357,leeg.pdf,,DA3932874,leeg.pdf,,DA3380652,leeg.pdf,,DA3409261,leeg.pdf,,DA3720286,leeg.pdf,,DA3075219,leeg.pdf,,DA3480875,leeg.pdf,,DA3485397,leeg.pdf,,DA3045686,leeg.pdf,
DA3425687,leeg.pdf,,DA3820174,leeg.pdf,,DA3475117,leeg.pdf,,DA3320446,leeg.pdf,,DA3594304,leeg.pdf,,DA3290771,leeg.pdf,,DA3848516,leeg.pdf,,DA3170919,leeg.pdf,,DA3422276,leeg.pdf,,DA3423660,leeg.pdf,,DA3109018,leeg.pdf,,DA3205627,leeg.pdf,,DA3160194,leeg.pdf,,DA3824960,leeg.pdf,,DA3172093,leeg.pdf,
DA3411768,leeg.pdf,,DA3076536,leeg.pdf,,DA3141377,leeg.pdf,,DA3627649,leeg.pdf,,DA3613656,leeg.pdf,,DA3324601,leeg.pdf,,DA3879744,leeg.pdf,,DA3864573,leeg.pdf,,DA3080316,leeg.pdf,,DA3754270,leeg.pdf,,DA3551579,leeg.pdf,,DA3705288,leeg.pdf,,DA3950358,leeg.pdf,,DA3939669,leeg.pdf,,DA3308650,leeg.pdf,
DA3532584,leeg.pdf,,DA3129264,leeg.pdf,,DA3876466,leeg.pdf,,DA3114989,leeg.pdf,,DA3129298,leeg.pdf,,DA3537978,leeg.pdf,,DA3605989,leeg.pdf,,DA3365204,leeg.pdf,,DA3656575,leeg.pdf,,DA3512122,leeg.pdf,,DA3738794,leeg.pdf,,DA3742029,leeg.pdf,,DA3649029,leeg.pdf,,DA3877158,leeg.pdf,,DA3211061,leeg.pdf,
DA3275949,leeg.pdf,,DA3555085,leeg.pdf,,DA3425043,leeg.pdf,,DA3856301,leeg.pdf,,DA3692010,leeg.pdf,,DA3213868,leeg.pdf,,DA3203927,leeg.pdf,,DA3177103,leeg.pdf,,DA3397041,leeg.pdf,,DA3056256,leeg.pdf,,DA3131936,leeg.pdf,,DA3110360,leeg.pdf,,DA3539213,leeg.pdf,,DA3889188,leeg.pdf,,DA3469175,leeg.pdf,
DA3079599,leeg.pdf,,DA3286120,leeg.pdf,,DA3288741,leeg.pdf,,DA3836886,leeg.pdf,,DA3082539,leeg.pdf,,DA3222146,leeg.pdf,,DA3644268,leeg.pdf,,DA3423866,leeg.pdf,,DA3468674,leeg.pdf,,DA3503886,leeg.pdf,,DA3086011,leeg.pdf,,DA3291318,leeg.pdf,,DA3544089,leeg.pdf,,DA3341487,leeg.pdf,,DA3158683,leeg.pdf,
DA3814129,leeg.pdf,,DA3803146,leeg.pdf,,DA3800674,leeg.pdf,,DA3726175,leeg.pdf,,DA3255515,leeg.pdf,,DA3991742,leeg.pdf,,DA3804285,leeg.pdf,,DA3145537,leeg.pdf,,DA3282340,leeg.pdf,,DA3865756,leeg.pdf,,DA3472476,leeg.pdf,,DA3584235,leeg.pdf,,DA3057823,leeg.pdf,,DA3528716,leeg.pdf,,DA3036576,leeg.pdf,
DA3148381,leeg.pdf,,DA3407211,leeg.pdf,,DA3304283,leeg.pdf,,DA3937783,leeg.pdf,,DA3210101,leeg.pdf,,DA3670896,leeg.pdf,,DA3668972,leeg.pdf,,DA3999732,leeg.pdf,,DA3593834,leeg.pdf,,DA3063579,leeg.pdf,,DA3456170,leeg.pdf,,DA3112349,leeg.pdf,,DA3652186,leeg.pdf,,DA3903577,leeg.pdf,,DA3841546,leeg.pdf,
DA3083700,leeg.pdf,,DA3959382,leeg.pdf,,DA3562049,leeg.pdf,,DA3113096,leeg.pdf,,DA3649180,leeg.pdf,,DA3545437,leeg.pdf,,DA3531380,leeg.pdf,,DA3590820,leeg.pdf,,DA3856713,leeg.pdf,,DA3524891,leeg.pdf,,DA3569755,leeg.pdf,,DA3094535,leeg.pdf,,DA3628155,leeg.pdf,,DA3563351,leeg.pdf,,DA3044376,leeg.pdf,
DA3493370,leeg.pdf,,DA3676357,leeg.pdf,,DA3316032,leeg.pdf,,DA3535257,leeg.pdf,,DA3167252,leeg.pdf,,DA3402958,leeg.pdf,,DA3367297,leeg.pdf,,DA3914401,leeg.pdf,,DA3771293,leeg.pdf,,DA3217622,leeg.pdf,,DA3198927,leeg.pdf,,DA3219367,leeg.pdf,,DA3040481,leeg.pdf,,DA3718728,leeg.pdf,,DA3874000,leeg.pdf,
DA3576819,leeg.pdf,,DA3625311,leeg.pdf,,DA3191732,leeg.pdf,,DA3602305,leeg.pdf,,DA3690488,leeg.pdf,,DA3347056,leeg.pdf,,DA3142765,leeg.pdf,,DA3147538,leeg.pdf,,DA3881642,leeg.pdf,,DA3069012,leeg.pdf,,DA3311377,leeg.pdf,,DA3797664,leeg.pdf,,DA3648395,leeg.pdf,,DA3767567,leeg.pdf,,DA3185157,leeg.pdf,
DA3305668,leeg.pdf,,DA3089740,leeg.pdf,,DA3490601,leeg.pdf,,DA3828079,leeg.pdf,,DA3978913,leeg.pdf,,DA3047635,leeg.pdf,,DA3097703,leeg.pdf,,DA3884640,leeg.pdf,,DA3122701,leeg.pdf,,DA3785152,leeg.pdf,,DA3630993,leeg.pdf,,DA3643780,leeg.pdf,,DA3506409,leeg.pdf,,DA3440792,leeg.pdf,,DA3138742,leeg.pdf,
DA3529841,leeg.pdf,,DA3620844,leeg.pdf,,DA3121164,leeg.pdf,,DA3793342,leeg.pdf,,DA3723056,leeg.pdf,,DA3709050,leeg.pdf,,DA3962721,leeg.pdf,,DA3838951,leeg.pdf,,DA3451680,leeg.pdf,,DA3044454,leeg.pdf,,DA3465000,leeg.pdf,,DA3823155,leeg.pdf,,DA3716866,leeg.pdf,,DA3713489,leeg.pdf,,DA3645233,leeg.pdf,
DA3542126,leeg.pdf,,DA3376108,leeg.pdf,,DA3392884,leeg.pdf,,DA3487089,leeg.pdf,,DA3643551,leeg.pdf,,DA3125889,leeg.pdf,,DA3801597,leeg.pdf,,DA3560991,leeg.pdf,,DA3866416,leeg.pdf,,DA3842831,leeg.pdf,,DA3339852,leeg.pdf,,DA3788579,leeg.pdf,,DA3363570,leeg.pdf,,DA3827018,leeg.pdf,,DA3040588,leeg.pdf,
DA3104614,leeg.pdf,,DA3329819,leeg.pdf,,DA3209715,leeg.pdf,,DA3560117,leeg.pdf,,DA3668394,leeg.pdf,,DA3969185,leeg.pdf,,DA3426554,leeg.pdf,,DA3129095,leeg.pdf,,DA3395690,leeg.pdf,,DA3306921,leeg.pdf,,DA3388249,leeg.pdf,,DA3747723,leeg.pdf,,DA3138655,leeg.pdf,,DA3937723,leeg.pdf,,DA3661108,leeg.pdf,
DA3168904,leeg.pdf,,DA3700561,leeg.pdf,,DA3954419,leeg.pdf,,DA3172908,leeg.pdf,,DA3574968,leeg.pdf,,DA3162180,leeg.pdf,,DA3451543,leeg.pdf,,DA3150170,leeg.pdf,,DA3304783,leeg.pdf,,DA3050690,leeg.pdf,,DA3087771,leeg.pdf,,DA3681027,leeg.pdf,,DA3380347,leeg.pdf,,DA3509248,leeg.pdf,,DA3196652,leeg.pdf,
DA3867390,leeg.pdf,,DA3048339,leeg.pdf,,DA3050719,leeg.pdf,,DA3771681,leeg.pdf,,DA3857073,leeg.pdf,,DA3176745,leeg.pdf,,DA3618366,leeg.pdf,,DA3619170,leeg.pdf,,DA3561540,leeg.pdf,,DA3055047,leeg.pdf,,DA3280302,leeg.pdf,,DA3561333,leeg.pdf,,DA3323607,leeg.pdf,,DA3302520,leeg.pdf,,DA3923485,leeg.pdf,
DA3043622,leeg.pdf,,DA3883985,leeg.pdf,,DA3812135,leeg.pdf,,DA3731177,leeg.pdf,,DA3531687,leeg.pdf,,DA3085580,leeg.pdf,,DA3888070,leeg.pdf,,DA3495681,leeg.pdf,,DA3821576,leeg.pdf,,DA3398718,leeg.pdf,,DA3517244,leeg.pdf,,DA3146230,leeg.pdf,,DA3792336,leeg.pdf,,DA3907660,leeg.pdf,,DA3843471,leeg.pdf,
DA3473359,leeg.pdf,,DA3224654,leeg.pdf,,DA3754398,leeg.pdf,,DA3573241,leeg.pdf,,DA3977587,leeg.pdf,,DA3619566,leeg.pdf,,DA3797509,leeg.pdf,,DA3626116,leeg.pdf,,DA3441139,leeg.pdf,,DA3729447,leeg.pdf,,DA3090152,leeg.pdf,,DA3604886,leeg.pdf,,DA3753921,leeg.pdf,,DA3546760,leeg.pdf,,DA3463589,leeg.pdf,
DA3210684,leeg.pdf,,DA3887574,leeg.pdf,,DA3056676,leeg.pdf,,DA3055054,leeg.pdf,,DA3463964,leeg.pdf,,DA3373940,leeg.pdf,,DA3357385,leeg.pdf,,DA3601438,leeg.pdf,,DA3413193,leeg.pdf,,DA3136511,leeg.pdf,,DA3855330,leeg.pdf,,DA3331943,leeg.pdf,,DA3128151,leeg.pdf,,DA3213478,leeg.pdf,,DA3035335,leeg.pdf,
DA3465355,leeg.pdf,,DA3351369,leeg.pdf,,DA3387737,leeg.pdf,,DA3084403,leeg.pdf,,DA3312235,leeg.pdf,,DA3359937,leeg.pdf,,DA3130261,leeg.pdf,,DA3625164,leeg.pdf,,DA3313155,leeg.pdf,,DA3794236,leeg.pdf,,DA3064375,leeg.pdf,,DA3143730,leeg.pdf,,DA3104662,leeg.pdf,,DA3225935,leeg.pdf,,DA3092727,leeg.pdf,
DA3122930,leeg.pdf,,DA3043762,leeg.pdf,,DA3272424,leeg.pdf,,DA3709849,leeg.pdf,,DA3089754,leeg.pdf,,DA3135455,leeg.pdf,,DA3774797,leeg.pdf,,DA3698148,leeg.pdf,,DA3935956,leeg.pdf,,DA3942591,leeg.pdf,,DA3300323,leeg.pdf,,DA3741098,leeg.pdf,,DA3429373,leeg.pdf,,DA3915611,leeg.pdf,,DA3101124,leeg.pdf,
DA3806428,leeg.pdf,,DA3283253,leeg.pdf,,DA3217981,leeg.pdf,,DA3116574,leeg.pdf,,DA3350476,leeg.pdf,,DA3347558,leeg.pdf,,DA3971782,leeg.pdf,,DA3159326,leeg.pdf,,DA3065663,leeg.pdf,,DA3785919,leeg.pdf,,DA3142967,leeg.pdf,,DA3181419,leeg.pdf,,DA3109539,leeg.pdf,,DA3728285,leeg.pdf,,DA3156632,leeg.pdf,
DA3153733,leeg.pdf,,DA3469954,leeg.pdf,,DA3519979,leeg.pdf,,DA3338764,leeg.pdf,,DA3911977,leeg.pdf,,DA3126443,leeg.pdf,,DA3593580,leeg.pdf,,DA3928432,leeg.pdf,,DA3191508,leeg.pdf,,DA3967199,leeg.pdf,,DA3925766,leeg.pdf,,DA3208710,leeg.pdf,,DA3902466,leeg.pdf,,DA3970845,leeg.pdf,,DA3209067,leeg.pdf,
DA3298500,leeg.pdf,,DA3100274,leeg.pdf,,DA3854690,leeg.pdf,,DA3395436,leeg.pdf,,DA3103325,leeg.pdf,,DA3142243,leeg.pdf,,DA3138292,leeg.pdf,,DA3127992,leeg.pdf,,DA3138191,leeg.pdf,,DA3288443,leeg.pdf,,DA3056476,leeg.pdf,,DA3865773,leeg.pdf,,DA3525056,leeg.pdf,,DA3368694,leeg.pdf,,DA3466401,leeg.pdf,
DA3540660,leeg.pdf,,DA3699706,leeg.pdf,,DA3207835,leeg.pdf,,DA3450908,leeg.pdf,,DA3766264,leeg.pdf,,DA3875972,leeg.pdf,,DA3244973,leeg.pdf,,DA3227294,leeg.pdf,,DA3921589,leeg.pdf,,DA3465847,leeg.pdf,,DA3574082,leeg.pdf,,DA3905316,leeg.pdf,,DA3277054,leeg.pdf,,DA3175868,leeg.pdf,,DA3498423,leeg.pdf,
DA3496814,leeg.pdf,,DA3349322,leeg.pdf,,DA3934115,leeg.pdf,,DA3686124,leeg.pdf,,DA3114795,leeg.pdf,,DA3234747,leeg.pdf,,DA3911718,leeg.pdf,,DA3034901,leeg.pdf,,DA3687476,leeg.pdf,,DA3129719,leeg.pdf,,DA3762889,leeg.pdf,,DA3142728,leeg.pdf,,DA3204345,leeg.pdf,,DA3041038,leeg.pdf,,DA3920558,leeg.pdf,
DA3474154,leeg.pdf,,DA3428983,leeg.pdf,,DA3328438,leeg.pdf,,DA3950008,leeg.pdf,,DA3139846,leeg.pdf,,DA3529663,leeg.pdf,,DA3264377,leeg.pdf,,DA3630544,leeg.pdf,,DA3160741,leeg.pdf,,DA3783464,leeg.pdf,,DA3475002,leeg.pdf,,DA3285495,leeg.pdf,,DA3464774,leeg.pdf,,DA3938387,leeg.pdf,,DA3071708,leeg.pdf,
DA3470795,leeg.pdf,,DA3336358,leeg.pdf,,DA3346779,leeg.pdf,,DA3234058,leeg.pdf,,DA3282785,leeg.pdf,,DA3881214,leeg.pdf,,DA3190043,leeg.pdf,,DA3722735,leeg.pdf,,DA3186631,leeg.pdf,,DA3142430,leeg.pdf,,DA3188505,leeg.pdf,,DA3850423,leeg.pdf,,DA3550169,leeg.pdf,,DA3162222,leeg.pdf,,DA3431599,leeg.pdf,
DA3115007,leeg.pdf,,DA3343936,leeg.pdf,,DA3378099,leeg.pdf,,DA3683780,leeg.pdf,,DA3781534,leeg.pdf,,DA3332709,leeg.pdf,,DA3088912,leeg.pdf,,DA3972975,leeg.pdf,,DA3310514,leeg.pdf,,DA3638069,leeg.pdf,,DA3232886,leeg.pdf,,DA3806564,leeg.pdf,,DA3346062,leeg.pdf,,DA3835391,leeg.pdf,,DA3221571,leeg.pdf,
DA3150678,leeg.pdf,,DA3222173,leeg.pdf,,DA3340013,leeg.pdf,,DA3204692,leeg.pdf,,DA3209436,leeg.pdf,,DA3529967,leeg.pdf,,DA3492756,leeg.pdf,,DA3807054,leeg.pdf,,DA3551251,leeg.pdf,,DA3718373,leeg.pdf,,DA3569209,leeg.pdf,,DA3099411,leeg.pdf,,DA3288123,leeg.pdf,,DA3774904,leeg.pdf,,DA3130866,leeg.pdf,
DA3202766,leeg.pdf,,DA3962517,leeg.pdf,,DA3526077,leeg.pdf,,DA3865758,leeg.pdf,,DA3171394,leeg.pdf,,DA3742687,leeg.pdf,,DA3922681,leeg.pdf,,DA3355047,leeg.pdf,,DA3240376,leeg.pdf,,DA3463732,leeg.pdf,,DA3393128,leeg.pdf,,DA3396681,leeg.pdf,,DA3296875,leeg.pdf,,DA3048982,leeg.pdf,,DA3055653,leeg.pdf,
DA3214940,leeg.pdf,,DA3505552,leeg.pdf,,DA3921740,leeg.pdf,,DA3784370,leeg.pdf,,DA3112984,leeg.pdf,,DA3656757,leeg.pdf,,DA3348371,leeg.pdf,,DA3680584,leeg.pdf,,DA3855600,leeg.pdf,,DA3419401,leeg.pdf,,DA3049608,leeg.pdf,,DA3485755,leeg.pdf,,DA3380136,leeg.pdf,,DA3194885,leeg.pdf,,DA3236195,leeg.pdf,
DA3723333,leeg.pdf,,DA3462407,leeg.pdf,,DA3286278,leeg.pdf,,DA3701650,leeg.pdf,,DA3999563,leeg.pdf,,DA3161365,leeg.pdf,,DA3156024,leeg.pdf,,DA3400633,leeg.pdf,,DA3710928,leeg.pdf,,DA3302860,leeg.pdf,,DA3972852,leeg.pdf,,DA3407443,leeg.pdf,,DA3617473,leeg.pdf,,DA3532776,leeg.pdf,,DA3983276,leeg.pdf,
DA3342745,leeg.pdf,,DA3345537,leeg.pdf,,DA3106595,leeg.pdf,,DA3731311,leeg.pdf,,DA3205759,leeg.pdf,,DA3176200,leeg.pdf,,DA3202784,leeg.pdf,,DA3584050,leeg.pdf,,DA3108926,leeg.pdf,,DA3108053,leeg.pdf,,DA3177920,leeg.pdf,,DA3357890,leeg.pdf,,DA3885737,leeg.pdf,,DA3217078,leeg.pdf,,DA3216303,leeg.pdf,
DA3362338,leeg.pdf,,DA3237079,leeg.pdf,,DA3091329,leeg.pdf,,DA3121279,leeg.pdf,,DA3367830,leeg.pdf,,DA3960505,leeg.pdf,,DA3270758,leeg.pdf,,DA3672324,leeg.pdf,,DA3527061,leeg.pdf,,DA3214021,leeg.pdf,,DA3257522,leeg.pdf,,DA3870978,leeg.pdf,,DA3049416,leeg.pdf,,DA3971663,leeg.pdf,,DA3341856,leeg.pdf,
DA3838670,leeg.pdf,,DA3536400,leeg.pdf,,DA3434975,leeg.pdf,,DA3979062,leeg.pdf,,DA3709641,leeg.pdf,,DA3191096,leeg.pdf,,DA3159928,leeg.pdf,,DA3489258,leeg.pdf,,DA3903592,leeg.pdf,,DA3715599,leeg.pdf,,DA3445481,leeg.pdf,,DA3501626,leeg.pdf,,DA3146514,leeg.pdf,,DA3445821,leeg.pdf,,DA3470761,leeg.pdf,
DA3378327,leeg.pdf,,DA3907265,leeg.pdf,,DA3926825,leeg.pdf,,DA3149399,leeg.pdf,,DA3292402,leeg.pdf,,DA3078643,leeg.pdf,,DA3457219,leeg.pdf,,DA3304053,leeg.pdf,,DA3293951,leeg.pdf,,DA3098581,leeg.pdf,,DA3683433,leeg.pdf,,DA3890220,leeg.pdf,,DA3859057,leeg.pdf,,DA3140228,leeg.pdf,,DA3377760,leeg.pdf,
DA3766115,leeg.pdf,,DA3395409,leeg.pdf,,DA3205628,leeg.pdf,,DA3081151,leeg.pdf,,DA3838599,leeg.pdf,,DA3489312,leeg.pdf,,DA3069789,leeg.pdf,,DA3331354,leeg.pdf,,DA3106983,leeg.pdf,,DA3444005,leeg.pdf,,DA3503227,leeg.pdf,,DA3274845,leeg.pdf,,DA3730613,leeg.pdf,,DA3145686,leeg.pdf,,DA3814154,leeg.pdf,
DA3663833,leeg.pdf,,DA3409107,leeg.pdf,,DA3094648,leeg.pdf,,DA3922862,leeg.pdf,,DA3112557,leeg.pdf,,DA3626038,leeg.pdf,,DA3514336,leeg.pdf,,DA3216984,leeg.pdf,,DA3662474,leeg.pdf,,DA3208585,leeg.pdf,,DA3689808,leeg.pdf,,DA3844532,leeg.pdf,,DA3395046,leeg.pdf,,DA3076066,leeg.pdf,,DA3647583,leeg.pdf,
DA3780862,leeg.pdf,,DA3120318,leeg.pdf,,DA3084252,leeg.pdf,,DA3969152,leeg.pdf,,DA3312630,leeg.pdf,,DA3076855,leeg.pdf,,DA3119541,leeg.pdf,,DA3142576,leeg.pdf,,DA3247826,leeg.pdf,,DA3668278,leeg.pdf,,DA3112501,leeg.pdf,,DA3145224,leeg.pdf,,DA3600008,leeg.pdf,,DA3284351,leeg.pdf,,DA3960393,leeg.pdf,
DA3810521,leeg.pdf,,DA3634236,leeg.pdf,,DA3883027,leeg.pdf,,DA3088113,leeg.pdf,,DA3275279,leeg.pdf,,DA3592038,leeg.pdf,,DA3911152,leeg.pdf,,DA3211557,leeg.pdf,,DA3656685,leeg.pdf,,DA3713473,leeg.pdf,,DA3502738,leeg.pdf,,DA3058999,leeg.pdf,,DA3962432,leeg.pdf,,DA3345078,leeg.pdf,,DA3424783,leeg.pdf,
DA3869437,leeg.pdf,,DA3316847,leeg.pdf,,DA3419895,leeg.pdf,,DA3705014,leeg.pdf,,DA3083052,leeg.pdf,,DA3381787,leeg.pdf,,DA3072738,leeg.pdf,,DA3507157,leeg.pdf,,DA3805427,leeg.pdf,,DA3379469,leeg.pdf,,DA3724819,leeg.pdf,,DA3510591,leeg.pdf,,DA3834213,leeg.pdf,,DA3616751,leeg.pdf,,DA3543989,leeg.pdf,
DA3668162,leeg.pdf,,DA3646065,leeg.pdf,,DA3145385,leeg.pdf,,DA3307005,leeg.pdf,,DA3199987,leeg.pdf,,DA3777780,leeg.pdf,,DA3165194,leeg.pdf,,DA3148294,leeg.pdf,,DA3566954,leeg.pdf,,DA3570096,leeg.pdf,,DA3265186,leeg.pdf,,DA3927015,leeg.pdf,,DA3754447,leeg.pdf,,DA3259919,leeg.pdf,,DA3205078,leeg.pdf,
DA3933925,leeg.pdf,,DA3786598,leeg.pdf,,DA3309891,leeg.pdf,,DA3518358,leeg.pdf,,DA3479967,leeg.pdf,,DA3424315,leeg.pdf,,DA3258964,leeg.pdf,,DA3861753,leeg.pdf,,DA3336803,leeg.pdf,,DA3064460,leeg.pdf,,DA3538077,leeg.pdf,,DA3097176,leeg.pdf,,DA3202852,leeg.pdf,,DA3524984,leeg.pdf,,DA3991808,leeg.pdf,
DA3448143,leeg.pdf,,DA3436111,leeg.pdf,,DA3828200,leeg.pdf,,DA3650917,leeg.pdf,,DA3335743,leeg.pdf,,DA3446574,leeg.pdf,,DA3755359,leeg.pdf,,DA3426671,leeg.pdf,,DA3218997,leeg.pdf,,DA3184582,leeg.pdf,,DA3669100,leeg.pdf,,DA3098112,leeg.pdf,,DA3117313,leeg.pdf,,DA3237971,leeg.pdf,,DA3717079,leeg.pdf,
DA3184486,leeg.pdf,,DA3797280,leeg.pdf,,DA3174420,leeg.pdf,,DA3743971,leeg.pdf,,DA3067922,leeg.pdf,,DA3204881,leeg.pdf,,DA3859193,leeg.pdf,,DA3809126,leeg.pdf,,DA3489670,leeg.pdf,,DA3092303,leeg.pdf,,DA3082005,leeg.pdf,,DA3902151,leeg.pdf,,DA3302069,leeg.pdf,,DA3095179,leeg.pdf,,DA3283713,leeg.pdf,
DA3199221,leeg.pdf,,DA3411830,leeg.pdf,,DA3721925,leeg.pdf,,DA3107718,leeg.pdf,,DA3297284,leeg.pdf,,DA3283831,leeg.pdf,,DA3167028,leeg.pdf,,DA3764214,leeg.pdf,,DA3659375,leeg.pdf,,DA3151298,leeg.pdf,,DA3549383,leeg.pdf,,DA3720701,leeg.pdf,,DA3318537,leeg.pdf,,DA3503546,leeg.pdf,,DA3715063,leeg.pdf,
DA3527164,leeg.pdf,,DA3418817,leeg.pdf,,DA3130899,leeg.pdf,,DA3638748,leeg.pdf,,DA3382058,leeg.pdf,,DA3235523,leeg.pdf,,DA3191933,leeg.pdf,,DA3745308,leeg.pdf,,DA3109619,leeg.pdf,,DA3176069,leeg.pdf,,DA3649797,leeg.pdf,,DA3638133,leeg.pdf,,DA3046031,leeg.pdf,,DA3377517,leeg.pdf,,DA3827409,leeg.pdf,
DA3387531,leeg.pdf,,DA3255846,leeg.pdf,,DA3421016,leeg.pdf,,DA3142120,leeg.pdf,,DA3309665,leeg.pdf,,DA3350276,leeg.pdf,,DA3659611,leeg.pdf,,DA3088630,leeg.pdf,,DA3264893,leeg.pdf,,DA3558695,leeg.pdf,,DA3596562,leeg.pdf,,DA3941701,leeg.pdf,,DA3620831,leeg.pdf,,DA3886386,leeg.pdf,,DA3879218,leeg.pdf,
DA3830749,leeg.pdf,,DA3969498,leeg.pdf,,DA3847845,leeg.pdf,,DA3361349,leeg.pdf,,DA3140199,leeg.pdf,,DA3724401,leeg.pdf,,DA3239542,leeg.pdf,,DA3405194,leeg.pdf,,DA3760620,leeg.pdf,,DA3107081,leeg.pdf,,DA3330581,leeg.pdf,,DA3948565,leeg.pdf,,DA3750834,leeg.pdf,,DA3939561,leeg.pdf,,DA3685032,leeg.pdf,
DA3433259,leeg.pdf,,DA3701894,leeg.pdf,,DA3363704,leeg.pdf,,DA3079974,leeg.pdf,,DA3346412,leeg.pdf,,DA3231146,leeg.pdf,,DA3269267,leeg.pdf,,DA3060109,leeg.pdf,,DA3706713,leeg.pdf,,DA3821721,leeg.pdf,,DA3871775,leeg.pdf,,DA3288687,leeg.pdf,,DA3695159,leeg.pdf,,DA3090112,leeg.pdf,,DA3089644,leeg.pdf,
DA3606428,leeg.pdf,,DA3135416,leeg.pdf,,DA3182487,leeg.pdf,,DA3475502,leeg.pdf,,DA3936726,leeg.pdf,,DA3969609,leeg.pdf,,DA3998107,leeg.pdf,,DA3181222,leeg.pdf,,DA3397302,leeg.pdf,,DA3310466,leeg.pdf,,DA3159983,leeg.pdf,,DA3297793,leeg.pdf,,DA3426256,leeg.pdf,,DA3401770,leeg.pdf,,DA3425002,leeg.pdf,
DA3177497,leeg.pdf,,DA3520064,leeg.pdf,,DA3257247,leeg.pdf,,DA3858904,leeg.pdf,,DA3391961,leeg.pdf,,DA3275219,leeg.pdf,,DA3290592,leeg.pdf,,DA3110299,leeg.pdf,,DA3196200,leeg.pdf,,DA3500041,leeg.pdf,,DA3255803,leeg.pdf,,DA3044002,leeg.pdf,,DA3531442,leeg.pdf,,DA3284717,leeg.pdf,,DA3915724,leeg.pdf,
DA3886527,leeg.pdf,,DA3237370,leeg.pdf,,DA3131871,leeg.pdf,,DA3256633,leeg.pdf,,DA3645757,leeg.pdf,,DA3768562,leeg.pdf,,DA3180170,leeg.pdf,,DA3270900,leeg.pdf,,DA3356826,leeg.pdf,,DA3565633,leeg.pdf,,DA3930307,leeg.pdf,,DA3483793,leeg.pdf,,DA3862817,leeg.pdf,,DA3474177,leeg.pdf,,DA3499845,leeg.pdf,
DA3870133,leeg.pdf,,DA3676547,leeg.pdf,,DA3951437,leeg.pdf,,DA3644570,leeg.pdf,,DA3807760,leeg.pdf,,DA3333551,leeg.pdf,,DA3118450,leeg.pdf,,DA3381390,leeg.pdf,,DA3606187,leeg.pdf,,DA3901663,leeg.pdf,,DA3652084,leeg.pdf,,DA3579787,leeg.pdf,,DA3586742,leeg.pdf,,DA3200911,leeg.pdf,,DA3246163,leeg.pdf,
DA3225550,leeg.pdf,,DA3235502,leeg.pdf,,DA3086849,leeg.pdf,,DA3557037,leeg.pdf,,DA3270798,leeg.pdf,,DA3532992,leeg.pdf,,DA3559017,leeg.pdf,,DA3306686,leeg.pdf,,DA3065595,leeg.pdf,,DA3329933,leeg.pdf,,DA3909161,leeg.pdf,,DA3912315,leeg.pdf,,DA3058996,leeg.pdf,,DA3888420,leeg.pdf,,DA3261619,leeg.pdf,
DA3938537,leeg.pdf,,DA3420503,leeg.pdf,,DA3436595,leeg.pdf,,DA3814399,leeg.pdf,,DA3263722,leeg.pdf,,DA3492053,leeg.pdf,,DA3401082,leeg.pdf,,DA3329607,leeg.pdf,,DA3736261,leeg.pdf,,DA3165353,leeg.pdf,,DA3714953,leeg.pdf,,DA3774532,leeg.pdf,,DA3325059,leeg.pdf,,DA3172545,leeg.pdf,,DA3130925,leeg.pdf,
DA3098414,leeg.pdf,,DA3132789,leeg.pdf,,DA3530836,leeg.pdf,,DA3505285,leeg.pdf,,DA3161159,leeg.pdf,,DA3577240,leeg.pdf,,DA3239676,leeg.pdf,,DA3240248,leeg.pdf,,DA3671008,leeg.pdf,,DA3950040,leeg.pdf,,DA3330662,leeg.pdf,,DA3311632,leeg.pdf,,DA3323279,leeg.pdf,,DA3468342,leeg.pdf,,DA3809795,leeg.pdf,
DA3576696,leeg.pdf,,DA3162658,leeg.pdf,,DA3757890,leeg.pdf,,DA3723716,leeg.pdf,,DA3283589,leeg.pdf,,DA3474288,leeg.pdf,,DA3490850,leeg.pdf,,DA3357695,leeg.pdf,,DA3150056,leeg.pdf,,DA3121611,leeg.pdf,,DA3975525,leeg.pdf,,DA3336468,leeg.pdf,,DA3762403,leeg.pdf,,DA3096512,leeg.pdf,,DA3314110,leeg.pdf,
DA3483266,leeg.pdf,,DA3142420,leeg.pdf,,DA3372318,leeg.pdf,,DA3034627,leeg.pdf,,DA3742622,leeg.pdf,,DA3351918,leeg.pdf,,DA3191119,leeg.pdf,,DA3287557,leeg.pdf,,DA3479613,leeg.pdf,,DA3643040,leeg.pdf,,DA3524328,leeg.pdf,,DA3339320,leeg.pdf,,DA3086510,leeg.pdf,,DA3990670,leeg.pdf,,DA3218652,leeg.pdf,
DA3581008,leeg.pdf,,DA3408734,leeg.pdf,,DA3185169,leeg.pdf,,DA3640140,leeg.pdf,,DA3728464,leeg.pdf,,DA3542639,leeg.pdf,,DA3191133,leeg.pdf,,DA3443089,leeg.pdf,,DA3480285,leeg.pdf,,DA3729007,leeg.pdf,,DA3177353,leeg.pdf,,DA3259637,leeg.pdf,,DA3141607,leeg.pdf,,DA3433943,leeg.pdf,,DA3347349,leeg.pdf,
DA3843246,leeg.pdf,,DA3283586,leeg.pdf,,DA3407852,leeg.pdf,,DA3355396,leeg.pdf,,DA3294750,leeg.pdf,,DA3399733,leeg.pdf,,DA3369481,leeg.pdf,,DA3399402,leeg.pdf,,DA3475537,leeg.pdf,,DA3047414,leeg.pdf,,DA3484529,leeg.pdf,,DA3985532,leeg.pdf,,DA3255165,leeg.pdf,,DA3337768,leeg.pdf,,DA3490984,leeg.pdf,
DA3108144,leeg.pdf,,DA3903612,leeg.pdf,,DA3305799,leeg.pdf,,DA3210284,leeg.pdf,,DA3202788,leeg.pdf,,DA3959316,leeg.pdf,,DA3616963,leeg.pdf,,DA3358204,leeg.pdf,,DA3433531,leeg.pdf,,DA3282064,leeg.pdf,,DA3796993,leeg.pdf,,DA3127906,leeg.pdf,,DA3157877,leeg.pdf,,DA3925590,leeg.pdf,,DA3102702,leeg.pdf,
DA3474614,leeg.pdf,,DA3341649,leeg.pdf,,DA3903466,leeg.pdf,,DA3325326,leeg.pdf,,DA3594419,leeg.pdf,,DA3077449,leeg.pdf,,DA3273067,leeg.pdf,,DA3262186,leeg.pdf,,DA3496822,leeg.pdf,,DA3329316,leeg.pdf,,DA3757557,leeg.pdf,,DA3626199,leeg.pdf,,DA3570639,leeg.pdf,,DA3453554,leeg.pdf,,DA3921550,leeg.pdf,
DA3846844,leeg.pdf,,DA3995777,leeg.pdf,,DA3543008,leeg.pdf,,DA3726265,leeg.pdf,,DA3118418,leeg.pdf,,DA3091416,leeg.pdf,,DA3531508,leeg.pdf,,DA3338828,leeg.pdf,,DA3171771,leeg.pdf,,DA3538196,leeg.pdf,,DA3089430,leeg.pdf,,DA3442628,leeg.pdf,,DA3463384,leeg.pdf,,DA3570679,leeg.pdf,,DA3410110,leeg.pdf,
DA3055797,leeg.pdf,,DA3445928,leeg.pdf,,DA3513589,leeg.pdf,,DA3305470,leeg.pdf,,DA3910167,leeg.pdf,,DA3173234,leeg.pdf,,DA3409813,leeg.pdf,,DA3118773,leeg.pdf,,DA3982104,leeg.pdf,,DA3285740,leeg.pdf,,DA3195068,leeg.pdf,,DA3397947,leeg.pdf,,DA3383524,leeg.pdf,,DA3228471,leeg.pdf,,DA3636298,leeg.pdf,
DA3222052,leeg.pdf,,DA3391351,leeg.pdf,,DA3220191,leeg.pdf,,DA3254332,leeg.pdf,,DA3372896,leeg.pdf,,DA3788862,leeg.pdf,,DA3569295,leeg.pdf,,DA3115473,leeg.pdf,,DA3246066,leeg.pdf,,DA3614292,leeg.pdf,,DA3994514,leeg.pdf,,DA3991654,leeg.pdf,,DA3681727,leeg.pdf,,DA3431605,leeg.pdf,,DA3221389,leeg.pdf,
DA3647412,leeg.pdf,,DA3951842,leeg.pdf,,DA3235365,leeg.pdf,,DA3156254,leeg.pdf,,DA3047515,leeg.pdf,,DA3507935,leeg.pdf,,DA3182348,leeg.pdf,,DA3148650,leeg.pdf,,DA3044394,leeg.pdf,,DA3064850,leeg.pdf,,DA3099842,leeg.pdf,,DA3518529,leeg.pdf,,DA3446598,leeg.pdf,,DA3602426,leeg.pdf,,DA3301552,leeg.pdf,
DA3706021,leeg.pdf,,DA3543738,leeg.pdf,,DA3478175,leeg.pdf,,DA3266792,leeg.pdf,,DA3882023,leeg.pdf,,DA3188732,leeg.pdf,,DA3084099,leeg.pdf,,DA3861529,leeg.pdf,,DA3794618,leeg.pdf,,DA3072229,leeg.pdf,,DA3520242,leeg.pdf,,DA3150913,leeg.pdf,,DA3711566,leeg.pdf,,DA3117861,leeg.pdf,,DA3107432,leeg.pdf,
DA3776033,leeg.pdf,,DA3158223,leeg.pdf,,DA3678522,leeg.pdf,,DA3490400,leeg.pdf,,DA3134580,leeg.pdf,,DA3859580,leeg.pdf,,DA3522251,leeg.pdf,,DA3807258,leeg.pdf,,DA3568631,leeg.pdf,,DA3154480,leeg.pdf,,DA3107593,leeg.pdf,,DA3413832,leeg.pdf,,DA3273391,leeg.pdf,,DA3419555,leeg.pdf,,DA3182046,leeg.pdf,
DA3493203,leeg.pdf,,DA3112055,leeg.pdf,,DA3971736,leeg.pdf,,DA3515735,leeg.pdf,,DA3383765,leeg.pdf,,DA3129947,leeg.pdf,,DA3498192,leeg.pdf,,DA3057579,leeg.pdf,,DA3942776,leeg.pdf,,DA3686712,leeg.pdf,,DA3937908,leeg.pdf,,DA3326278,leeg.pdf,,DA3383339,leeg.pdf,,DA3357808,leeg.pdf,,DA3798534,leeg.pdf,
DA3932981,leeg.pdf,,DA3845502,leeg.pdf,,DA3420880,leeg.pdf,,DA3906469,leeg.pdf,,DA3510323,leeg.pdf,,DA3653556,leeg.pdf,,DA3612474,leeg.pdf,,DA3315680,leeg.pdf,,DA3975617,leeg.pdf,,DA3703689,leeg.pdf,,DA3357868,leeg.pdf,,DA3257829,leeg.pdf,,DA3453239,leeg.pdf,,DA3577616,leeg.pdf,,DA3250097,leeg.pdf,
DA3581857,leeg.pdf,,DA3595261,leeg.pdf,,DA3402978,leeg.pdf,,DA3417587,leeg.pdf,,DA3033332,leeg.pdf,,DA3827249,leeg.pdf,,DA3783166,leeg.pdf,,DA3362378,leeg.pdf,,DA3847073,leeg.pdf,,DA3793758,leeg.pdf,,DA3562594,leeg.pdf,,DA3427989,leeg.pdf,,DA3877912,leeg.pdf,,DA3161356,leeg.pdf,,DA3500911,leeg.pdf,
DA3858422,leeg.pdf,,DA3859630,leeg.pdf,,DA3064172,leeg.pdf,,DA3300429,leeg.pdf,,DA3661168,leeg.pdf,,DA3458940,leeg.pdf,,DA3405440,leeg.pdf,,DA3980413,leeg.pdf,,DA3599104,leeg.pdf,,DA3098630,leeg.pdf,,DA3753999,leeg.pdf,,DA3461563,leeg.pdf,,DA3335896,leeg.pdf,,DA3303013,leeg.pdf,,DA3366342,leeg.pdf,
DA3907178,leeg.pdf,,DA3724723,leeg.pdf,,DA3270213,leeg.pdf,,DA3564425,leeg.pdf,,DA3442867,leeg.pdf,,DA3473768,leeg.pdf,,DA3860855,leeg.pdf,,DA3332073,leeg.pdf,,DA3716599,leeg.pdf,,DA3576425,leeg.pdf,,DA3559383,leeg.pdf,,DA3157201,leeg.pdf,,DA3168629,leeg.pdf,,DA3203180,leeg.pdf,,DA3468555,leeg.pdf,
DA3380449,leeg.pdf,,DA3031622,leeg.pdf,,DA3202562,leeg.pdf,,DA3120118,leeg.pdf,,DA3520762,leeg.pdf,,DA3798064,leeg.pdf,,DA3576879,leeg.pdf,,DA3284224,leeg.pdf,,DA3103647,leeg.pdf,,DA3066667,leeg.pdf,,DA3116451,leeg.pdf,,DA3322028,leeg.pdf,,DA3974208,leeg.pdf,,DA3605317,leeg.pdf,,DA3301037,leeg.pdf,
DA3307275,leeg.pdf,,DA3914751,leeg.pdf,,DA3123439,leeg.pdf,,DA3535003,leeg.pdf,,DA3409326,leeg.pdf,,DA3158489,leeg.pdf,,DA3752178,leeg.pdf,,DA3993746,leeg.pdf,,DA3657087,leeg.pdf,,DA3107801,leeg.pdf,,DA3467047,leeg.pdf,,DA3938680,leeg.pdf,,DA3191923,leeg.pdf,,DA3749044,leeg.pdf,,DA3570107,leeg.pdf,
DA3615513,leeg.pdf,,DA3636777,leeg.pdf,,DA3086053,leeg.pdf,,DA3281967,leeg.pdf,,DA3150560,leeg.pdf,,DA3390658,leeg.pdf,,DA3405730,leeg.pdf,,DA3923585,leeg.pdf,,DA3529056,leeg.pdf,,DA3768746,leeg.pdf,,DA3666247,leeg.pdf,,DA3531510,leeg.pdf,,DA3448626,leeg.pdf,,DA3554243,leeg.pdf,,DA3138613,leeg.pdf,
DA3058568,leeg.pdf,,DA3936251,leeg.pdf,,DA3036623,leeg.pdf,,DA3763042,leeg.pdf,,DA3469555,leeg.pdf,,DA3985796,leeg.pdf,,DA3256784,leeg.pdf,,DA3875579,leeg.pdf,,DA3399861,leeg.pdf,,DA3683131,leeg.pdf,,DA3347008,leeg.pdf,,DA3346546,leeg.pdf,,DA3297335,leeg.pdf,,DA3213547,leeg.pdf,,DA3940343,leeg.pdf,
DA3350739,leeg.pdf,,DA3400435,leeg.pdf,,DA3090744,leeg.pdf,,DA3392661,leeg.pdf,,DA3321129,leeg.pdf,,DA3766625,leeg.pdf,,DA3215775,leeg.pdf,,DA3730114,leeg.pdf,,DA3581571,leeg.pdf,,DA3148296,leeg.pdf,,DA3750898,leeg.pdf,,DA3293720,leeg.pdf,,DA3874923,leeg.pdf,,DA3797255,leeg.pdf,,DA3127655,leeg.pdf,
DA3206437,leeg.pdf,,DA3509711,leeg.pdf,,DA3326532,leeg.pdf,,DA3197977,leeg.pdf,,DA3060252,leeg.pdf,,DA3187600,leeg.pdf,,DA3113756,leeg.pdf,,DA3449054,leeg.pdf,,DA3068558,leeg.pdf,,DA3213674,leeg.pdf,,DA3245685,leeg.pdf,,DA3533210,leeg.pdf,,DA3207342,leeg.pdf,,DA3563434,leeg.pdf,,DA3287979,leeg.pdf,
DA3146834,leeg.pdf,,DA3719874,leeg.pdf,,DA3044245,leeg.pdf,,DA3774977,leeg.pdf,,DA3771866,leeg.pdf,,DA3092527,leeg.pdf,,DA3370291,leeg.pdf,,DA3357346,leeg.pdf,,DA3623990,leeg.pdf,,DA3470535,leeg.pdf,,DA3618852,leeg.pdf,,DA3316573,leeg.pdf,,DA3945714,leeg.pdf,,DA3471801,leeg.pdf,,DA3085537,leeg.pdf,
DA3716486,leeg.pdf,,DA3085077,leeg.pdf,,DA3309901,leeg.pdf,,DA3428198,leeg.pdf,,DA3374516,leeg.pdf,,DA3131112,leeg.pdf,,DA3813623,leeg.pdf,,DA3774621,leeg.pdf,,DA3173809,leeg.pdf,,DA3468121,leeg.pdf,,DA3454499,leeg.pdf,,DA3533604,leeg.pdf,,DA3296526,leeg.pdf,,DA3345834,leeg.pdf,,DA3425280,leeg.pdf,
DA3083675,leeg.pdf,,DA3353478,leeg.pdf,,DA3850482,leeg.pdf,,DA3075429,leeg.pdf,,DA3354378,leeg.pdf,,DA3805506,leeg.pdf,,DA3372704,leeg.pdf,,DA3842443,leeg.pdf,,DA3417140,leeg.pdf,,DA3827989,leeg.pdf,,DA3755563,leeg.pdf,,DA3612006,leeg.pdf,,DA3730977,leeg.pdf,,DA3505791,leeg.pdf,,DA3228709,leeg.pdf,
DA3556273,leeg.pdf,,DA3123704,leeg.pdf,,DA3080979,leeg.pdf,,DA3820914,leeg.pdf,,DA3333517,leeg.pdf,,DA3353251,leeg.pdf,,DA3323555,leeg.pdf,,DA3380106,leeg.pdf,,DA3527873,leeg.pdf,,DA3278723,leeg.pdf,,DA3158897,leeg.pdf,,DA3739210,leeg.pdf,,DA3458208,leeg.pdf,,DA3558456,leeg.pdf,,DA3987594,leeg.pdf,
DA3589322,leeg.pdf,,DA3672686,leeg.pdf,,DA3672985,leeg.pdf,,DA3347147,leeg.pdf,,DA3445500,leeg.pdf,,DA3172114,leeg.pdf,,DA3338199,leeg.pdf,,DA3510094,leeg.pdf,,DA3071046,leeg.pdf,,DA3461043,leeg.pdf,,DA3686131,leeg.pdf,,DA3606766,leeg.pdf,,DA3138140,leeg.pdf,,DA3533666,leeg.pdf,,DA3236261,leeg.pdf,
DA3251140,leeg.pdf,,DA3532186,leeg.pdf,,DA3169336,leeg.pdf,,DA3926176,leeg.pdf,,DA3839965,leeg.pdf,,DA3260557,leeg.pdf,,DA3231917,leeg.pdf,,DA3213770,leeg.pdf,,DA3648922,leeg.pdf,,DA3611454,leeg.pdf,,DA3427373,leeg.pdf,,DA3913291,leeg.pdf,,DA3507692,leeg.pdf,,DA3699550,leeg.pdf,,DA3069228,leeg.pdf,
DA3829242,leeg.pdf,,DA3064164,leeg.pdf,,DA3490731,leeg.pdf,,DA3720178,leeg.pdf,,DA3895352,leeg.pdf,,DA3215794,leeg.pdf,,DA3067844,leeg.pdf,,DA3376667,leeg.pdf,,DA3765275,leeg.pdf,,DA3225904,leeg.pdf,,DA3093153,leeg.pdf,,DA3306689,leeg.pdf,,DA3187147,leeg.pdf,,DA3191564,leeg.pdf,,DA3372251,leeg.pdf,
DA3940395,leeg.pdf,,DA3198607,leeg.pdf,,DA3326500,leeg.pdf,,DA3077885,leeg.pdf,,DA3469075,leeg.pdf,,DA3668024,leeg.pdf,,DA3206588,leeg.pdf,,DA3464732,leeg.pdf,,DA3175777,leeg.pdf,,DA3098742,leeg.pdf,,DA3362998,leeg.pdf,,DA3957496,leeg.pdf,,DA3871092,leeg.pdf,,DA3706776,leeg.pdf,,DA3227640,leeg.pdf,
DA3536583,leeg.pdf,,DA3199904,leeg.pdf,,DA3086043,leeg.pdf,,DA3637255,leeg.pdf,,DA3210223,leeg.pdf,,DA3437898,leeg.pdf,,DA3901347,leeg.pdf,,DA3138663,leeg.pdf,,DA3756198,leeg.pdf,,DA3616001,leeg.pdf,,DA3406042,leeg.pdf,,DA3075637,leeg.pdf,,DA3568318,leeg.pdf,,DA3341231,leeg.pdf,,DA3445344,leeg.pdf,
DA3302542,leeg.pdf,,DA3782970,leeg.pdf,,DA3130223,leeg.pdf,,DA3076015,leeg.pdf,,DA3443195,leeg.pdf,,DA3078067,leeg.pdf,,DA3573534,leeg.pdf,,DA3100711,leeg.pdf,,DA3592833,leeg.pdf,,DA3313867,leeg.pdf,,DA3670242,leeg.pdf,,DA3607466,leeg.pdf,,DA3369832,leeg.pdf,,DA3062873,leeg.pdf,,DA3404661,leeg.pdf,
DA3159382,leeg.pdf,,DA3281557,leeg.pdf,,DA3503446,leeg.pdf,,DA3770040,leeg.pdf,,DA3239043,leeg.pdf,,DA3513108,leeg.pdf,,DA3422778,leeg.pdf,,DA3414316,leeg.pdf,,DA3403626,leeg.pdf,,DA3200868,leeg.pdf,,DA3923890,leeg.pdf,,DA3052086,leeg.pdf,,DA3136384,leeg.pdf,,DA3712037,leeg.pdf,,DA3197452,leeg.pdf,
DA3142806,leeg.pdf,,DA3156981,leeg.pdf,,DA3372787,leeg.pdf,,DA3616028,leeg.pdf,,DA3287403,leeg.pdf,,DA3274011,leeg.pdf,,DA3134185,leeg.pdf,,DA3226685,leeg.pdf,,DA3773698,leeg.pdf,,DA3601939,leeg.pdf,,DA3752121,leeg.pdf,,DA3162892,leeg.pdf,,DA3176423,leeg.pdf,,DA3301708,leeg.pdf,,DA3534353,leeg.pdf,
DA3798144,leeg.pdf,,DA3410482,leeg.pdf,,DA3802080,leeg.pdf,,DA3237448,leeg.pdf,,DA3284968,leeg.pdf,,DA3092997,leeg.pdf,,DA3802783,leeg.pdf,,DA3785876,leeg.pdf,,DA3118858,leeg.pdf,,DA3383395,leeg.pdf,,DA3934323,leeg.pdf,,DA3669809,leeg.pdf,,DA3899433,leeg.pdf,,DA3124212,leeg.pdf,,DA3913810,leeg.pdf,
DA3643378,leeg.pdf,,DA3127444,leeg.pdf,,DA3497183,leeg.pdf,,DA3907553,leeg.pdf,,DA3220852,leeg.pdf,,DA3893380,leeg.pdf,,DA3047882,leeg.pdf,,DA3597647,leeg.pdf,,DA3749517,leeg.pdf,,DA3929965,leeg.pdf,,DA3287217,leeg.pdf,,DA3080879,leeg.pdf,,DA3629191,leeg.pdf,,DA3217420,leeg.pdf,,DA3582009,leeg.pdf,
DA3245126,leeg.pdf,,DA3431484,leeg.pdf,,DA3551002,leeg.pdf,,DA3091886,leeg.pdf,,DA3840288,leeg.pdf,,DA3458500,leeg.pdf,,DA3587119,leeg.pdf,,DA3095588,leeg.pdf,,DA3587997,leeg.pdf,,DA3711919,leeg.pdf,,DA3200251,leeg.pdf,,DA3575184,leeg.pdf,,DA3553784,leeg.pdf,,DA3326776,leeg.pdf,,DA3736603,leeg.pdf,
DA3225888,leeg.pdf,,DA3196633,leeg.pdf,,DA3105841,leeg.pdf,,DA3806485,leeg.pdf,,DA3162491,leeg.pdf,,DA3379415,leeg.pdf,,DA3035021,leeg.pdf,,DA3246092,leeg.pdf,,DA3870812,leeg.pdf,,DA3343270,leeg.pdf,,DA3252531,leeg.pdf,,DA3114485,leeg.pdf,,DA3684033,leeg.pdf,,DA3532778,leeg.pdf,,DA3080058,leeg.pdf,
DA3289311,leeg.pdf,,DA3159906,leeg.pdf,,DA3100369,leeg.pdf,,DA3649008,leeg.pdf,,DA3128351,leeg.pdf,,DA3825791,leeg.pdf,,DA3478457,leeg.pdf,,DA3043585,leeg.pdf,,DA3910413,leeg.pdf,,DA3844550,leeg.pdf,,DA3339747,leeg.pdf,,DA3371614,leeg.pdf,,DA3695129,leeg.pdf,,DA3842497,leeg.pdf,,DA3681085,leeg.pdf,
DA3220602,leeg.pdf,,DA3476704,leeg.pdf,,DA3371381,leeg.pdf,,DA3397655,leeg.pdf,,DA3664952,leeg.pdf,,DA3167313,leeg.pdf,,DA3786479,leeg.pdf,,DA3871326,leeg.pdf,,DA3423986,leeg.pdf,,DA3165958,leeg.pdf,,DA3825099,leeg.pdf,,DA3205329,leeg.pdf,,DA3695317,leeg.pdf,,DA3428671,leeg.pdf,,DA3191685,leeg.pdf,
DA3445397,leeg.pdf,,DA3084586,leeg.pdf,,DA3283080,leeg.pdf,,DA3088309,leeg.pdf,,DA3620526,leeg.pdf,,DA3056858,leeg.pdf,,DA3379643,leeg.pdf,,DA3865539,leeg.pdf,,DA3289380,leeg.pdf,,DA3603838,leeg.pdf,,DA3056729,leeg.pdf,,DA3148282,leeg.pdf,,DA3285625,leeg.pdf,,DA3220473,leeg.pdf,,DA3045380,leeg.pdf,
DA3324142,leeg.pdf,,DA3226662,leeg.pdf,,DA3655405,leeg.pdf,,DA3968497,leeg.pdf,,DA3330322,leeg.pdf,,DA3922221,leeg.pdf,,DA3282127,leeg.pdf,,DA3494832,leeg.pdf,,DA3285235,leeg.pdf,,DA3517715,leeg.pdf,,DA3695530,leeg.pdf,,DA3648669,leeg.pdf,,DA3296247,leeg.pdf,,DA3537816,leeg.pdf,,DA3257127,leeg.pdf,
DA3994919,leeg.pdf,,DA3988093,leeg.pdf,,DA3099337,leeg.pdf,,DA3640460,leeg.pdf,,DA3456674,leeg.pdf,,DA3507986,leeg.pdf,,DA3336835,leeg.pdf,,DA3196901,leeg.pdf,,DA3957349,leeg.pdf,,DA3767257,leeg.pdf,,DA3156556,leeg.pdf,,DA3604148,leeg.pdf,,DA3432475,leeg.pdf,,DA3530298,leeg.pdf,,DA3243839,leeg.pdf,
DA3521601,leeg.pdf,,DA3710116,leeg.pdf,,DA3613560,leeg.pdf,,DA3944911,leeg.pdf,,DA3940422,leeg.pdf,,DA3355150,leeg.pdf,,DA3652573,leeg.pdf,,DA3648214,leeg.pdf,,DA3481984,leeg.pdf,,DA3942938,leeg.pdf,,DA3838762,leeg.pdf,,DA3684757,leeg.pdf,,DA3173206,leeg.pdf,,DA3537376,leeg.pdf,,DA3977962,leeg.pdf,
DA3108790,leeg.pdf,,DA3252176,leeg.pdf,,DA3225201,leeg.pdf,,DA3571705,leeg.pdf,,DA3086362,leeg.pdf,,DA3105288,leeg.pdf,,DA3844544,leeg.pdf,,DA3942985,leeg.pdf,,DA3355442,leeg.pdf,,DA3269704,leeg.pdf,,DA3257963,leeg.pdf,,DA3123369,leeg.pdf,,DA3694321,leeg.pdf,,DA3711227,leeg.pdf,,DA3123300,leeg.pdf,
DA3355380,leeg.pdf,,DA3332592,leeg.pdf,,DA3646212,leeg.pdf,,DA3130052,leeg.pdf,,DA3180178,leeg.pdf,,DA3438269,leeg.pdf,,DA3541537,leeg.pdf,,DA3221089,leeg.pdf,,DA3709574,leeg.pdf,,DA3257754,leeg.pdf,,DA3799071,leeg.pdf,,DA3131906,leeg.pdf,,DA3087403,leeg.pdf,,DA3142499,leeg.pdf,,DA3249018,leeg.pdf,
DA3845266,leeg.pdf,,DA3851289,leeg.pdf,,DA3845598,leeg.pdf,,DA3215996,leeg.pdf,,DA3209170,leeg.pdf,,DA3750337,leeg.pdf,,DA3061948,leeg.pdf,,DA3361621,leeg.pdf,,DA3303718,leeg.pdf,,DA3198623,leeg.pdf,,DA3079653,leeg.pdf,,DA3267382,leeg.pdf,,DA3087842,leeg.pdf,,DA3084871,leeg.pdf,,DA3292824,leeg.pdf,
DA3241683,leeg.pdf,,DA3054516,leeg.pdf,,DA3824396,leeg.pdf,,DA3396907,leeg.pdf,,DA3159305,leeg.pdf,,DA3784149,leeg.pdf,,DA3797788,leeg.pdf,,DA3290369,leeg.pdf,,DA3808009,leeg.pdf,,DA3079347,leeg.pdf,,DA3702412,leeg.pdf,,DA3518852,leeg.pdf,,DA3478446,leeg.pdf,,DA3192908,leeg.pdf,,DA3505331,leeg.pdf,
DA3715211,leeg.pdf,,DA3855990,leeg.pdf,,DA3449580,leeg.pdf,,DA3255090,leeg.pdf,,DA3628303,leeg.pdf,,DA3056139,leeg.pdf,,DA3365507,leeg.pdf,,DA3172761,leeg.pdf,,DA3599822,leeg.pdf,,DA3977656,leeg.pdf,,DA3063925,leeg.pdf,,DA3486766,leeg.pdf,,DA3570285,leeg.pdf,,DA3083448,leeg.pdf,,DA3533404,leeg.pdf,
DA3210580,leeg.pdf,,DA3451613,leeg.pdf,,DA3601073,leeg.pdf,,DA3440349,leeg.pdf,,DA3517582,leeg.pdf,,DA3184005,leeg.pdf,,DA3200512,leeg.pdf,,DA3050463,leeg.pdf,,DA3162170,leeg.pdf,,DA3940768,leeg.pdf,,DA3576051,leeg.pdf,,DA3626947,leeg.pdf,,DA3557247,leeg.pdf,,DA3440151,leeg.pdf,,DA3158919,leeg.pdf,
DA3282030,leeg.pdf,,DA3102055,leeg.pdf,,DA3247010,leeg.pdf,,DA3774769,leeg.pdf,,DA3138484,leeg.pdf,,DA3592604,leeg.pdf,,DA3597783,leeg.pdf,,DA3349973,leeg.pdf,,DA3075516,leeg.pdf,,DA3378578,leeg.pdf,,DA3084205,leeg.pdf,,DA3499578,leeg.pdf,,DA3116121,leeg.pdf,,DA3110245,leeg.pdf,,DA3164787,leeg.pdf,
DA3142935,leeg.pdf,,DA3109387,leeg.pdf,,DA3377355,leeg.pdf,,DA3698922,leeg.pdf,,DA3186930,leeg.pdf,,DA3043877,leeg.pdf,,DA3592134,leeg.pdf,,DA3212120,leeg.pdf,,DA3119310,leeg.pdf,,DA3633264,leeg.pdf,,DA3133815,leeg.pdf,,DA3268405,leeg.pdf,,DA3939062,leeg.pdf,,DA3891333,leeg.pdf,,DA3428861,leeg.pdf,
DA3820691,leeg.pdf,,DA3561544,leeg.pdf,,DA3803125,leeg.pdf,,DA3234056,leeg.pdf,,DA3054938,leeg.pdf,,DA3114645,leeg.pdf,,DA3407251,leeg.pdf,,DA3312507,leeg.pdf,,DA3742452,leeg.pdf,,DA3619025,leeg.pdf,,DA3580759,leeg.pdf,,DA3592125,leeg.pdf,,DA3530721,leeg.pdf,,DA3254206,leeg.pdf,,DA3461580,leeg.pdf,
DA3582052,leeg.pdf,,DA3527304,leeg.pdf,,DA3106059,leeg.pdf,,DA3655207,leeg.pdf,,DA3273373,leeg.pdf,,DA3065968,leeg.pdf,,DA3709485,leeg.pdf,,DA3947808,leeg.pdf,,DA3668470,leeg.pdf,,DA3282688,leeg.pdf,,DA3081460,leeg.pdf,,DA3079943,leeg.pdf,,DA3074469,leeg.pdf,,DA3207901,leeg.pdf,,DA3143436,leeg.pdf,
DA3929538,leeg.pdf,,DA3146790,leeg.pdf,,DA3330119,leeg.pdf,,DA3869280,leeg.pdf,,DA3804972,leeg.pdf,,DA3917143,leeg.pdf,,DA3110686,leeg.pdf,,DA3376408,leeg.pdf,,DA3071641,leeg.pdf,,DA3247314,leeg.pdf,,DA3329628,leeg.pdf,,DA3899847,leeg.pdf,,DA3262177,leeg.pdf,,DA3208910,leeg.pdf,,DA3607982,leeg.pdf,
DA3414237,leeg.pdf,,DA3800610,leeg.pdf,,DA3280042,leeg.pdf,,DA3511573,leeg.pdf,,DA3439927,leeg.pdf,,DA3575089,leeg.pdf,,DA3091270,leeg.pdf,,DA3102298,leeg.pdf,,DA3094640,leeg.pdf,,DA3172476,leeg.pdf,,DA3621367,leeg.pdf,,DA3315160,leeg.pdf,,DA3150433,leeg.pdf,,DA3367727,leeg.pdf,,DA3241270,leeg.pdf,
DA3575935,leeg.pdf,,DA3607497,leeg.pdf,,DA3576410,leeg.pdf,,DA3101239,leeg.pdf,,DA3837967,leeg.pdf,,DA3962062,leeg.pdf,,DA3922787,leeg.pdf,,DA3628612,leeg.pdf,,DA3902677,leeg.pdf,,DA3063734,leeg.pdf,,DA3136433,leeg.pdf,,DA3141996,leeg.pdf,,DA3232021,leeg.pdf,,DA3409831,leeg.pdf,,DA3680685,leeg.pdf,
DA3192717,leeg.pdf,,DA3862940,leeg.pdf,,DA3076587,leeg.pdf,,DA3300785,leeg.pdf,,DA3928564,leeg.pdf,,DA3445121,leeg.pdf,,DA3686094,leeg.pdf,,DA3289074,leeg.pdf,,DA3716687,leeg.pdf,,DA3098127,leeg.pdf,,DA3610080,leeg.pdf,,DA3114567,leeg.pdf,,DA3529419,leeg.pdf,,DA3590839,leeg.pdf,,DA3566329,leeg.pdf,
DA3580019,leeg.pdf,,DA3385258,leeg.pdf,,DA3632818,leeg.pdf,,DA3431181,leeg.pdf,,DA3930471,leeg.pdf,,DA3245035,leeg.pdf,,DA3849466,leeg.pdf,,DA3479303,leeg.pdf,,DA3816854,leeg.pdf,,DA3344078,leeg.pdf,,DA3509200,leeg.pdf,,DA3069448,leeg.pdf,,DA3981175,leeg.pdf,,DA3340895,leeg.pdf,,DA3046889,leeg.pdf,
DA3427385,leeg.pdf,,DA3610611,leeg.pdf,,DA3378345,leeg.pdf,,DA3995566,leeg.pdf,,DA3127573,leeg.pdf,,DA3687641,leeg.pdf,,DA3727236,leeg.pdf,,DA3859915,leeg.pdf,,DA3689886,leeg.pdf,,DA3957458,leeg.pdf,,DA3918972,leeg.pdf,,DA3117997,leeg.pdf,,DA3256991,leeg.pdf,,DA3454160,leeg.pdf,,DA3777202,leeg.pdf,
DA3278443,leeg.pdf,,DA3198339,leeg.pdf,,DA3166084,leeg.pdf,,DA3061595,leeg.pdf,,DA3269144,leeg.pdf,,DA3701939,leeg.pdf,,DA3267862,leeg.pdf,,DA3344132,leeg.pdf,,DA3222011,leeg.pdf,,DA3192356,leeg.pdf,,DA3188019,leeg.pdf,,DA3811969,leeg.pdf,,DA3864548,leeg.pdf,,DA3061767,leeg.pdf,,DA3441473,leeg.pdf,
DA3328686,leeg.pdf,,DA3669912,leeg.pdf,,DA3786373,leeg.pdf,,DA3395039,leeg.pdf,,DA3204637,leeg.pdf,,DA3349756,leeg.pdf,,DA3368836,leeg.pdf,,DA3818565,leeg.pdf,,DA3827558,leeg.pdf,,DA3403772,leeg.pdf,,DA3095931,leeg.pdf,,DA3271716,leeg.pdf,,DA3235972,leeg.pdf,,DA3555037,leeg.pdf,,DA3040656,leeg.pdf,
DA3538947,leeg.pdf,,DA3674559,leeg.pdf,,DA3574996,leeg.pdf,,DA3722335,leeg.pdf,,DA3183696,leeg.pdf,,DA3098027,leeg.pdf,,DA3043038,leeg.pdf,,DA3804180,leeg.pdf,,DA3585840,leeg.pdf,,DA3964250,leeg.pdf,,DA3128825,leeg.pdf,,DA3498362,leeg.pdf,,DA3455183,leeg.pdf,,DA3853883,leeg.pdf,,DA3118394,leeg.pdf,
DA3347197,leeg.pdf,,DA3126420,leeg.pdf,,DA3093783,leeg.pdf,,DA3254998,leeg.pdf,,DA3321987,leeg.pdf,,DA3859127,leeg.pdf,,DA3665517,leeg.pdf,,DA3246300,leeg.pdf,,DA3246141,leeg.pdf,,DA3286017,leeg.pdf,,DA3575580,leeg.pdf,,DA3184699,leeg.pdf,,DA3052273,leeg.pdf,,DA3534458,leeg.pdf,,DA3779169,leeg.pdf,
DA3857702,leeg.pdf,,DA3260265,leeg.pdf,,DA3743466,leeg.pdf,,DA3921885,leeg.pdf,,DA3339110,leeg.pdf,,DA3875693,leeg.pdf,,DA3644266,leeg.pdf,,DA3316433,leeg.pdf,,DA3182938,leeg.pdf,,DA3699923,leeg.pdf,,DA3413104,leeg.pdf,,DA3335391,leeg.pdf,,DA3982437,leeg.pdf,,DA3535609,leeg.pdf,,DA3826728,leeg.pdf,
DA3358631,leeg.pdf,,DA3975878,leeg.pdf,,DA3278525,leeg.pdf,,DA3155311,leeg.pdf,,DA3633990,leeg.pdf,,DA3289021,leeg.pdf,,DA3531523,leeg.pdf,,DA3290351,leeg.pdf,,DA3874285,leeg.pdf,,DA3941435,leeg.pdf,,DA3233624,leeg.pdf,,DA3736510,leeg.pdf,,DA3961108,leeg.pdf,,DA3079968,leeg.pdf,,DA3400613,leeg.pdf,
DA3898319,leeg.pdf,,DA3213591,leeg.pdf,,DA3187650,leeg.pdf,,DA3597285,leeg.pdf,,DA3521031,leeg.pdf,,DA3630813,leeg.pdf,,DA3043985,leeg.pdf,,DA3886545,leeg.pdf,,DA3415076,leeg.pdf,,DA3943666,leeg.pdf,,DA3101444,leeg.pdf,,DA3905878,leeg.pdf,,DA3535481,leeg.pdf,,DA3326362,leeg.pdf,,DA3375693,leeg.pdf,
DA3970129,leeg.pdf,,DA3037146,leeg.pdf,,DA3225721,leeg.pdf,,DA3679275,leeg.pdf,,DA3586955,leeg.pdf,,DA3533629,leeg.pdf,,DA3875203,leeg.pdf,,DA3262598,leeg.pdf,,DA3402786,leeg.pdf,,DA3386769,leeg.pdf,,DA3906608,leeg.pdf,,DA3288131,leeg.pdf,,DA3416825,leeg.pdf,,DA3739706,leeg.pdf,,DA3525423,leeg.pdf,
DA3340296,leeg.pdf,,DA3262141,leeg.pdf,,DA3989677,leeg.pdf,,DA3857200,leeg.pdf,,DA3027319,leeg.pdf,,DA3366568,leeg.pdf,,DA3090463,leeg.pdf,,DA3392032,leeg.pdf,,DA3223516,leeg.pdf,,DA3480792,leeg.pdf,,DA3994552,leeg.pdf,,DA3798940,leeg.pdf,,DA3149366,leeg.pdf,,DA3136385,leeg.pdf,,DA3315450,leeg.pdf,
DA3242041,leeg.pdf,,DA3662915,leeg.pdf,,DA3954780,leeg.pdf,,DA3592496,leeg.pdf,,DA3207242,leeg.pdf,,DA3058835,leeg.pdf,,DA3765515,leeg.pdf,,DA3297888,leeg.pdf,,DA3098583,leeg.pdf,,DA3198109,leeg.pdf,,DA3301621,leeg.pdf,,DA3433194,leeg.pdf,,DA3407090,leeg.pdf,,DA3401875,leeg.pdf,,DA3427051,leeg.pdf,
DA3330337,leeg.pdf,,DA3186739,leeg.pdf,,DA3411814,leeg.pdf,,DA3911681,leeg.pdf,,DA3173817,leeg.pdf,,DA3238591,leeg.pdf,,DA3334643,leeg.pdf,,DA3222261,leeg.pdf,,DA3153453,leeg.pdf,,DA3149364,leeg.pdf,,DA3210315,leeg.pdf,,DA3448248,leeg.pdf,,DA3852520,leeg.pdf,,DA3784628,leeg.pdf,,DA3346615,leeg.pdf,
DA3462561,leeg.pdf,,DA3785364,leeg.pdf,,DA3105056,leeg.pdf,,DA3300300,leeg.pdf,,DA3531978,leeg.pdf,,DA3444590,leeg.pdf,,DA3180287,leeg.pdf,,DA3905515,leeg.pdf,,DA3482777,leeg.pdf,,DA3772945,leeg.pdf,,DA3339225,leeg.pdf,,DA3129706,leeg.pdf,,DA3168084,leeg.pdf,,DA3733433,leeg.pdf,,DA3561049,leeg.pdf,
DA3640450,leeg.pdf,,DA3131191,leeg.pdf,,DA3558795,leeg.pdf,,DA3463433,leeg.pdf,,DA3196297,leeg.pdf,,DA3161352,leeg.pdf,,DA3368801,leeg.pdf,,DA3106606,leeg.pdf,,DA3271420,leeg.pdf,,DA3064241,leeg.pdf,,DA3623602,leeg.pdf,,DA3566928,leeg.pdf,,DA3721317,leeg.pdf,,DA3247741,leeg.pdf,,DA3344124,leeg.pdf,
DA3936704,leeg.pdf,,DA3240763,leeg.pdf,,DA3228531,leeg.pdf,,DA3554954,leeg.pdf,,DA3091414,leeg.pdf,,DA3926672,leeg.pdf,,DA3381454,leeg.pdf,,DA3377334,leeg.pdf,,DA3362893,leeg.pdf,,DA3978342,leeg.pdf,,DA3120451,leeg.pdf,,DA3338578,leeg.pdf,,DA3277424,leeg.pdf,,DA3140866,leeg.pdf,,DA3274616,leeg.pdf,
DA3762283,leeg.pdf,,DA3434922,leeg.pdf,,DA3811883,leeg.pdf,,DA3216045,leeg.pdf,,DA3440261,leeg.pdf,,DA3569814,leeg.pdf,,DA3250644,leeg.pdf,,DA3302707,leeg.pdf,,DA3156716,leeg.pdf,,DA3464258,leeg.pdf,,DA3966909,leeg.pdf,,DA3167146,leeg.pdf,,DA3860250,leeg.pdf,,DA3993599,leeg.pdf,,DA3603170,leeg.pdf,
DA3652460,leeg.pdf,,DA3102254,leeg.pdf,,DA3947634,leeg.pdf,,DA3350509,leeg.pdf,,DA3356694,leeg.pdf,,DA3410421,leeg.pdf,,DA3122402,leeg.pdf,,DA3363667,leeg.pdf,,DA3118476,leeg.pdf,,DA3486490,leeg.pdf,,DA3441493,leeg.pdf,,DA3868930,leeg.pdf,,DA3550489,leeg.pdf,,DA3396254,leeg.pdf,,DA3857643,leeg.pdf,
DA3132392,leeg.pdf,,DA3424762,leeg.pdf,,DA3441307,leeg.pdf,,DA3257707,leeg.pdf,,DA3468400,leeg.pdf,,DA3871637,leeg.pdf,,DA3193747,leeg.pdf,,DA3367261,leeg.pdf,,DA3508731,leeg.pdf,,DA3121169,leeg.pdf,,DA3861711,leeg.pdf,,DA3617210,leeg.pdf,,DA3458912,leeg.pdf,,DA3410467,leeg.pdf,,DA3975922,leeg.pdf,
DA3725547,leeg.pdf,,DA3146168,leeg.pdf,,DA3319578,leeg.pdf,,DA3627896,leeg.pdf,,DA3175357,leeg.pdf,,DA3480128,leeg.pdf,,DA3077059,leeg.pdf,,DA3117339,leeg.pdf,,DA3428597,leeg.pdf,,DA3515559,leeg.pdf,,DA3775446,leeg.pdf,,DA3287463,leeg.pdf,,DA3532875,leeg.pdf,,DA3456636,leeg.pdf,,DA3719045,leeg.pdf,
DA3364644,leeg.pdf,,DA3657209,leeg.pdf,,DA3249143,leeg.pdf,,DA3369768,leeg.pdf,,DA3155701,leeg.pdf,,DA3663211,leeg.pdf,,DA3658845,leeg.pdf,,DA3861524,leeg.pdf,,DA3359816,leeg.pdf,,DA3044743,leeg.pdf,,DA3303093,leeg.pdf,,DA3535360,leeg.pdf,,DA3985488,leeg.pdf,,DA3685514,leeg.pdf,,DA3691632,leeg.pdf,
DA3606866,leeg.pdf,,DA3185717,leeg.pdf,,DA3109292,leeg.pdf,,DA3955291,leeg.pdf,,DA3173629,leeg.pdf,,DA3077182,leeg.pdf,,DA3554673,leeg.pdf,,DA3574694,leeg.pdf,,DA3542128,leeg.pdf,,DA3548909,leeg.pdf,,DA3258013,leeg.pdf,,DA3620761,leeg.pdf,,DA3652350,leeg.pdf,,DA3122919,leeg.pdf,,DA3202301,leeg.pdf,
DA3603799,leeg.pdf,,DA3046410,leeg.pdf,,DA3577290,leeg.pdf,,DA3490183,leeg.pdf,,DA3961347,leeg.pdf,,DA3113481,leeg.pdf,,DA3537432,leeg.pdf,,DA3164009,leeg.pdf,,DA3378211,leeg.pdf,,DA3440466,leeg.pdf,,DA3137776,leeg.pdf,,DA3273645,leeg.pdf,,DA3054977,leeg.pdf,,DA3413060,leeg.pdf,,DA3515106,leeg.pdf,
DA3888691,leeg.pdf,,DA3596499,leeg.pdf,,DA3080971,leeg.pdf,,DA3517995,leeg.pdf,,DA3475620,leeg.pdf,,DA3388473,leeg.pdf,,DA3939666,leeg.pdf,,DA3060136,leeg.pdf,,DA3058572,leeg.pdf,,DA3323640,leeg.pdf,,DA3284640,leeg.pdf,,DA3752533,leeg.pdf,,DA3357059,leeg.pdf,,DA3128114,leeg.pdf,,DA3557400,leeg.pdf,
DA3303609,leeg.pdf,,DA3135166,leeg.pdf,,DA3394928,leeg.pdf,,DA3423015,leeg.pdf,,DA3782801,leeg.pdf,,DA3502656,leeg.pdf,,DA3406129,leeg.pdf,,DA3570293,leeg.pdf,,DA3936529,leeg.pdf,,DA3891803,leeg.pdf,,DA3993458,leeg.pdf,,DA3069267,leeg.pdf,,DA3119741,leeg.pdf,,DA3669717,leeg.pdf,,DA3646243,leeg.pdf,
DA3600333,leeg.pdf,,DA3073615,leeg.pdf,,DA3315885,leeg.pdf,,DA3856498,leeg.pdf,,DA3991722,leeg.pdf,,DA3946901,leeg.pdf,,DA3119085,leeg.pdf,,DA3307410,leeg.pdf,,DA3195082,leeg.pdf,,DA3395933,leeg.pdf,,DA3858420,leeg.pdf,,DA3554448,leeg.pdf,,DA3359479,leeg.pdf,,DA3711815,leeg.pdf,,DA3859293,leeg.pdf,
DA3515291,leeg.pdf,,DA3151625,leeg.pdf,,DA3097358,leeg.pdf,,DA3651089,leeg.pdf,,DA3222716,leeg.pdf,,DA3299108,leeg.pdf,,DA3746357,leeg.pdf,,DA3770952,leeg.pdf,,DA3980690,leeg.pdf,,DA3487874,leeg.pdf,,DA3173752,leeg.pdf,,DA3313459,leeg.pdf,,DA3238419,leeg.pdf,,DA3062068,leeg.pdf,,DA3148643,leeg.pdf,
DA3065371,leeg.pdf,,DA3078816,leeg.pdf,,DA3433127,leeg.pdf,,DA3162653,leeg.pdf,,DA3083523,leeg.pdf,,DA3105492,leeg.pdf,,DA3994043,leeg.pdf,,DA3848483,leeg.pdf,,DA3382630,leeg.pdf,,DA3088822,leeg.pdf,,DA3658982,leeg.pdf,,DA3068734,leeg.pdf,,DA3118922,leeg.pdf,,DA3212125,leeg.pdf,,DA3847841,leeg.pdf,
DA3489496,leeg.pdf,,DA3539337,leeg.pdf,,DA3896084,leeg.pdf,,DA3908371,leeg.pdf,,DA3456521,leeg.pdf,,DA3702040,leeg.pdf,,DA3046216,leeg.pdf,,DA3933987,leeg.pdf,,DA3276857,leeg.pdf,,DA3255827,leeg.pdf,,DA3092894,leeg.pdf,,DA3713987,leeg.pdf,,DA3061267,leeg.pdf,,DA3583568,leeg.pdf,,DA3394145,leeg.pdf,
DA3611290,leeg.pdf,,DA3074018,leeg.pdf,,DA3354714,leeg.pdf,,DA3775757,leeg.pdf,,DA3881267,leeg.pdf,,DA3071628,leeg.pdf,,DA3471304,leeg.pdf,,DA3775473,leeg.pdf,,DA3051265,leeg.pdf,,DA3197588,leeg.pdf,,DA3097867,leeg.pdf,,DA3302280,leeg.pdf,,DA3268511,leeg.pdf,,DA3375599,leeg.pdf,,DA3194953,leeg.pdf,
DA3197775,leeg.pdf,,DA3870942,leeg.pdf,,DA3248278,leeg.pdf,,DA3425507,leeg.pdf,,DA3103518,leeg.pdf,,DA3130393,leeg.pdf,,DA3456418,leeg.pdf,,DA3703359,leeg.pdf,,DA3547502,leeg.pdf,,DA3306608,leeg.pdf,,DA3573953,leeg.pdf,,DA3518115,leeg.pdf,,DA3227453,leeg.pdf,,DA3096985,leeg.pdf,,DA3073827,leeg.pdf,
DA3960225,leeg.pdf,,DA3682898,leeg.pdf,,DA3907754,leeg.pdf,,DA3111181,leeg.pdf,,DA3200503,leeg.pdf,,DA3301811,leeg.pdf,,DA3822807,leeg.pdf,,DA3262001,leeg.pdf,,DA3036271,leeg.pdf,,DA3748782,leeg.pdf,,DA3888246,leeg.pdf,,DA3068919,leeg.pdf,,DA3620439,leeg.pdf,,DA3136359,leeg.pdf,,DA3133624,leeg.pdf,
DA3162973,leeg.pdf,,DA3065376,leeg.pdf,,DA3827285,leeg.pdf,,DA3991100,leeg.pdf,,DA3240195,leeg.pdf,,DA3529983,leeg.pdf,,DA3791039,leeg.pdf,,DA3055779,leeg.pdf,,DA3128369,leeg.pdf,,DA3075764,leeg.pdf,,DA3956846,leeg.pdf,,DA3166018,leeg.pdf,,DA3047497,leeg.pdf,,DA3062972,leeg.pdf,,DA3466912,leeg.pdf,
DA3129349,leeg.pdf,,DA3446157,leeg.pdf,,DA3191374,leeg.pdf,,DA3463116,leeg.pdf,,DA3187105,leeg.pdf,,DA3330674,leeg.pdf,,DA3748566,leeg.pdf,,DA3257885,leeg.pdf,,DA3468880,leeg.pdf,,DA3044739,leeg.pdf,,DA3869842,leeg.pdf,,DA3802846,leeg.pdf,,DA3342479,leeg.pdf,,DA3438052,leeg.pdf,,DA3436363,leeg.pdf,
DA3371021,leeg.pdf,,DA3640236,leeg.pdf,,DA3415556,leeg.pdf,,DA3436721,leeg.pdf,,DA3333825,leeg.pdf,,DA3633155,leeg.pdf,,DA3830193,leeg.pdf,,DA3772091,leeg.pdf,,DA3881630,leeg.pdf,,DA3942635,leeg.pdf,,DA3459834,leeg.pdf,,DA3312501,leeg.pdf,,DA3934327,leeg.pdf,,DA3057006,leeg.pdf,,DA3072847,leeg.pdf,
DA3423381,leeg.pdf,,DA3340929,leeg.pdf,,DA3747044,leeg.pdf,,DA3052625,leeg.pdf,,DA3929244,leeg.pdf,,DA3488214,leeg.pdf,,DA3320409,leeg.pdf,,DA3272874,leeg.pdf,,DA3398438,leeg.pdf,,DA3606907,leeg.pdf,,DA3293461,leeg.pdf,,DA3384519,leeg.pdf,,DA3145978,leeg.pdf,,DA3174666,leeg.pdf,,DA3101869,leeg.pdf,
DA3424634,leeg.pdf,,DA3597540,leeg.pdf,,DA3783028,leeg.pdf,,DA3043669,leeg.pdf,,DA3384480,leeg.pdf,,DA3404349,leeg.pdf,,DA3294356,leeg.pdf,,DA3171010,leeg.pdf,,DA3362427,leeg.pdf,,DA3413461,leeg.pdf,,DA3702557,leeg.pdf,,DA3091569,leeg.pdf,,DA3211743,leeg.pdf,,DA3378706,leeg.pdf,,DA3892748,leeg.pdf,
DA3317540,leeg.pdf,,DA3394752,leeg.pdf,,DA3308615,leeg.pdf,,DA3500820,leeg.pdf,,DA3648742,leeg.pdf,,DA3115830,leeg.pdf,,DA3496794,leeg.pdf,,DA3919026,leeg.pdf,,DA3299292,leeg.pdf,,DA3130670,leeg.pdf,,DA3631272,leeg.pdf,,DA3690009,leeg.pdf,,DA3664012,leeg.pdf,,DA3525466,leeg.pdf,,DA3987778,leeg.pdf,
DA3914450,leeg.pdf,,DA3507549,leeg.pdf,,DA3373172,leeg.pdf,,DA3291245,leeg.pdf,,DA3839779,leeg.pdf,,DA3370376,leeg.pdf,,DA3306347,leeg.pdf,,DA3047485,leeg.pdf,,DA3255309,leeg.pdf,,DA3737897,leeg.pdf,,DA3606782,leeg.pdf,,DA3306233,leeg.pdf,,DA3975828,leeg.pdf,,DA3139487,leeg.pdf,,DA3094473,leeg.pdf,
DA3747237,leeg.pdf,,DA3546568,leeg.pdf,,DA3939594,leeg.pdf,,DA3141882,leeg.pdf,,DA3815714,leeg.pdf,,DA3381374,leeg.pdf,,DA3207354,leeg.pdf,,DA3909404,leeg.pdf,,DA3036206,leeg.pdf,,DA3169611,leeg.pdf,,DA3345411,leeg.pdf,,DA3034593,leeg.pdf,,DA3786603,leeg.pdf,,DA3097978,leeg.pdf,,DA3807845,leeg.pdf,
DA3379580,leeg.pdf,,DA3169232,leeg.pdf,,DA3761196,leeg.pdf,,DA3189745,leeg.pdf,,DA3403835,leeg.pdf,,DA3999847,leeg.pdf,,DA3206070,leeg.pdf,,DA3452193,leeg.pdf,,DA3495478,leeg.pdf,,DA3415252,leeg.pdf,,DA3593453,leeg.pdf,,DA3170272,leeg.pdf,,DA3381842,leeg.pdf,,DA3868838,leeg.pdf,,DA3410991,leeg.pdf,
DA3759579,leeg.pdf,,DA3509260,leeg.pdf,,DA3129326,leeg.pdf,,DA3294566,leeg.pdf,,DA3485280,leeg.pdf,,DA3049796,leeg.pdf,,DA3797894,leeg.pdf,,DA3479519,leeg.pdf,,DA3616989,leeg.pdf,,DA3099897,leeg.pdf,,DA3499914,leeg.pdf,,DA3775958,leeg.pdf,,DA3799374,leeg.pdf,,DA3740556,leeg.pdf,,DA3435081,leeg.pdf,
DA3701549,leeg.pdf,,DA3112726,leeg.pdf,,DA3409728,leeg.pdf,,DA3903263,leeg.pdf,,DA3551052,leeg.pdf,,DA3969065,leeg.pdf,,DA3172605,leeg.pdf,,DA3064019,leeg.pdf,,DA3666892,leeg.pdf,,DA3298025,leeg.pdf,,DA3725382,leeg.pdf,,DA3239501,leeg.pdf,,DA3676975,leeg.pdf,,DA3396384,leeg.pdf,,DA3246408,leeg.pdf,
DA3376994,leeg.pdf,,DA3182500,leeg.pdf,,DA3072400,leeg.pdf,,DA3224210,leeg.pdf,,DA3701898,leeg.pdf,,DA3476006,leeg.pdf,,DA3227172,leeg.pdf,,DA3407242,leeg.pdf,,DA3573049,leeg.pdf,,DA3266190,leeg.pdf,,DA3634039,leeg.pdf,,DA3661308,leeg.pdf,,DA3102005,leeg.pdf,,DA3619360,leeg.pdf,,DA3948045,leeg.pdf,
DA3121106,leeg.pdf,,DA3114359,leeg.pdf,,DA3530757,leeg.pdf,,DA3908491,leeg.pdf,,DA3717228,leeg.pdf,,DA3777479,leeg.pdf,,DA3369370,leeg.pdf,,DA3485188,leeg.pdf,,DA3538816,leeg.pdf,,DA3323397,leeg.pdf,,DA3808567,leeg.pdf,,DA3838777,leeg.pdf,,DA3516412,leeg.pdf,,DA3416846,leeg.pdf,,DA3192069,leeg.pdf,
DA3780527,leeg.pdf,,DA3302644,leeg.pdf,,DA3263142,leeg.pdf,,DA3137521,leeg.pdf,,DA3290661,leeg.pdf,,DA3453708,leeg.pdf,,DA3465994,leeg.pdf,,DA3040740,leeg.pdf,,DA3762613,leeg.pdf,,DA3677885,leeg.pdf,,DA3709949,leeg.pdf,,DA3108982,leeg.pdf,,DA3202967,leeg.pdf,,DA3413073,leeg.pdf,,DA3265207,leeg.pdf,
DA3077906,leeg.pdf,,DA3129027,leeg.pdf,,DA3128362,leeg.pdf,,DA3062725,leeg.pdf,,DA3436908,leeg.pdf,,DA3605227,leeg.pdf,,DA3672349,leeg.pdf,,DA3515698,leeg.pdf,,DA3702940,leeg.pdf,,DA3352333,leeg.pdf,,DA3912771,leeg.pdf,,DA3321508,leeg.pdf,,DA3707117,leeg.pdf,,DA3834897,leeg.pdf,,DA3150938,leeg.pdf,
DA3706831,leeg.pdf,,DA3131020,leeg.pdf,,DA3359721,leeg.pdf,,DA3749223,leeg.pdf,,DA3370563,leeg.pdf,,DA3105746,leeg.pdf,,DA3327196,leeg.pdf,,DA3682151,leeg.pdf,,DA3308569,leeg.pdf,,DA3028909,leeg.pdf,,DA3305409,leeg.pdf,,DA3865453,leeg.pdf,,DA3488876,leeg.pdf,,DA3198612,leeg.pdf,,DA3083328,leeg.pdf,
DA3331217,leeg.pdf,,DA3175755,leeg.pdf,,DA3294871,leeg.pdf,,DA3589262,leeg.pdf,,DA3959627,leeg.pdf,,DA3450476,leeg.pdf,,DA3525352,leeg.pdf,,DA3304740,leeg.pdf,,DA3448793,leeg.pdf,,DA3853077,leeg.pdf,,DA3867406,leeg.pdf,,DA3086574,leeg.pdf,,DA3664734,leeg.pdf,,DA3223455,leeg.pdf,,DA3069341,leeg.pdf,
DA3154750,leeg.pdf,,DA3654388,leeg.pdf,,DA3179398,leeg.pdf,,DA3209584,leeg.pdf,,DA3141350,leeg.pdf,,DA3102681,leeg.pdf,,DA3494412,leeg.pdf,,DA3064769,leeg.pdf,,DA3686455,leeg.pdf,,DA3391957,leeg.pdf,,DA3396556,leeg.pdf,,DA3087670,leeg.pdf,,DA3851000,leeg.pdf,,DA3283448,leeg.pdf,,DA3655745,leeg.pdf,
DA3443325,leeg.pdf,,DA3971166,leeg.pdf,,DA3126964,leeg.pdf,,DA3362351,leeg.pdf,,DA3532930,leeg.pdf,,DA3494516,leeg.pdf,,DA3228494,leeg.pdf,,DA3196002,leeg.pdf,,DA3241160,leeg.pdf,,DA3636741,leeg.pdf,,DA3680766,leeg.pdf,,DA3967362,leeg.pdf,,DA3962788,leeg.pdf,,DA3335808,leeg.pdf,,DA3514355,leeg.pdf,
DA3717650,leeg.pdf,,DA3068997,leeg.pdf,,DA3311497,leeg.pdf,,DA3307937,leeg.pdf,,DA3763483,leeg.pdf,,DA3962916,leeg.pdf,,DA3388902,leeg.pdf,,DA3457675,leeg.pdf,,DA3263898,leeg.pdf,,DA3346207,leeg.pdf,,DA3581831,leeg.pdf,,DA3099882,leeg.pdf,,DA3305564,leeg.pdf,,DA3662914,leeg.pdf,,DA3098857,leeg.pdf,
DA3760517,leeg.pdf,,DA3925553,leeg.pdf,,DA3776448,leeg.pdf,,DA3645540,leeg.pdf,,DA3638386,leeg.pdf,,DA3712383,leeg.pdf,,DA3089649,leeg.pdf,,DA3181044,leeg.pdf,,DA3576971,leeg.pdf,,DA3579829,leeg.pdf,,DA3748335,leeg.pdf,,DA3381720,leeg.pdf,,DA3305644,leeg.pdf,,DA3108017,leeg.pdf,,DA3097129,leeg.pdf,
DA3502330,leeg.pdf,,DA3116115,leeg.pdf,,DA3287375,leeg.pdf,,DA3414941,leeg.pdf,,DA3773385,leeg.pdf,,DA3684696,leeg.pdf,,DA3710039,leeg.pdf,,DA3789232,leeg.pdf,,DA3054814,leeg.pdf,,DA3091149,leeg.pdf,,DA3185591,leeg.pdf,,DA3211003,leeg.pdf,,DA3500912,leeg.pdf,,DA3950033,leeg.pdf,,DA3848154,leeg.pdf,
DA3807610,leeg.pdf,,DA3269167,leeg.pdf,,DA3879916,leeg.pdf,,DA3079047,leeg.pdf,,DA3200956,leeg.pdf,,DA3715480,leeg.pdf,,DA3902546,leeg.pdf,,DA3985264,leeg.pdf,,DA3958501,leeg.pdf,,DA3157836,leeg.pdf,,DA3629746,leeg.pdf,,DA3576685,leeg.pdf,,DA3608035,leeg.pdf,,DA3157705,leeg.pdf,,DA3658049,leeg.pdf,
DA3397730,leeg.pdf,,DA3121737,leeg.pdf,,DA3359431,leeg.pdf,,DA3184768,leeg.pdf,,DA3277982,leeg.pdf,,DA3060831,leeg.pdf,,DA3595628,leeg.pdf,,DA3821402,leeg.pdf,,DA3564352,leeg.pdf,,DA3213903,leeg.pdf,,DA3662869,leeg.pdf,,DA3057946,leeg.pdf,,DA3876379,leeg.pdf,,DA3536592,leeg.pdf,,DA3377531,leeg.pdf,
DA3915097,leeg.pdf,,DA3608634,leeg.pdf,,DA3060510,leeg.pdf,,DA3687148,leeg.pdf,,DA3063288,leeg.pdf,,DA3054389,leeg.pdf,,DA3145006,leeg.pdf,,DA3851562,leeg.pdf,,DA3635253,leeg.pdf,,DA3927998,leeg.pdf,,DA3985305,leeg.pdf,,DA3137881,leeg.pdf,,DA3638170,leeg.pdf,,DA3545944,leeg.pdf,,DA3096104,leeg.pdf,
DA3291004,leeg.pdf,,DA3209855,leeg.pdf,,DA3501192,leeg.pdf,,DA3570100,leeg.pdf,,DA3981321,leeg.pdf,,DA3350510,leeg.pdf,,DA3161671,leeg.pdf,,DA3640323,leeg.pdf,,DA3063464,leeg.pdf,,DA3829112,leeg.pdf,,DA3823572,leeg.pdf,,DA3245221,leeg.pdf,,DA3841586,leeg.pdf,,DA3048655,leeg.pdf,,DA3793570,leeg.pdf,
DA3315970,leeg.pdf,,DA3376163,leeg.pdf,,DA3383522,leeg.pdf,,DA3764296,leeg.pdf,,DA3726605,leeg.pdf,,DA3040877,leeg.pdf,,DA3818129,leeg.pdf,,DA3306118,leeg.pdf,,DA3263274,leeg.pdf,,DA3260115,leeg.pdf,,DA3714597,leeg.pdf,,DA3506696,leeg.pdf,,DA3138297,leeg.pdf,,DA3537240,leeg.pdf,,DA3238341,leeg.pdf,
DA3638183,leeg.pdf,,DA3975839,leeg.pdf,,DA3098975,leeg.pdf,,DA3387597,leeg.pdf,,DA3066033,leeg.pdf,,DA3884453,leeg.pdf,,DA3305576,leeg.pdf,,DA3310814,leeg.pdf,,DA3719176,leeg.pdf,,DA3774789,leeg.pdf,,DA3214551,leeg.pdf,,DA3791771,leeg.pdf,,DA3751414,leeg.pdf,,DA3584702,leeg.pdf,,DA3073176,leeg.pdf,
DA3687199,leeg.pdf,,DA3695626,leeg.pdf,,DA3446036,leeg.pdf,,DA3268836,leeg.pdf,,DA3131979,leeg.pdf,,DA3494698,leeg.pdf,,DA3176940,leeg.pdf,,DA3398894,leeg.pdf,,DA3131032,leeg.pdf,,DA3234731,leeg.pdf,,DA3750444,leeg.pdf,,DA3988264,leeg.pdf,,DA3997311,leeg.pdf,,DA3508079,leeg.pdf,,DA3137689,leeg.pdf,
DA3413253,leeg.pdf,,DA3505584,leeg.pdf,,DA3641487,leeg.pdf,,DA3086295,leeg.pdf,,DA3688097,leeg.pdf,,DA3265572,leeg.pdf,,DA3039388,leeg.pdf,,DA3578464,leeg.pdf,,DA3300820,leeg.pdf,,DA3065667,leeg.pdf,,DA3872046,leeg.pdf,,DA3427338,leeg.pdf,,DA3043375,leeg.pdf,,DA3153475,leeg.pdf,,DA3291772,leeg.pdf,
DA3584685,leeg.pdf,,DA3921351,leeg.pdf,,DA3240537,leeg.pdf,,DA3575519,leeg.pdf,,DA3597989,leeg.pdf,,DA3456831,leeg.pdf,,DA3387438,leeg.pdf,,DA3761275,leeg.pdf,,DA3444558,leeg.pdf,,DA3168412,leeg.pdf,,DA3856489,leeg.pdf,,DA3100551,leeg.pdf,,DA3165996,leeg.pdf,,DA3694579,leeg.pdf,,DA3300400,leeg.pdf,
DA3792634,leeg.pdf,,DA3351024,leeg.pdf,,DA3118750,leeg.pdf,,DA3947209,leeg.pdf,,DA3333444,leeg.pdf,,DA3600602,leeg.pdf,,DA3138444,leeg.pdf,,DA3369076,leeg.pdf,,DA3706758,leeg.pdf,,DA3858246,leeg.pdf,,DA3246105,leeg.pdf,,DA3447031,leeg.pdf,,DA3507636,leeg.pdf,,DA3723116,leeg.pdf,,DA3570779,leeg.pdf,
DA3399986,leeg.pdf,,DA3638557,leeg.pdf,,DA3788871,leeg.pdf,,DA3475626,leeg.pdf,,DA3315304,leeg.pdf,,DA3448959,leeg.pdf,,DA3972843,leeg.pdf,,DA3042525,leeg.pdf,,DA3231746,leeg.pdf,,DA3108039,leeg.pdf,,DA3051047,leeg.pdf,,DA3055693,leeg.pdf,,DA3434313,leeg.pdf,,DA3486149,leeg.pdf,,DA3468411,leeg.pdf,
DA3368600,leeg.pdf,,DA3154690,leeg.pdf,,DA3037142,leeg.pdf,,DA3358741,leeg.pdf,,DA3627264,leeg.pdf,,DA3559399,leeg.pdf,,DA3794847,leeg.pdf,,DA3505970,leeg.pdf,,DA3253794,leeg.pdf,,DA3800076,leeg.pdf,,DA3903511,leeg.pdf,,DA3264896,leeg.pdf,,DA3071069,leeg.pdf,,DA3134325,leeg.pdf,,DA3315225,leeg.pdf,
DA3558565,leeg.pdf,,DA3972359,leeg.pdf,,DA3525166,leeg.pdf,,DA3339735,leeg.pdf,,DA3667173,leeg.pdf,,DA3167165,leeg.pdf,,DA3332572,leeg.pdf,,DA3216648,leeg.pdf,,DA3710301,leeg.pdf,,DA3296873,leeg.pdf,,DA3817127,leeg.pdf,,DA3380583,leeg.pdf,,DA3038577,leeg.pdf,,DA3598696,leeg.pdf,,DA3117037,leeg.pdf,
DA3387577,leeg.pdf,,DA3928499,leeg.pdf,,DA3433996,leeg.pdf,,DA3330047,leeg.pdf,,DA3928811,leeg.pdf,,DA3473813,leeg.pdf,,DA3975998,leeg.pdf,,DA3206628,leeg.pdf,,DA3311127,leeg.pdf,,DA3070937,leeg.pdf,,DA3313738,leeg.pdf,,DA3998953,leeg.pdf,,DA3992816,leeg.pdf,,DA3729000,leeg.pdf,,DA3078512,leeg.pdf,
DA3059930,leeg.pdf,,DA3189391,leeg.pdf,,DA3153010,leeg.pdf,,DA3153963,leeg.pdf,,DA3059577,leeg.pdf,,DA3252426,leeg.pdf,,DA3099056,leeg.pdf,,DA3633373,leeg.pdf,,DA3096685,leeg.pdf,,DA3682444,leeg.pdf,,DA3064729,leeg.pdf,,DA3511623,leeg.pdf,,DA3643854,leeg.pdf,,DA3110567,leeg.pdf,,DA3972993,leeg.pdf,
DA3057779,leeg.pdf,,DA3873621,leeg.pdf,,DA3130494,leeg.pdf,,DA3623431,leeg.pdf,,DA3536524,leeg.pdf,,DA3414812,leeg.pdf,,DA3115785,leeg.pdf,,DA3136491,leeg.pdf,,DA3153285,leeg.pdf,,DA3522759,leeg.pdf,,DA3740584,leeg.pdf,,DA3423760,leeg.pdf,,DA3882158,leeg.pdf,,DA3222367,leeg.pdf,,DA3135978,leeg.pdf,
DA3040858,leeg.pdf,,DA3896696,leeg.pdf,,DA3099107,leeg.pdf,,DA3040103,leeg.pdf,,DA3973946,leeg.pdf,,DA3375342,leeg.pdf,,DA3298564,leeg.pdf,,DA3337901,leeg.pdf,,DA3783010,leeg.pdf,,DA3122521,leeg.pdf,,DA3096553,leeg.pdf,,DA3338117,leeg.pdf,,DA3347125,leeg.pdf,,DA3259175,leeg.pdf,,DA3922801,leeg.pdf,
DA3411652,leeg.pdf,,DA3123311,leeg.pdf,,DA3463880,leeg.pdf,,DA3209749,leeg.pdf,,DA3248683,leeg.pdf,,DA3649173,leeg.pdf,,DA3441175,leeg.pdf,,DA3098562,leeg.pdf,,DA3257828,leeg.pdf,,DA3477618,leeg.pdf,,DA3291042,leeg.pdf,,DA3796593,leeg.pdf,,DA3764524,leeg.pdf,,DA3768079,leeg.pdf,,DA3323783,leeg.pdf,
DA3457129,leeg.pdf,,DA3384949,leeg.pdf,,DA3192365,leeg.pdf,,DA3076021,leeg.pdf,,DA3396528,leeg.pdf,,DA3903524,leeg.pdf,,DA3147132,leeg.pdf,,DA3590599,leeg.pdf,,DA3067010,leeg.pdf,,DA3385362,leeg.pdf,,DA3582457,leeg.pdf,,DA3760217,leeg.pdf,,DA3457783,leeg.pdf,,DA3340568,leeg.pdf,,DA3387794,leeg.pdf,
DA3221577,leeg.pdf,,DA3602152,leeg.pdf,,DA3169091,leeg.pdf,,DA3296461,leeg.pdf,,DA3225108,leeg.pdf,,DA3339816,leeg.pdf,,DA3692264,leeg.pdf,,DA3604074,leeg.pdf,,DA3653122,leeg.pdf,,DA3652376,leeg.pdf,,DA3506418,leeg.pdf,,DA3189394,leeg.pdf,,DA3558095,leeg.pdf,,DA3605973,leeg.pdf,,DA3251740,leeg.pdf,
DA3072962,leeg.pdf,,DA3158311,leeg.pdf,,DA3063937,leeg.pdf,,DA3420301,leeg.pdf,,DA3797156,leeg.pdf,,DA3649523,leeg.pdf,,DA3445072,leeg.pdf,,DA3893924,leeg.pdf,,DA3677402,leeg.pdf,,DA3691667,leeg.pdf,,DA3313844,leeg.pdf,,DA3647284,leeg.pdf,,DA3391568,leeg.pdf,,DA3240826,leeg.pdf,,DA3692948,leeg.pdf,
DA3813625,leeg.pdf,,DA3076594,leeg.pdf,,DA3690611,leeg.pdf,,DA3329247,leeg.pdf,,DA3366658,leeg.pdf,,DA3836900,leeg.pdf,,DA3149986,leeg.pdf,,DA3290632,leeg.pdf,,DA3503931,leeg.pdf,,DA3309286,leeg.pdf,,DA3126409,leeg.pdf,,DA3398807,leeg.pdf,,DA3539789,leeg.pdf,,DA3967654,leeg.pdf,,DA3633988,leeg.pdf,
DA3670058,leeg.pdf,,DA3330819,leeg.pdf,,DA3445479,leeg.pdf,,DA3432393,leeg.pdf,,DA3556568,leeg.pdf,,DA3310622,leeg.pdf,,DA3993781,leeg.pdf,,DA3881333,leeg.pdf,,DA3077555,leeg.pdf,,DA3491911,leeg.pdf,,DA3086012,leeg.pdf,,DA3301551,leeg.pdf,,DA3838421,leeg.pdf,,DA3472797,leeg.pdf,,DA3611712,leeg.pdf,
DA3446789,leeg.pdf,,DA3141712,leeg.pdf,,DA3282419,leeg.pdf,,DA3445786,leeg.pdf,,DA3099301,leeg.pdf,,DA3147316,leeg.pdf,,DA3102169,leeg.pdf,,DA3763844,leeg.pdf,,DA3761848,leeg.pdf,,DA3529242,leeg.pdf,,DA3128865,leeg.pdf,,DA3423777,leeg.pdf,,DA3439816,leeg.pdf,,DA3076747,leeg.pdf,,DA3086835,leeg.pdf,
DA3614231,leeg.pdf,,DA3531416,leeg.pdf,,DA3164661,leeg.pdf,,DA3229796,leeg.pdf,,DA3396766,leeg.pdf,,DA3921372,leeg.pdf,,DA3541752,leeg.pdf,,DA3325252,leeg.pdf,,DA3803257,leeg.pdf,,DA3638065,leeg.pdf,,DA3673294,leeg.pdf,,DA3290339,leeg.pdf,,DA3485106,leeg.pdf,,DA3676199,leeg.pdf,,DA3705702,leeg.pdf,
DA3257979,leeg.pdf,,DA3288092,leeg.pdf,,DA3745471,leeg.pdf,,DA3651172,leeg.pdf,,DA3172190,leeg.pdf,,DA3251842,leeg.pdf,,DA3976552,leeg.pdf,,DA3381499,leeg.pdf,,DA3200574,leeg.pdf,,DA3096033,leeg.pdf,,DA3328712,leeg.pdf,,DA3046781,leeg.pdf,,DA3898838,leeg.pdf,,DA3905106,leeg.pdf,,DA3166552,leeg.pdf,
DA3553305,leeg.pdf,,DA3309379,leeg.pdf,,DA3608194,leeg.pdf,,DA3680240,leeg.pdf,,DA3539932,leeg.pdf,,DA3790625,leeg.pdf,,DA3288290,leeg.pdf,,DA3751097,leeg.pdf,,DA3407645,leeg.pdf,,DA3203525,leeg.pdf,,DA3213526,leeg.pdf,,DA3436172,leeg.pdf,,DA3110296,leeg.pdf,,DA3165782,leeg.pdf,,DA3429328,leeg.pdf,
DA3065733,leeg.pdf,,DA3338139,leeg.pdf,,DA3277145,leeg.pdf,,DA3751277,leeg.pdf,,DA3425916,leeg.pdf,,DA3072420,leeg.pdf,,DA3285250,leeg.pdf,,DA3283037,leeg.pdf,,DA3743310,leeg.pdf,,DA3149819,leeg.pdf,,DA3443111,leeg.pdf,,DA3475577,leeg.pdf,,DA3148813,leeg.pdf,,DA3818164,leeg.pdf,,DA3867976,leeg.pdf,
DA3618375,leeg.pdf,,DA3068308,leeg.pdf,,DA3695192,leeg.pdf,,DA3641284,leeg.pdf,,DA3802613,leeg.pdf,,DA3949392,leeg.pdf,,DA3223528,leeg.pdf,,DA3169725,leeg.pdf,,DA3235625,leeg.pdf,,DA3729160,leeg.pdf,,DA3440288,leeg.pdf,,DA3459552,leeg.pdf,,DA3057647,leeg.pdf,,DA3949476,leeg.pdf,,DA3743462,leeg.pdf,
DA3439280,leeg.pdf,,DA3599579,leeg.pdf,,DA3723499,leeg.pdf,,DA3285788,leeg.pdf,,DA3933151,leeg.pdf,,DA3303458,leeg.pdf,,DA3478249,leeg.pdf,,DA3407200,leeg.pdf,,DA3198073,leeg.pdf,,DA3784192,leeg.pdf,,DA3691417,leeg.pdf,,DA3162260,leeg.pdf,,DA3232493,leeg.pdf,,DA3744850,leeg.pdf,,DA3145548,leeg.pdf,
DA3591361,leeg.pdf,,DA3208104,leeg.pdf,,DA3321663,leeg.pdf,,DA3269437,leeg.pdf,,DA3352942,leeg.pdf,,DA3516019,leeg.pdf,,DA3544594,leeg.pdf,,DA3470141,leeg.pdf,,DA3471110,leeg.pdf,,DA3297223,leeg.pdf,,DA3137708,leeg.pdf,,DA3080980,leeg.pdf,,DA3157253,leeg.pdf,,DA3689231,leeg.pdf,,DA3972595,leeg.pdf,
DA3381469,leeg.pdf,,DA3155043,leeg.pdf,,DA3534161,leeg.pdf,,DA3638259,leeg.pdf,,DA3043887,leeg.pdf,,DA3202069,leeg.pdf,,DA3391808,leeg.pdf,,DA3370177,leeg.pdf,,DA3782955,leeg.pdf,,DA3046633,leeg.pdf,,DA3548238,leeg.pdf,,DA3435970,leeg.pdf,,DA3538897,leeg.pdf,,DA3407568,leeg.pdf,,DA3626106,leeg.pdf,
DA3082243,leeg.pdf,,DA3357686,leeg.pdf,,DA3096874,leeg.pdf,,DA3917060,leeg.pdf,,DA3939143,leeg.pdf,,DA3452514,leeg.pdf,,DA3686873,leeg.pdf,,DA3779723,leeg.pdf,,DA3804905,leeg.pdf,,DA3307827,leeg.pdf,,DA3032182,leeg.pdf,,DA3121960,leeg.pdf,,DA3683269,leeg.pdf,,DA3403723,leeg.pdf,,DA3430008,leeg.pdf,
DA3977965,leeg.pdf,,DA3057964,leeg.pdf,,DA3142059,leeg.pdf,,DA3328661,leeg.pdf,,DA3325620,leeg.pdf,,DA3859181,leeg.pdf,,DA3325571,leeg.pdf,,DA3324510,leeg.pdf,,DA3323503,leeg.pdf,,DA3556428,leeg.pdf,,DA3132667,leeg.pdf,,DA3092416,leeg.pdf,,DA3041856,leeg.pdf,,DA3987537,leeg.pdf,,DA3913034,leeg.pdf,
DA3657397,leeg.pdf,,DA3260788,leeg.pdf,,DA3160414,leeg.pdf,,DA3876695,leeg.pdf,,DA3200583,leeg.pdf,,DA3243910,leeg.pdf,,DA3390279,leeg.pdf,,DA3930063,leeg.pdf,,DA3192387,leeg.pdf,,DA3509632,leeg.pdf,,DA3108626,leeg.pdf,,DA3378133,leeg.pdf,,DA3476869,leeg.pdf,,DA3918310,leeg.pdf,,DA3767018,leeg.pdf,
DA3520466,leeg.pdf,,DA3280201,leeg.pdf,,DA3031315,leeg.pdf,,DA3428747,leeg.pdf,,DA3703079,leeg.pdf,,DA3141207,leeg.pdf,,DA3516149,leeg.pdf,,DA3186731,leeg.pdf,,DA3198387,leeg.pdf,,DA3202650,leeg.pdf,,DA3612755,leeg.pdf,,DA3427833,leeg.pdf,,DA3764009,leeg.pdf,,DA3944566,leeg.pdf,,DA3121553,leeg.pdf,
DA3276768,leeg.pdf,,DA3842730,leeg.pdf,,DA3267894,leeg.pdf,,DA3256663,leeg.pdf,,DA3086452,leeg.pdf,,DA3254899,leeg.pdf,,DA3160010,leeg.pdf,,DA3211952,leeg.pdf,,DA3721389,leeg.pdf,,DA3602931,leeg.pdf,,DA3259844,leeg.pdf,,DA3305301,leeg.pdf,,DA3164510,leeg.pdf,,DA3191462,leeg.pdf,,DA3485899,leeg.pdf,
DA3790507,leeg.pdf,,DA3477345,leeg.pdf,,DA3068187,leeg.pdf,,DA3372865,leeg.pdf,,DA3028066,leeg.pdf,,DA3362111,leeg.pdf,,DA3987305,leeg.pdf,,DA3717479,leeg.pdf,,DA3424969,leeg.pdf,,DA3249552,leeg.pdf,,DA3609825,leeg.pdf,,DA3222765,leeg.pdf,,DA3880688,leeg.pdf,,DA3157136,leeg.pdf,,DA3066334,leeg.pdf,
DA3660103,leeg.pdf,,DA3463152,leeg.pdf,,DA3082452,leeg.pdf,,DA3679444,leeg.pdf,,DA3266874,leeg.pdf,,DA3527693,leeg.pdf,,DA3917787,leeg.pdf,,DA3140133,leeg.pdf,,DA3471866,leeg.pdf,,DA3324922,leeg.pdf,,DA3660204,leeg.pdf,,DA3213084,leeg.pdf,,DA3444109,leeg.pdf,,DA3507145,leeg.pdf,,DA3046018,leeg.pdf,
DA3218936,leeg.pdf,,DA3375159,leeg.pdf,,DA3885298,leeg.pdf,,DA3354498,leeg.pdf,,DA3308974,leeg.pdf,,DA3178715,leeg.pdf,,DA3403108,leeg.pdf,,DA3837035,leeg.pdf,,DA3496977,leeg.pdf,,DA3058908,leeg.pdf,,DA3989816,leeg.pdf,,DA3058847,leeg.pdf,,DA3595449,leeg.pdf,,DA3560817,leeg.pdf,,DA3734592,leeg.pdf,
DA3494983,leeg.pdf,,DA3860877,leeg.pdf,,DA3492567,leeg.pdf,,DA3189536,leeg.pdf,,DA3862389,leeg.pdf,,DA3997020,leeg.pdf,,DA3384131,leeg.pdf,,DA3378215,leeg.pdf,,DA3322791,leeg.pdf,,DA3906619,leeg.pdf,,DA3725771,leeg.pdf,,DA3329100,leeg.pdf,,DA3226902,leeg.pdf,,DA3688503,leeg.pdf,,DA3351547,leeg.pdf,
DA3233579,leeg.pdf,,DA3255788,leeg.pdf,,DA3814733,leeg.pdf,,DA3103326,leeg.pdf,,DA3230710,leeg.pdf,,DA3060938,leeg.pdf,,DA3667615,leeg.pdf,,DA3367281,leeg.pdf,,DA3449763,leeg.pdf,,DA3669760,leeg.pdf,,DA3710750,leeg.pdf,,DA3147403,leeg.pdf,,DA3596220,leeg.pdf,,DA3160632,leeg.pdf,,DA3369863,leeg.pdf,
DA3962889,leeg.pdf,,DA3467220,leeg.pdf,,DA3332502,leeg.pdf,,DA3465453,leeg.pdf,,DA3631416,leeg.pdf,,DA3439828,leeg.pdf,,DA3570126,leeg.pdf,,DA3202580,leeg.pdf,,DA3068731,leeg.pdf,,DA3698381,leeg.pdf,,DA3638593,leeg.pdf,,DA3363874,leeg.pdf,,DA3313061,leeg.pdf,,DA3833539,leeg.pdf,,DA3062810,leeg.pdf,
DA3745625,leeg.pdf,,DA3113239,leeg.pdf,,DA3336552,leeg.pdf,,DA3883086,leeg.pdf,,DA3308517,leeg.pdf,,DA3128480,leeg.pdf,,DA3085792,leeg.pdf,,DA3825808,leeg.pdf,,DA3613880,leeg.pdf,,DA3060688,leeg.pdf,,DA3255892,leeg.pdf,,DA3472828,leeg.pdf,,DA3489731,leeg.pdf,,DA3639497,leeg.pdf,,DA3679553,leeg.pdf,
DA3533691,leeg.pdf,,DA3404197,leeg.pdf,,DA3580026,leeg.pdf,,DA3220877,leeg.pdf,,DA3037816,leeg.pdf,,DA3989773,leeg.pdf,,DA3506412,leeg.pdf,,DA3439659,leeg.pdf,,DA3693915,leeg.pdf,,DA3215527,leeg.pdf,,DA3117580,leeg.pdf,,DA3724111,leeg.pdf,,DA3106099,leeg.pdf,,DA3614437,leeg.pdf,,DA3178365,leeg.pdf,
DA3463043,leeg.pdf,,DA3448055,leeg.pdf,,DA3636090,leeg.pdf,,DA3559720,leeg.pdf,,DA3239457,leeg.pdf,,DA3674169,leeg.pdf,,DA3056161,leeg.pdf,,DA3167673,leeg.pdf,,DA3104755,leeg.pdf,,DA3073381,leeg.pdf,,DA3747350,leeg.pdf,,DA3300764,leeg.pdf,,DA3730961,leeg.pdf,,DA3326247,leeg.pdf,,DA3253062,leeg.pdf,
DA3187384,leeg.pdf,,DA3787564,leeg.pdf,,DA3372212,leeg.pdf,,DA3404903,leeg.pdf,,DA3647938,leeg.pdf,,DA3087229,leeg.pdf,,DA3694896,leeg.pdf,,DA3880466,leeg.pdf,,DA3811632,leeg.pdf,,DA3773305,leeg.pdf,,DA3311528,leeg.pdf,,DA3084770,leeg.pdf,,DA3984702,leeg.pdf,,DA3876501,leeg.pdf,,DA3172999,leeg.pdf,
DA3335457,leeg.pdf,,DA3918428,leeg.pdf,,DA3701302,leeg.pdf,,DA3104504,leeg.pdf,,DA3792969,leeg.pdf,,DA3112545,leeg.pdf,,DA3993662,leeg.pdf,,DA3139676,leeg.pdf,,DA3987150,leeg.pdf,,DA3911874,leeg.pdf,,DA3196158,leeg.pdf,,DA3268557,leeg.pdf,,DA3321217,leeg.pdf,,DA3098912,leeg.pdf,,DA3591092,leeg.pdf,
DA3138269,leeg.pdf,,DA3397959,leeg.pdf,,DA3854749,leeg.pdf,,DA3072512,leeg.pdf,,DA3377957,leeg.pdf,,DA3124039,leeg.pdf,,DA3183018,leeg.pdf,,DA3736153,leeg.pdf,,DA3508226,leeg.pdf,,DA3173433,leeg.pdf,,DA3384522,leeg.pdf,,DA3179784,leeg.pdf,,DA3746866,leeg.pdf,,DA3113356,leeg.pdf,,DA3078349,leeg.pdf,
DA3517595,leeg.pdf,,DA3655664,leeg.pdf,,DA3536250,leeg.pdf,,DA3713339,leeg.pdf,,DA3133567,leeg.pdf,,DA3556754,leeg.pdf,,DA3524639,leeg.pdf,,DA3687589,leeg.pdf,,DA3071635,leeg.pdf,,DA3545869,leeg.pdf,,DA3466281,leeg.pdf,,DA3753253,leeg.pdf,,DA3852445,leeg.pdf,,DA3383494,leeg.pdf,,DA3839089,leeg.pdf,
DA3094839,leeg.pdf,,DA3314984,leeg.pdf,,DA3284221,leeg.pdf,,DA3689073,leeg.pdf,,DA3045504,leeg.pdf,,DA3264648,leeg.pdf,,DA3572058,leeg.pdf,,DA3071070,leeg.pdf,,DA3712684,leeg.pdf,,DA3836671,leeg.pdf,,DA3898743,leeg.pdf,,DA3747053,leeg.pdf,,DA3473152,leeg.pdf,,DA3198750,leeg.pdf,,DA3439081,leeg.pdf,
DA3563173,leeg.pdf,,DA3415489,leeg.pdf,,DA3304805,leeg.pdf,,DA3329029,leeg.pdf,,DA3262612,leeg.pdf,,DA3136253,leeg.pdf,,DA3365206,leeg.pdf,,DA3244835,leeg.pdf,,DA3447589,leeg.pdf,,DA3669969,leeg.pdf,,DA3035773,leeg.pdf,,DA3247673,leeg.pdf,,DA3342725,leeg.pdf,,DA3320296,leeg.pdf,,DA3061824,leeg.pdf,
DA3305339,leeg.pdf,,DA3229822,leeg.pdf,,DA3285925,leeg.pdf,,DA3436046,leeg.pdf,,DA3536165,leeg.pdf,,DA3740685,leeg.pdf,,DA3376914,leeg.pdf,,DA3134164,leeg.pdf,,DA3954955,leeg.pdf,,DA3887877,leeg.pdf,,DA3300126,leeg.pdf,,DA3647443,leeg.pdf,,DA3978795,leeg.pdf,,DA3336615,leeg.pdf,,DA3700723,leeg.pdf,
DA3250694,leeg.pdf,,DA3043594,leeg.pdf,,DA3515261,leeg.pdf,,DA3194093,leeg.pdf,,DA3161664,leeg.pdf,,DA3315137,leeg.pdf,,DA3224946,leeg.pdf,,DA3178991,leeg.pdf,,DA3616828,leeg.pdf,,DA3282730,leeg.pdf,,DA3207636,leeg.pdf,,DA3516041,leeg.pdf,,DA3623345,leeg.pdf,,DA3070730,leeg.pdf,,DA3201558,leeg.pdf,
DA3185455,leeg.pdf,,DA3969780,leeg.pdf,,DA3329548,leeg.pdf,,DA3673232,leeg.pdf,,DA3495633,leeg.pdf,,DA3522861,leeg.pdf,,DA3512225,leeg.pdf,,DA3527245,leeg.pdf,,DA3816261,leeg.pdf,,DA3692401,leeg.pdf,,DA3372349,leeg.pdf,,DA3454019,leeg.pdf,,DA3673176,leeg.pdf,,DA3134268,leeg.pdf,,DA3387465,leeg.pdf,
DA3251250,leeg.pdf,,DA3102130,leeg.pdf,,DA3195389,leeg.pdf,,DA3078561,leeg.pdf,,DA3480966,leeg.pdf,,DA3409785,leeg.pdf,,DA3674344,leeg.pdf,,DA3273542,leeg.pdf,,DA3574632,leeg.pdf,,DA3373842,leeg.pdf,,DA3528785,leeg.pdf,,DA3912593,leeg.pdf,,DA3489044,leeg.pdf,,DA3237243,leeg.pdf,,DA3176897,leeg.pdf,
DA3396853,leeg.pdf,,DA3335032,leeg.pdf,,DA3712738,leeg.pdf,,DA3438746,leeg.pdf,,DA3951866,leeg.pdf,,DA3335790,leeg.pdf,,DA3659833,leeg.pdf,,DA3374442,leeg.pdf,,DA3367890,leeg.pdf,,DA3784466,leeg.pdf,,DA3774765,leeg.pdf,,DA3057050,leeg.pdf,,DA3219483,leeg.pdf,,DA3862350,leeg.pdf,,DA3319442,leeg.pdf,
DA3244244,leeg.pdf,,DA3777314,leeg.pdf,,DA3278847,leeg.pdf,,DA3929054,leeg.pdf,,DA3385012,leeg.pdf,,DA3802629,leeg.pdf,,DA3986644,leeg.pdf,,DA3827319,leeg.pdf,,DA3567350,leeg.pdf,,DA3459136,leeg.pdf,,DA3754141,leeg.pdf,,DA3544654,leeg.pdf,,DA3749375,leeg.pdf,,DA3286890,leeg.pdf,,DA3176842,leeg.pdf,
DA3098463,leeg.pdf,,DA3503573,leeg.pdf,,DA3441223,leeg.pdf,,DA3413460,leeg.pdf,,DA3962694,leeg.pdf,,DA3120080,leeg.pdf,,DA3294589,leeg.pdf,,DA3075487,leeg.pdf,,DA3484465,leeg.pdf,,DA3308756,leeg.pdf,,DA3125496,leeg.pdf,,DA3063508,leeg.pdf,,DA3863307,leeg.pdf,,DA3260173,leeg.pdf,,DA3650290,leeg.pdf,
DA3796984,leeg.pdf,,DA3865808,leeg.pdf,,DA3541130,leeg.pdf,,DA3647561,leeg.pdf,,DA3565172,leeg.pdf,,DA3105664,leeg.pdf,,DA3239528,leeg.pdf,,DA3121743,leeg.pdf,,DA3430390,leeg.pdf,,DA3475627,leeg.pdf,,DA3366684,leeg.pdf,,DA3673444,leeg.pdf,,DA3932193,leeg.pdf,,DA3680284,leeg.pdf,,DA3563293,leeg.pdf,
DA3078373,leeg.pdf,,DA3245775,leeg.pdf,,DA3456227,leeg.pdf,,DA3658284,leeg.pdf,,DA3375457,leeg.pdf,,DA3374180,leeg.pdf,,DA3583047,leeg.pdf,,DA3509725,leeg.pdf,,DA3747842,leeg.pdf,,DA3493763,leeg.pdf,,DA3545520,leeg.pdf,,DA3098282,leeg.pdf,,DA3921977,leeg.pdf,,DA3738409,leeg.pdf,,DA3258658,leeg.pdf,
DA3313313,leeg.pdf,,DA3880734,leeg.pdf,,DA3478297,leeg.pdf,,DA3315618,leeg.pdf,,DA3115711,leeg.pdf,,DA3669875,leeg.pdf,,DA3213000,leeg.pdf,,DA3105543,leeg.pdf,,DA3983022,leeg.pdf,,DA3780867,leeg.pdf,,DA3677221,leeg.pdf,,DA3866694,leeg.pdf,,DA3124319,leeg.pdf,,DA3227263,leeg.pdf,,DA3232304,leeg.pdf,
DA3877978,leeg.pdf,,DA3433500,leeg.pdf,,DA3056687,leeg.pdf,,DA3281602,leeg.pdf,,DA3857859,leeg.pdf,,DA3240355,leeg.pdf,,DA3644697,leeg.pdf,,DA3199491,leeg.pdf,,DA3166090,leeg.pdf,,DA3619108,leeg.pdf,,DA3312124,leeg.pdf,,DA3237645,leeg.pdf,,DA3247004,leeg.pdf,,DA3088540,leeg.pdf,,DA3484976,leeg.pdf,
DA3848919,leeg.pdf,,DA3986922,leeg.pdf,,DA3324828,leeg.pdf,,DA3128280,leeg.pdf,,DA3350172,leeg.pdf,,DA3124924,leeg.pdf,,DA3715536,leeg.pdf,,DA3181197,leeg.pdf,,DA3651194,leeg.pdf,,DA3430671,leeg.pdf,,DA3717443,leeg.pdf,,DA3108158,leeg.pdf,,DA3504684,leeg.pdf,,DA3405017,leeg.pdf,,DA3072276,leeg.pdf,
DA3029766,leeg.pdf,,DA3188360,leeg.pdf,,DA3358300,leeg.pdf,,DA3291700,leeg.pdf,,DA3336961,leeg.pdf,,DA3761740,leeg.pdf,,DA3185038,leeg.pdf,,DA3313874,leeg.pdf,,DA3263301,leeg.pdf,,DA3444470,leeg.pdf,,DA3370781,leeg.pdf,,DA3106052,leeg.pdf,,DA3260749,leeg.pdf,,DA3257718,leeg.pdf,,DA3518393,leeg.pdf,
DA3048592,leeg.pdf,,DA3486940,leeg.pdf,,DA3967160,leeg.pdf,,DA3066414,leeg.pdf,,DA3107024,leeg.pdf,,DA3779799,leeg.pdf,,DA3200572,leeg.pdf,,DA3303939,leeg.pdf,,DA3087964,leeg.pdf,,DA3556623,leeg.pdf,,DA3525820,leeg.pdf,,DA3337595,leeg.pdf,,DA3542235,leeg.pdf,,DA3501167,leeg.pdf,,DA3444082,leeg.pdf,
DA3764364,leeg.pdf,,DA3805773,leeg.pdf,,DA3289229,leeg.pdf,,DA3145282,leeg.pdf,,DA3346794,leeg.pdf,,DA3309374,leeg.pdf,,DA3492827,leeg.pdf,,DA3294186,leeg.pdf,,DA3254000,leeg.pdf,,DA3218543,leeg.pdf,,DA3856440,leeg.pdf,,DA3758916,leeg.pdf,,DA3228132,leeg.pdf,,DA3377115,leeg.pdf,,DA3451034,leeg.pdf,
DA3152033,leeg.pdf,,DA3547976,leeg.pdf,,DA3719919,leeg.pdf,,DA3480865,leeg.pdf,,DA3559403,leeg.pdf,,DA3114608,leeg.pdf,,DA3386895,leeg.pdf,,DA3204748,leeg.pdf,,DA3066938,leeg.pdf,,DA3491652,leeg.pdf,,DA3126993,leeg.pdf,,DA3882875,leeg.pdf,,DA3130468,leeg.pdf,,DA3172884,leeg.pdf,,DA3292817,leeg.pdf,
DA3432490,leeg.pdf,,DA3334530,leeg.pdf,,DA3879618,leeg.pdf,,DA3552297,leeg.pdf,,DA3142982,leeg.pdf,,DA3637123,leeg.pdf,,DA3238156,leeg.pdf,,DA3260439,leeg.pdf,,DA3101064,leeg.pdf,,DA3474675,leeg.pdf,,DA3835209,leeg.pdf,,DA3419313,leeg.pdf,,DA3946951,leeg.pdf,,DA3169590,leeg.pdf,,DA3127734,leeg.pdf,
DA3479617,leeg.pdf,,DA3162081,leeg.pdf,,DA3120273,leeg.pdf,,DA3937634,leeg.pdf,,DA3076785,leeg.pdf,,DA3646403,leeg.pdf,,DA3606127,leeg.pdf,,DA3171738,leeg.pdf,,DA3418931,leeg.pdf,,DA3299444,leeg.pdf,,DA3595258,leeg.pdf,,DA3219265,leeg.pdf,,DA3541980,leeg.pdf,,DA3185903,leeg.pdf,,DA3569306,leeg.pdf,
DA3948848,leeg.pdf,,DA3847493,leeg.pdf,,DA3267815,leeg.pdf,,DA3360512,leeg.pdf,,DA3953612,leeg.pdf,,DA3311221,leeg.pdf,,DA3859004,leeg.pdf,,DA3117243,leeg.pdf,,DA3289360,leeg.pdf,,DA3998188,leeg.pdf,,DA3748435,leeg.pdf,,DA3262786,leeg.pdf,,DA3124436,leeg.pdf,,DA3336207,leeg.pdf,,DA3518655,leeg.pdf,
DA3082361,leeg.pdf,,DA3198190,leeg.pdf,,DA3257793,leeg.pdf,,DA3190639,leeg.pdf,,DA3767027,leeg.pdf,,DA3642290,leeg.pdf,,DA3081018,leeg.pdf,,DA3899298,leeg.pdf,,DA3765896,leeg.pdf,,DA3399241,leeg.pdf,,DA3234448,leeg.pdf,,DA3095624,leeg.pdf,,DA3526388,leeg.pdf,,DA3582987,leeg.pdf,,DA3075472,leeg.pdf,
DA3614924,leeg.pdf,,DA3055007,leeg.pdf,,DA3056148,leeg.pdf,,DA3925214,leeg.pdf,,DA3222825,leeg.pdf,,DA3069592,leeg.pdf,,DA3519689,leeg.pdf,,DA3706412,leeg.pdf,,DA3539684,leeg.pdf,,DA3475449,leeg.pdf,,DA3120086,leeg.pdf,,DA3183993,leeg.pdf,,DA3321587,leeg.pdf,,DA3299487,leeg.pdf,,DA3748343,leeg.pdf,
DA3410782,leeg.pdf,,DA3875886,leeg.pdf,,DA3396127,leeg.pdf,,DA3147453,leeg.pdf,,DA3285048,leeg.pdf,,DA3177562,leeg.pdf,,DA3731220,leeg.pdf,,DA3090279,leeg.pdf,,DA3246420,leeg.pdf,,DA3334553,leeg.pdf,,DA3433587,leeg.pdf,,DA3446898,leeg.pdf,,DA3295287,leeg.pdf,,DA3884477,leeg.pdf,,DA3508157,leeg.pdf,
DA3907639,leeg.pdf,,DA3778507,leeg.pdf,,DA3315054,leeg.pdf,,DA3721595,leeg.pdf,,DA3353313,leeg.pdf,,DA3405370,leeg.pdf,,DA3088862,leeg.pdf,,DA3761254,leeg.pdf,,DA3526532,leeg.pdf,,DA3333431,leeg.pdf,,DA3963636,leeg.pdf,,DA3503135,leeg.pdf,,DA3242020,leeg.pdf,,DA3161088,leeg.pdf,,DA3641092,leeg.pdf,
DA3592696,leeg.pdf,,DA3556464,leeg.pdf,,DA3228908,leeg.pdf,,DA3499188,leeg.pdf,,DA3366578,leeg.pdf,,DA3475279,leeg.pdf,,DA3066216,leeg.pdf,,DA3399896,leeg.pdf,,DA3665595,leeg.pdf,,DA3717867,leeg.pdf,,DA3667893,leeg.pdf,,DA3033612,leeg.pdf,,DA3051042,leeg.pdf,,DA3443389,leeg.pdf,,DA3444640,leeg.pdf,
DA3539041,leeg.pdf,,DA3755757,leeg.pdf,,DA3171024,leeg.pdf,,DA3393689,leeg.pdf,,DA3955662,leeg.pdf,,DA3832355,leeg.pdf,,DA3312055,leeg.pdf,,DA3543694,leeg.pdf,,DA3472473,leeg.pdf,,DA3231884,leeg.pdf,,DA3038983,leeg.pdf,,DA3808759,leeg.pdf,,DA3728226,leeg.pdf,,DA3231789,leeg.pdf,,DA3126123,leeg.pdf,
DA3307934,leeg.pdf,,DA3115609,leeg.pdf,,DA3140682,leeg.pdf,,DA3120802,leeg.pdf,,DA3709918,leeg.pdf,,DA3554117,leeg.pdf,,DA3745364,leeg.pdf,,DA3605014,leeg.pdf,,DA3335974,leeg.pdf,,DA3498082,leeg.pdf,,DA3193401,leeg.pdf,,DA3111891,leeg.pdf,,DA3769613,leeg.pdf,,DA3149017,leeg.pdf,,DA3417447,leeg.pdf,
DA3418498,leeg.pdf,,DA3685178,leeg.pdf,,DA3162788,leeg.pdf,,DA3942375,leeg.pdf,,DA3823151,leeg.pdf,,DA3846876,leeg.pdf,,DA3706780,leeg.pdf,,DA3094017,leeg.pdf,,DA3250607,leeg.pdf,,DA3187125,leeg.pdf,,DA3125850,leeg.pdf,,DA3096120,leeg.pdf,,DA3890795,leeg.pdf,,DA3583398,leeg.pdf,,DA3561793,leeg.pdf,
DA3155649,leeg.pdf,,DA3205471,leeg.pdf,,DA3090320,leeg.pdf,,DA3378544,leeg.pdf,,DA3460825,leeg.pdf,,DA3555352,leeg.pdf,,DA3579632,leeg.pdf,,DA3435114,leeg.pdf,,DA3267461,leeg.pdf,,DA3605946,leeg.pdf,,DA3192961,leeg.pdf,,DA3447129,leeg.pdf,,DA3263793,leeg.pdf,,DA3398878,leeg.pdf,,DA3674382,leeg.pdf,
DA3605838,leeg.pdf,,DA3765551,leeg.pdf,,DA3698245,leeg.pdf,,DA3617670,leeg.pdf,,DA3782916,leeg.pdf,,DA3103753,leeg.pdf,,DA3292223,leeg.pdf,,DA3638221,leeg.pdf,,DA3814916,leeg.pdf,,DA3581757,leeg.pdf,,DA3317820,leeg.pdf,,DA3495588,leeg.pdf,,DA3431528,leeg.pdf,,DA3977749,leeg.pdf,,DA3294929,leeg.pdf,
DA3800719,leeg.pdf,,DA3158647,leeg.pdf,,DA3609713,leeg.pdf,,DA3975518,leeg.pdf,,DA3234451,leeg.pdf,,DA3566120,leeg.pdf,,DA3066789,leeg.pdf,,DA3382529,leeg.pdf,,DA3478536,leeg.pdf,,DA3943702,leeg.pdf,,DA3118837,leeg.pdf,,DA3730580,leeg.pdf,,DA3486326,leeg.pdf,,DA3442335,leeg.pdf,,DA3909770,leeg.pdf,
DA3248408,leeg.pdf,,DA3179254,leeg.pdf,,DA3321063,leeg.pdf,,DA3849037,leeg.pdf,,DA3425222,leeg.pdf,,DA3242198,leeg.pdf,,DA3612397,leeg.pdf,,DA3227241,leeg.pdf,,DA3274684,leeg.pdf,,DA3816896,leeg.pdf,,DA3905791,leeg.pdf,,DA3101611,leeg.pdf,,DA3470010,leeg.pdf,,DA3564764,leeg.pdf,,DA3270351,leeg.pdf,
DA3192015,leeg.pdf,,DA3901788,leeg.pdf,,DA3862326,leeg.pdf,,DA3575907,leeg.pdf,,DA3241153,leeg.pdf,,DA3517275,leeg.pdf,,DA3191074,leeg.pdf,,DA3176616,leeg.pdf,,DA3579277,leeg.pdf,,DA3453709,leeg.pdf,,DA3743894,leeg.pdf,,DA3794178,leeg.pdf,,DA3539168,leeg.pdf,,DA3844395,leeg.pdf,,DA3649492,leeg.pdf,
DA3728349,leeg.pdf,,DA3564583,leeg.pdf,,DA3558086,leeg.pdf,,DA3926590,leeg.pdf,,DA3613213,leeg.pdf,,DA3447291,leeg.pdf,,DA3056053,leeg.pdf,,DA3096559,leeg.pdf,,DA3142261,leeg.pdf,,DA3310415,leeg.pdf,,DA3810601,leeg.pdf,,DA3628287,leeg.pdf,,DA3936959,leeg.pdf,,DA3361202,leeg.pdf,,DA3207485,leeg.pdf,
DA3310763,leeg.pdf,,DA3550540,leeg.pdf,,DA3408028,leeg.pdf,,DA3729647,leeg.pdf,,DA3150512,leeg.pdf,,DA3143694,leeg.pdf,,DA3234720,leeg.pdf,,DA3789530,leeg.pdf,,DA3277189,leeg.pdf,,DA3731508,leeg.pdf,,DA3061499,leeg.pdf,,DA3114268,leeg.pdf,,DA3599350,leeg.pdf,,DA3607750,leeg.pdf,,DA3107419,leeg.pdf,
DA3500092,leeg.pdf,,DA3966480,leeg.pdf,,DA3286565,leeg.pdf,,DA3273153,leeg.pdf,,DA3508956,leeg.pdf,,DA3147664,leeg.pdf,,DA3099581,leeg.pdf,,DA3390673,leeg.pdf,,DA3261092,leeg.pdf,,DA3067286,leeg.pdf,,DA3464518,leeg.pdf,,DA3887698,leeg.pdf,,DA3138463,leeg.pdf,,DA3352519,leeg.pdf,,DA3040769,leeg.pdf,
DA3184224,leeg.pdf,,DA3684165,leeg.pdf,,DA3590012,leeg.pdf,,DA3339849,leeg.pdf,,DA3874148,leeg.pdf,,DA3439087,leeg.pdf,,DA3196792,leeg.pdf,,DA3137477,leeg.pdf,,DA3839904,leeg.pdf,,DA3145829,leeg.pdf,,DA3097800,leeg.pdf,,DA3696855,leeg.pdf,,DA3927023,leeg.pdf,,DA3881123,leeg.pdf,,DA3688635,leeg.pdf,
DA3534976,leeg.pdf,,DA3568565,leeg.pdf,,DA3050296,leeg.pdf,,DA3761256,leeg.pdf,,DA3058510,leeg.pdf,,DA3246372,leeg.pdf,,DA3791738,leeg.pdf,,DA3213788,leeg.pdf,,DA3104034,leeg.pdf,,DA3233701,leeg.pdf,,DA3290710,leeg.pdf,,DA3350547,leeg.pdf,,DA3318951,leeg.pdf,,DA3948923,leeg.pdf,,DA3491619,leeg.pdf,
DA3282754,leeg.pdf,,DA3157276,leeg.pdf,,DA3090531,leeg.pdf,,DA3547351,leeg.pdf,,DA3453776,leeg.pdf,,DA3062517,leeg.pdf,,DA3437546,leeg.pdf,,DA3204190,leeg.pdf,,DA3348791,leeg.pdf,,DA3212666,leeg.pdf,,DA3986531,leeg.pdf,,DA3066003,leeg.pdf,,DA3753977,leeg.pdf,,DA3621485,leeg.pdf,,DA3087703,leeg.pdf,
DA3444680,leeg.pdf,,DA3139505,leeg.pdf,,DA3122865,leeg.pdf,,DA3396949,leeg.pdf,,DA3944155,leeg.pdf,,DA3778712,leeg.pdf,,DA3071031,leeg.pdf,,DA3380003,leeg.pdf,,DA3047383,leeg.pdf,,DA3114586,leeg.pdf,,DA3284934,leeg.pdf,,DA3353576,leeg.pdf,,DA3190953,leeg.pdf,,DA3744403,leeg.pdf,,DA3659368,leeg.pdf,
DA3890306,leeg.pdf,,DA3685167,leeg.pdf,,DA3106251,leeg.pdf,,DA3291246,leeg.pdf,,DA3526335,leeg.pdf,,DA3450040,leeg.pdf,,DA3197048,leeg.pdf,,DA3548753,leeg.pdf,,DA3492808,leeg.pdf,,DA3913719,leeg.pdf,,DA3520840,leeg.pdf,,DA3401774,leeg.pdf,,DA3055830,leeg.pdf,,DA3403130,leeg.pdf,,DA3760397,leeg.pdf,
DA3877641,leeg.pdf,,DA3526596,leeg.pdf,,DA3194157,leeg.pdf,,DA3514769,leeg.pdf,,DA3525955,leeg.pdf,,DA3152151,leeg.pdf,,DA3445197,leeg.pdf,,DA3206207,leeg.pdf,,DA3214193,leeg.pdf,,DA3590005,leeg.pdf,,DA3670144,leeg.pdf,,DA3309536,leeg.pdf,,DA3230577,leeg.pdf,,DA3986222,leeg.pdf,,DA3573460,leeg.pdf,
DA3065796,leeg.pdf,,DA3480579,leeg.pdf,,DA3554069,leeg.pdf,,DA3698751,leeg.pdf,,DA3264886,leeg.pdf,,DA3194715,leeg.pdf,,DA3920385,leeg.pdf,,DA3687916,leeg.pdf,,DA3593785,leeg.pdf,,DA3465227,leeg.pdf,,DA3130673,leeg.pdf,,DA3988841,leeg.pdf,,DA3600026,leeg.pdf,,DA3197470,leeg.pdf,,DA3894920,leeg.pdf,
DA3545184,leeg.pdf,,DA3646222,leeg.pdf,,DA3493930,leeg.pdf,,DA3624552,leeg.pdf,,DA3608726,leeg.pdf,,DA3219871,leeg.pdf,,DA3142123,leeg.pdf,,DA3189506,leeg.pdf,,DA3235377,leeg.pdf,,DA3102421,leeg.pdf,,DA3201779,leeg.pdf,,DA3569637,leeg.pdf,,DA3828411,leeg.pdf,,DA3594455,leeg.pdf,,DA3580248,leeg.pdf,
DA3195787,leeg.pdf,,DA3076454,leeg.pdf,,DA3777939,leeg.pdf,,DA3056200,leeg.pdf,,DA3689420,leeg.pdf,,DA3399821,leeg.pdf,,DA3922114,leeg.pdf,,DA3777639,leeg.pdf,,DA3269594,leeg.pdf,,DA3514995,leeg.pdf,,DA3764835,leeg.pdf,,DA3837805,leeg.pdf,,DA3662597,leeg.pdf,,DA3050392,leeg.pdf,,DA3970272,leeg.pdf,
DA3953488,leeg.pdf,,DA3756801,leeg.pdf,,DA3530950,leeg.pdf,,DA3392150,leeg.pdf,,DA3836153,leeg.pdf,,DA3198474,leeg.pdf,,DA3118081,leeg.pdf,,DA3922839,leeg.pdf,,DA3785961,leeg.pdf,,DA3053512,leeg.pdf,,DA3193274,leeg.pdf,,DA3803174,leeg.pdf,,DA3213586,leeg.pdf,,DA3354796,leeg.pdf,,DA3607502,leeg.pdf,
DA3455457,leeg.pdf,,DA3315065,leeg.pdf,,DA3269867,leeg.pdf,,DA3433897,leeg.pdf,,DA3224550,leeg.pdf,,DA3384377,leeg.pdf,,DA3574699,leeg.pdf,,DA3080623,leeg.pdf,,DA3378349,leeg.pdf,,DA3092291,leeg.pdf,,DA3494971,leeg.pdf,,DA3553798,leeg.pdf,,DA3566593,leeg.pdf,,DA3126377,leeg.pdf,,DA3903917,leeg.pdf,
DA3229906,leeg.pdf,,DA3329677,leeg.pdf,,DA3190221,leeg.pdf,,DA3333120,leeg.pdf,,DA3606680,leeg.pdf,,DA3906540,leeg.pdf,,DA3454523,leeg.pdf,,DA3440543,leeg.pdf,,DA3449332,leeg.pdf,,DA3424548,leeg.pdf,,DA3597092,leeg.pdf,,DA3513902,leeg.pdf,,DA3480779,leeg.pdf,,DA3176778,leeg.pdf,,DA3860184,leeg.pdf,
DA3269206,leeg.pdf,,DA3247397,leeg.pdf,,DA3851132,leeg.pdf,,DA3411514,leeg.pdf,,DA3480772,leeg.pdf,,DA3119895,leeg.pdf,,DA3103414,leeg.pdf,,DA3993843,leeg.pdf,,DA3170005,leeg.pdf,,DA3628435,leeg.pdf,,DA3080771,leeg.pdf,,DA3269110,leeg.pdf,,DA3306431,leeg.pdf,,DA3406058,leeg.pdf,,DA3335549,leeg.pdf,
DA3833754,leeg.pdf,,DA3314777,leeg.pdf,,DA3273194,leeg.pdf,,DA3802832,leeg.pdf,,DA3352306,leeg.pdf,,DA3349477,leeg.pdf,,DA3361723,leeg.pdf,,DA3250268,leeg.pdf,,DA3634408,leeg.pdf,,DA3558429,leeg.pdf,,DA3623274,leeg.pdf,,DA3106988,leeg.pdf,,DA3137090,leeg.pdf,,DA3515883,leeg.pdf,,DA3221235,leeg.pdf,
DA3096999,leeg.pdf,,DA3797562,leeg.pdf,,DA3112518,leeg.pdf,,DA3923689,leeg.pdf,,DA3840499,leeg.pdf,,DA3128374,leeg.pdf,,DA3301288,leeg.pdf,,DA3239655,leeg.pdf,,DA3703183,leeg.pdf,,DA3706872,leeg.pdf,,DA3457136,leeg.pdf,,DA3549384,leeg.pdf,,DA3148131,leeg.pdf,,DA3136363,leeg.pdf,,DA3050356,leeg.pdf,
DA3542676,leeg.pdf,,DA3575823,leeg.pdf,,DA3563554,leeg.pdf,,DA3624248,leeg.pdf,,DA3177945,leeg.pdf,,DA3822053,leeg.pdf,,DA3669594,leeg.pdf,,DA3565701,leeg.pdf,,DA3397284,leeg.pdf,,DA3871767,leeg.pdf,,DA3461092,leeg.pdf,,DA3230562,leeg.pdf,,DA3992142,leeg.pdf,,DA3077113,leeg.pdf,,DA3174491,leeg.pdf,
DA3949058,leeg.pdf,,DA3964797,leeg.pdf,,DA3851510,leeg.pdf,,DA3601653,leeg.pdf,,DA3120660,leeg.pdf,,DA3352030,leeg.pdf,,DA3108954,leeg.pdf,,DA3298606,leeg.pdf,,DA3352195,leeg.pdf,,DA3186283,leeg.pdf,,DA3983046,leeg.pdf,,DA3603262,leeg.pdf,,DA3587963,leeg.pdf,,DA3249401,leeg.pdf,,DA3514449,leeg.pdf,
DA3977555,leeg.pdf,,DA3044760,leeg.pdf,,DA3780758,leeg.pdf,,DA3244551,leeg.pdf,,DA3566182,leeg.pdf,,DA3652223,leeg.pdf,,DA3057324,leeg.pdf,,DA3226691,leeg.pdf,,DA3490192,leeg.pdf,,DA3572668,leeg.pdf,,DA3490240,leeg.pdf,,DA3089907,leeg.pdf,,DA3221956,leeg.pdf,,DA3108966,leeg.pdf,,DA3526654,leeg.pdf,
DA3837131,leeg.pdf,,DA3139269,leeg.pdf,,DA3296904,leeg.pdf,,DA3169415,leeg.pdf,,DA3388018,leeg.pdf,,DA3165150,leeg.pdf,,DA3358564,leeg.pdf,,DA3713004,leeg.pdf,,DA3215117,leeg.pdf,,DA3812758,leeg.pdf,,DA3421077,leeg.pdf,,DA3734170,leeg.pdf,,DA3094159,leeg.pdf,,DA3614648,leeg.pdf,,DA3794980,leeg.pdf,
DA3617657,leeg.pdf,,DA3420018,leeg.pdf,,DA3164449,leeg.pdf,,DA3609455,leeg.pdf,,DA3413374,leeg.pdf,,DA3238590,leeg.pdf,,DA3729865,leeg.pdf,,DA3681206,leeg.pdf,,DA3273578,leeg.pdf,,DA3081253,leeg.pdf,,DA3823165,leeg.pdf,,DA3638332,leeg.pdf,,DA3305368,leeg.pdf,,DA3562618,leeg.pdf,,DA3536796,leeg.pdf,
DA3153457,leeg.pdf,,DA3938295,leeg.pdf,,DA3109045,leeg.pdf,,DA3135340,leeg.pdf,,DA3902309,leeg.pdf,,DA3340459,leeg.pdf,,DA3231760,leeg.pdf,,DA3437917,leeg.pdf,,DA3126806,leeg.pdf,,DA3043002,leeg.pdf,,DA3830645,leeg.pdf,,DA3983818,leeg.pdf,,DA3659003,leeg.pdf,,DA3105234,leeg.pdf,,DA3946225,leeg.pdf,
DA3055361,leeg.pdf,,DA3066659,leeg.pdf,,DA3154719,leeg.pdf,,DA3308466,leeg.pdf,,DA3370334,leeg.pdf,,DA3226338,leeg.pdf,,DA3370161,leeg.pdf,,DA3456912,leeg.pdf,,DA3749485,leeg.pdf,,DA3617197,leeg.pdf,,DA3122359,leeg.pdf,,DA3744878,leeg.pdf,,DA3964017,leeg.pdf,,DA3562464,leeg.pdf,,DA3770552,leeg.pdf,
DA3606994,leeg.pdf,,DA3436691,leeg.pdf,,DA3975924,leeg.pdf,,DA3448098,leeg.pdf,,DA3982325,leeg.pdf,,DA3086550,leeg.pdf,,DA3617708,leeg.pdf,,DA3414791,leeg.pdf,,DA3918402,leeg.pdf,,DA3143093,leeg.pdf,,DA3133323,leeg.pdf,,DA3470708,leeg.pdf,,DA3308527,leeg.pdf,,DA3363567,leeg.pdf,,DA3344272,leeg.pdf,
DA3815968,leeg.pdf,,DA3052809,leeg.pdf,,DA3230082,leeg.pdf,,DA3062475,leeg.pdf,,DA3787109,leeg.pdf,,DA3044706,leeg.pdf,,DA3341031,leeg.pdf,,DA3337989,leeg.pdf,,DA3097994,leeg.pdf,,DA3915818,leeg.pdf,,DA3270121,leeg.pdf,,DA3333476,leeg.pdf,,DA3507337,leeg.pdf,,DA3581037,leeg.pdf,,DA3429683,leeg.pdf,
DA3358748,leeg.pdf,,DA3460211,leeg.pdf,,DA3791840,leeg.pdf,,DA3866755,leeg.pdf,,DA3292778,leeg.pdf,,DA3517442,leeg.pdf,,DA3906235,leeg.pdf,,DA3160151,leeg.pdf,,DA3647537,leeg.pdf,,DA3235171,leeg.pdf,,DA3917753,leeg.pdf,,DA3537070,leeg.pdf,,DA3415958,leeg.pdf,,DA3416434,leeg.pdf,,DA3152834,leeg.pdf,
DA3040726,leeg.pdf,,DA3574741,leeg.pdf,,DA3059903,leeg.pdf,,DA3915735,leeg.pdf,,DA3213303,leeg.pdf,,DA3448760,leeg.pdf,,DA3601378,leeg.pdf,,DA3135759,leeg.pdf,,DA3237378,leeg.pdf,,DA3103516,leeg.pdf,,DA3240850,leeg.pdf,,DA3897133,leeg.pdf,,DA3267213,leeg.pdf,,DA3102021,leeg.pdf,,DA3644995,leeg.pdf,
DA3142161,leeg.pdf,,DA3686444,leeg.pdf,,DA3799559,leeg.pdf,,DA3657358,leeg.pdf,,DA3510112,leeg.pdf,,DA3763173,leeg.pdf,,DA3107436,leeg.pdf,,DA3451469,leeg.pdf,,DA3865626,leeg.pdf,,DA3803130,leeg.pdf,,DA3290427,leeg.pdf,,DA3337958,leeg.pdf,,DA3353248,leeg.pdf,,DA3740223,leeg.pdf,,DA3354915,leeg.pdf,
DA3441828,leeg.pdf,,DA3861242,leeg.pdf,,DA3562509,leeg.pdf,,DA3122451,leeg.pdf,,DA3246253,leeg.pdf,,DA3395451,leeg.pdf,,DA3113278,leeg.pdf,,DA3760984,leeg.pdf,,DA3197047,leeg.pdf,,DA3459277,leeg.pdf,,DA3633564,leeg.pdf,,DA3446850,leeg.pdf,,DA3382927,leeg.pdf,,DA3060473,leeg.pdf,,DA3635918,leeg.pdf,
DA3564200,leeg.pdf,,DA3064803,leeg.pdf,,DA3658563,leeg.pdf,,DA3311246,leeg.pdf,,DA3631315,leeg.pdf,,DA3624567,leeg.pdf,,DA3431885,leeg.pdf,,DA3588962,leeg.pdf,,DA3176264,leeg.pdf,,DA3904804,leeg.pdf,,DA3278118,leeg.pdf,,DA3338440,leeg.pdf,,DA3858545,leeg.pdf,,DA3084275,leeg.pdf,,DA3787580,leeg.pdf,
DA3216597,leeg.pdf,,DA3062880,leeg.pdf,,DA3736043,leeg.pdf,,DA3212851,leeg.pdf,,DA3080530,leeg.pdf,,DA3922850,leeg.pdf,,DA3093702,leeg.pdf,,DA3487713,leeg.pdf,,DA3136979,leeg.pdf,,DA3940326,leeg.pdf,,DA3723248,leeg.pdf,,DA3169740,leeg.pdf,,DA3159437,leeg.pdf,,DA3481400,leeg.pdf,,DA3060894,leeg.pdf,
DA3467912,leeg.pdf,,DA3202254,leeg.pdf,,DA3439179,leeg.pdf,,DA3526100,leeg.pdf,,DA3673479,leeg.pdf,,DA3538290,leeg.pdf,,DA3411585,leeg.pdf,,DA3232148,leeg.pdf,,DA3312652,leeg.pdf,,DA3140527,leeg.pdf,,DA3160880,leeg.pdf,,DA3662607,leeg.pdf,,DA3953380,leeg.pdf,,DA3422020,leeg.pdf,,DA3091369,leeg.pdf,
DA3123499,leeg.pdf,,DA3822901,leeg.pdf,,DA3519575,leeg.pdf,,DA3572345,leeg.pdf,,DA3037865,leeg.pdf,,DA3942900,leeg.pdf,,DA3044334,leeg.pdf,,DA3648816,leeg.pdf,,DA3796668,leeg.pdf,,DA3783711,leeg.pdf,,DA3609487,leeg.pdf,,DA3334729,leeg.pdf,,DA3848279,leeg.pdf,,DA3349658,leeg.pdf,,DA3902123,leeg.pdf,
DA3073773,leeg.pdf,,DA3308824,leeg.pdf,,DA3555706,leeg.pdf,,DA3762512,leeg.pdf,,DA3211421,leeg.pdf,,DA3714883,leeg.pdf,,DA3161387,leeg.pdf,,DA3420567,leeg.pdf,,DA3396040,leeg.pdf,,DA3606027,leeg.pdf,,DA3283619,leeg.pdf,,DA3367819,leeg.pdf,,DA3988393,leeg.pdf,,DA3127695,leeg.pdf,,DA3083584,leeg.pdf,
DA3921310,leeg.pdf,,DA3438433,leeg.pdf,,DA3516852,leeg.pdf,,DA3347540,leeg.pdf,,DA3136800,leeg.pdf,,DA3957819,leeg.pdf,,DA3154444,leeg.pdf,,DA3903013,leeg.pdf,,DA3501314,leeg.pdf,,DA3481501,leeg.pdf,,DA3706454,leeg.pdf,,DA3049502,leeg.pdf,,DA3048033,leeg.pdf,,DA3362679,leeg.pdf,,DA3685971,leeg.pdf,
DA3163165,leeg.pdf,,DA3234528,leeg.pdf,,DA3436298,leeg.pdf,,DA3082720,leeg.pdf,,DA3821301,leeg.pdf,,DA3063820,leeg.pdf,,DA3124028,leeg.pdf,,DA3783806,leeg.pdf,,DA3047282,leeg.pdf,,DA3992155,leeg.pdf,,DA3461988,leeg.pdf,,DA3530808,leeg.pdf,,DA3571152,leeg.pdf,,DA3049625,leeg.pdf,,DA3774537,leeg.pdf,
DA3733766,leeg.pdf,,DA3347053,leeg.pdf,,DA3197869,leeg.pdf,,DA3906295,leeg.pdf,,DA3513629,leeg.pdf,,DA3576976,leeg.pdf,,DA3589133,leeg.pdf,,DA3873625,leeg.pdf,,DA3716602,leeg.pdf,,DA3083971,leeg.pdf,,DA3656568,leeg.pdf,,DA3069667,leeg.pdf,,DA3060521,leeg.pdf,,DA3594102,leeg.pdf,,DA3902313,leeg.pdf,
DA3548664,leeg.pdf,,DA3584299,leeg.pdf,,DA3186232,leeg.pdf,,DA3977782,leeg.pdf,,DA3317347,leeg.pdf,,DA3578552,leeg.pdf,,DA3457688,leeg.pdf,,DA3393698,leeg.pdf,,DA3204298,leeg.pdf,,DA3521684,leeg.pdf,,DA3205273,leeg.pdf,,DA3580853,leeg.pdf,,DA3176121,leeg.pdf,,DA3264330,leeg.pdf,,DA3122430,leeg.pdf,
DA3066405,leeg.pdf,,DA3180366,leeg.pdf,,DA3204640,leeg.pdf,,DA3728627,leeg.pdf,,DA3699605,leeg.pdf,,DA3073443,leeg.pdf,,DA3635097,leeg.pdf,,DA3306387,leeg.pdf,,DA3329621,leeg.pdf,,DA3843784,leeg.pdf,,DA3544097,leeg.pdf,,DA3732244,leeg.pdf,,DA3487055,leeg.pdf,,DA3798190,leeg.pdf,,DA3254815,leeg.pdf,
DA3516386,leeg.pdf,,DA3121986,leeg.pdf,,DA3342418,leeg.pdf,,DA3343229,leeg.pdf,,DA3323044,leeg.pdf,,DA3387763,leeg.pdf,,DA3103299,leeg.pdf,,DA3107264,leeg.pdf,,DA3618843,leeg.pdf,,DA3231994,leeg.pdf,,DA3044719,leeg.pdf,,DA3759573,leeg.pdf,,DA3053245,leeg.pdf,,DA3086257,leeg.pdf,,DA3200671,leeg.pdf,
DA3251327,leeg.pdf,,DA3144518,leeg.pdf,,DA3583396,leeg.pdf,,DA3453679,leeg.pdf,,DA3572404,leeg.pdf,,DA3887422,leeg.pdf,,DA3655168,leeg.pdf,,DA3510932,leeg.pdf,,DA3263505,leeg.pdf,,DA3111378,leeg.pdf,,DA3640332,leeg.pdf,,DA3070582,leeg.pdf,,DA3416556,leeg.pdf,,DA3593315,leeg.pdf,,DA3956434,leeg.pdf,
DA3038349,leeg.pdf,,DA3131070,leeg.pdf,,DA3435467,leeg.pdf,,DA3221591,leeg.pdf,,DA3562534,leeg.pdf,,DA3039897,leeg.pdf,,DA3152647,leeg.pdf,,DA3861838,leeg.pdf,,DA3195115,leeg.pdf,,DA3281880,leeg.pdf,,DA3154636,leeg.pdf,,DA3548014,leeg.pdf,,DA3113325,leeg.pdf,,DA3215330,leeg.pdf,,DA3552594,leeg.pdf,
DA3726210,leeg.pdf,,DA3902190,leeg.pdf,,DA3346894,leeg.pdf,,DA3961880,leeg.pdf,,DA3574923,leeg.pdf,,DA3580246,leeg.pdf,,DA3391067,leeg.pdf,,DA3067180,leeg.pdf,,DA3449966,leeg.pdf,,DA3847783,leeg.pdf,,DA3205698,leeg.pdf,,DA3407511,leeg.pdf,,DA3889048,leeg.pdf,,DA3475023,leeg.pdf,,DA3706356,leeg.pdf,
DA3096085,leeg.pdf,,DA3259418,leeg.pdf,,DA3438790,leeg.pdf,,DA3464659,leeg.pdf,,DA3674278,leeg.pdf,,DA3194348,leeg.pdf,,DA3645424,leeg.pdf,,DA3183225,leeg.pdf,,DA3889894,leeg.pdf,,DA3925963,leeg.pdf,,DA3717983,leeg.pdf,,DA3126094,leeg.pdf,,DA3832288,leeg.pdf,,DA3534636,leeg.pdf,,DA3668472,leeg.pdf,
DA3643371,leeg.pdf,,DA3184975,leeg.pdf,,DA3681984,leeg.pdf,,DA3079891,leeg.pdf,,DA3291077,leeg.pdf,,DA3686120,leeg.pdf,,DA3334474,leeg.pdf,,DA3218320,leeg.pdf,,DA3082770,leeg.pdf,,DA3803446,leeg.pdf,,DA3488579,leeg.pdf,,DA3575631,leeg.pdf,,DA3160525,leeg.pdf,,DA3058494,leeg.pdf,,DA3051885,leeg.pdf,
DA3273367,leeg.pdf,,DA3220584,leeg.pdf,,DA3315478,leeg.pdf,,DA3465113,leeg.pdf,,DA3485885,leeg.pdf,,DA3630112,leeg.pdf,,DA3360817,leeg.pdf,,DA3416070,leeg.pdf,,DA3989490,leeg.pdf,,DA3711352,leeg.pdf,,DA3670455,leeg.pdf,,DA3331185,leeg.pdf,,DA3398749,leeg.pdf,,DA3845654,leeg.pdf,,DA3980250,leeg.pdf,
DA3967617,leeg.pdf,,DA3118576,leeg.pdf,,DA3342071,leeg.pdf,,DA3453051,leeg.pdf,,DA3275542,leeg.pdf,,DA3294548,leeg.pdf,,DA3965158,leeg.pdf,,DA3179325,leeg.pdf,,DA3254781,leeg.pdf,,DA3622251,leeg.pdf,,DA3575502,leeg.pdf,,DA3448715,leeg.pdf,,DA3837856,leeg.pdf,,DA3087279,leeg.pdf,,DA3462881,leeg.pdf,
DA3265786,leeg.pdf,,DA3631815,leeg.pdf,,DA3050108,leeg.pdf,,DA3205131,leeg.pdf,,DA3720915,leeg.pdf,,DA3262750,leeg.pdf,,DA3448579,leeg.pdf,,DA3141215,leeg.pdf,,DA3995510,leeg.pdf,,DA3257832,leeg.pdf,,DA3145973,leeg.pdf,,DA3136688,leeg.pdf,,DA3756385,leeg.pdf,,DA3204483,leeg.pdf,,DA3058186,leeg.pdf,
DA3988946,leeg.pdf,,DA3404646,leeg.pdf,,DA3966896,leeg.pdf,,DA3110469,leeg.pdf,,DA3152736,leeg.pdf,,DA3252032,leeg.pdf,,DA3448539,leeg.pdf,,DA3110320,leeg.pdf,,DA3270302,leeg.pdf,,DA3707422,leeg.pdf,,DA3253904,leeg.pdf,,DA3076912,leeg.pdf,,DA3447388,leeg.pdf,,DA3104556,leeg.pdf,,DA3809434,leeg.pdf,
DA3146277,leeg.pdf,,DA3807780,leeg.pdf,,DA3135287,leeg.pdf,,DA3066719,leeg.pdf,,DA3333896,leeg.pdf,,DA3721781,leeg.pdf,,DA3731557,leeg.pdf,,DA3910634,leeg.pdf,,DA3158199,leeg.pdf,,DA3711409,leeg.pdf,,DA3295249,leeg.pdf,,DA3348068,leeg.pdf,,DA3127968,leeg.pdf,,DA3806661,leeg.pdf,,DA3760442,leeg.pdf,
DA3036141,leeg.pdf,,DA3625328,leeg.pdf,,DA3942333,leeg.pdf,,DA3695910,leeg.pdf,,DA3745373,leeg.pdf,,DA3486812,leeg.pdf,,DA3765574,leeg.pdf,,DA3970052,leeg.pdf,,DA3399908,leeg.pdf,,DA3470256,leeg.pdf,,DA3554278,leeg.pdf,,DA3323868,leeg.pdf,,DA3253605,leeg.pdf,,DA3070390,leeg.pdf,,DA3674508,leeg.pdf,
DA3783506,leeg.pdf,,DA3205009,leeg.pdf,,DA3552511,leeg.pdf,,DA3443820,leeg.pdf,,DA3593584,leeg.pdf,,DA3518984,leeg.pdf,,DA3730334,leeg.pdf,,DA3141143,leeg.pdf,,DA3567869,leeg.pdf,,DA3723181,leeg.pdf,,DA3206827,leeg.pdf,,DA3186129,leeg.pdf,,DA3574341,leeg.pdf,,DA3971675,leeg.pdf,,DA3483407,leeg.pdf,
DA3324532,leeg.pdf,,DA3430286,leeg.pdf,,DA3332824,leeg.pdf,,DA3288148,leeg.pdf,,DA3271373,leeg.pdf,,DA3882512,leeg.pdf,,DA3793236,leeg.pdf,,DA3857781,leeg.pdf,,DA3563133,leeg.pdf,,DA3325242,leeg.pdf,,DA3419771,leeg.pdf,,DA3951337,leeg.pdf,,DA3319430,leeg.pdf,,DA3756648,leeg.pdf,,DA3197882,leeg.pdf,
DA3198879,leeg.pdf,,DA3743792,leeg.pdf,,DA3285559,leeg.pdf,,DA3457047,leeg.pdf,,DA3412108,leeg.pdf,,DA3873244,leeg.pdf,,DA3579985,leeg.pdf,,DA3624366,leeg.pdf,,DA3366772,leeg.pdf,,DA3580630,leeg.pdf,,DA3125318,leeg.pdf,,DA3098110,leeg.pdf,,DA3871647,leeg.pdf,,DA3506441,leeg.pdf,,DA3217359,leeg.pdf,
DA3189801,leeg.pdf,,DA3495852,leeg.pdf,,DA3821076,leeg.pdf,,DA3861192,leeg.pdf,,DA3990678,leeg.pdf,,DA3686921,leeg.pdf,,DA3161954,leeg.pdf,,DA3243818,leeg.pdf,,DA3728742,leeg.pdf,,DA3929678,leeg.pdf,,DA3218861,leeg.pdf,,DA3424411,leeg.pdf,,DA3785916,leeg.pdf,,DA3690223,leeg.pdf,,DA3067076,leeg.pdf,
DA3357122,leeg.pdf,,DA3694584,leeg.pdf,,DA3401831,leeg.pdf,,DA3136164,leeg.pdf,,DA3846759,leeg.pdf,,DA3484223,leeg.pdf,,DA3421855,leeg.pdf,,DA3728678,leeg.pdf,,DA3802369,leeg.pdf,,DA3134087,leeg.pdf,,DA3852750,leeg.pdf,,DA3362925,leeg.pdf,,DA3916531,leeg.pdf,,DA3064713,leeg.pdf,,DA3219592,leeg.pdf,
DA3716935,leeg.pdf,,DA3060956,leeg.pdf,,DA3741072,leeg.pdf,,DA3137560,leeg.pdf,,DA3948857,leeg.pdf,,DA3610359,leeg.pdf,,DA3294596,leeg.pdf,,DA3724033,leeg.pdf,,DA3310222,leeg.pdf,,DA3990056,leeg.pdf,,DA3248203,leeg.pdf,,DA3184471,leeg.pdf,,DA3349895,leeg.pdf,,DA3156092,leeg.pdf,,DA3278131,leeg.pdf,
DA3195850,leeg.pdf,,DA3040653,leeg.pdf,,DA3941611,leeg.pdf,,DA3095020,leeg.pdf,,DA3077975,leeg.pdf,,DA3162243,leeg.pdf,,DA3913429,leeg.pdf,,DA3258465,leeg.pdf,,DA3692116,leeg.pdf,,DA3317174,leeg.pdf,,DA3163706,leeg.pdf,,DA3077024,leeg.pdf,,DA3223044,leeg.pdf,,DA3123004,leeg.pdf,,DA3215205,leeg.pdf,
DA3056890,leeg.pdf,,DA3448159,leeg.pdf,,DA3821410,leeg.pdf,,DA3490871,leeg.pdf,,DA3799532,leeg.pdf,,DA3382125,leeg.pdf,,DA3245177,leeg.pdf,,DA3171969,leeg.pdf,,DA3134154,leeg.pdf,,DA3447005,leeg.pdf,,DA3358772,leeg.pdf,,DA3296788,leeg.pdf,,DA3095572,leeg.pdf,,DA3371101,leeg.pdf,,DA3450532,leeg.pdf,
DA3797716,leeg.pdf,,DA3903851,leeg.pdf,,DA3889420,leeg.pdf,,DA3247773,leeg.pdf,,DA3339839,leeg.pdf,,DA3456462,leeg.pdf,,DA3286798,leeg.pdf,,DA3621856,leeg.pdf,,DA3194551,leeg.pdf,,DA3385589,leeg.pdf,,DA3320708,leeg.pdf,,DA3246976,leeg.pdf,,DA3040460,leeg.pdf,,DA3440231,leeg.pdf,,DA3185019,leeg.pdf,
DA3037441,leeg.pdf,,DA3563970,leeg.pdf,,DA3326444,leeg.pdf,,DA3459598,leeg.pdf,,DA3594674,leeg.pdf,,DA3642026,leeg.pdf,,DA3344110,leeg.pdf,,DA3305536,leeg.pdf,,DA3711259,leeg.pdf,,DA3624191,leeg.pdf,,DA3231028,leeg.pdf,,DA3929429,leeg.pdf,,DA3277621,leeg.pdf,,DA3310276,leeg.pdf,,DA3040798,leeg.pdf,
DA3161644,leeg.pdf,,DA3482760,leeg.pdf,,DA3502070,leeg.pdf,,DA3436097,leeg.pdf,,DA3832051,leeg.pdf,,DA3554935,leeg.pdf,,DA3422677,leeg.pdf,,DA3250633,leeg.pdf,,DA3055897,leeg.pdf,,DA3926677,leeg.pdf,,DA3332699,leeg.pdf,,DA3992195,leeg.pdf,,DA3652652,leeg.pdf,,DA3200089,leeg.pdf,,DA3696453,leeg.pdf,
DA3359971,leeg.pdf,,DA3379715,leeg.pdf,,DA3074962,leeg.pdf,,DA3063711,leeg.pdf,,DA3663325,leeg.pdf,,DA3120703,leeg.pdf,,DA3680141,leeg.pdf,,DA3378686,leeg.pdf,,DA3339552,leeg.pdf,,DA3509565,leeg.pdf,,DA3751240,leeg.pdf,,DA3255014,leeg.pdf,,DA3714669,leeg.pdf,,DA3122940,leeg.pdf,,DA3845364,leeg.pdf,
DA3267442,leeg.pdf,,DA3267426,leeg.pdf,,DA3836945,leeg.pdf,,DA3341359,leeg.pdf,,DA3419497,leeg.pdf,,DA3564703,leeg.pdf,,DA3532080,leeg.pdf,,DA3754766,leeg.pdf,,DA3754616,leeg.pdf,,DA3276475,leeg.pdf,,DA3644439,leeg.pdf,,DA3533420,leeg.pdf,,DA3995512,leeg.pdf,,DA3543196,leeg.pdf,,DA3567926,leeg.pdf,
DA3484792,leeg.pdf,,DA3472190,leeg.pdf,,DA3283703,leeg.pdf,,DA3204620,leeg.pdf,,DA3653264,leeg.pdf,,DA3320210,leeg.pdf,,DA3726875,leeg.pdf,,DA3895748,leeg.pdf,,DA3757064,leeg.pdf,,DA3280623,leeg.pdf,,DA3448316,leeg.pdf,,DA3420300,leeg.pdf,,DA3481894,leeg.pdf,,DA3169742,leeg.pdf,,DA3378335,leeg.pdf,
DA3982582,leeg.pdf,,DA3613334,leeg.pdf,,DA3283235,leeg.pdf,,DA3665783,leeg.pdf,,DA3232861,leeg.pdf,,DA3060780,leeg.pdf,,DA3796756,leeg.pdf,,DA3338625,leeg.pdf,,DA3551206,leeg.pdf,,DA3994199,leeg.pdf,,DA3884728,leeg.pdf,,DA3449147,leeg.pdf,,DA3524637,leeg.pdf,,DA3492974,leeg.pdf,,DA3392697,leeg.pdf,
DA3097109,leeg.pdf,,DA3424614,leeg.pdf,,DA3595602,leeg.pdf,,DA3277944,leeg.pdf,,DA3809548,leeg.pdf,,DA3125991,leeg.pdf,,DA3371198,leeg.pdf,,DA3753749,leeg.pdf,,DA3875946,leeg.pdf,,DA3243573,leeg.pdf,,DA3389833,leeg.pdf,,DA3750494,leeg.pdf,,DA3280665,leeg.pdf,,DA3551085,leeg.pdf,,DA3069332,leeg.pdf,
DA3700906,leeg.pdf,,DA3050123,leeg.pdf,,DA3490634,leeg.pdf,,DA3587426,leeg.pdf,,DA3621876,leeg.pdf,,DA3707562,leeg.pdf,,DA3817444,leeg.pdf,,DA3537271,leeg.pdf,,DA3409436,leeg.pdf,,DA3903519,leeg.pdf,,DA3619960,leeg.pdf,,DA3697064,leeg.pdf,,DA3275564,leeg.pdf,,DA3367349,leeg.pdf,,DA3948864,leeg.pdf,
DA3908368,leeg.pdf,,DA3842340,leeg.pdf,,DA3464638,leeg.pdf,,DA3966913,leeg.pdf,,DA3924800,leeg.pdf,,DA3433604,leeg.pdf,,DA3128749,leeg.pdf,,DA3067065,leeg.pdf,,DA3339578,leeg.pdf,,DA3193515,leeg.pdf,,DA3307030,leeg.pdf,,DA3113218,leeg.pdf,,DA3243616,leeg.pdf,,DA3098809,leeg.pdf,,DA3248719,leeg.pdf,
DA3724927,leeg.pdf,,DA3362240,leeg.pdf,,DA3410129,leeg.pdf,,DA3284642,leeg.pdf,,DA3082724,leeg.pdf,,DA3164019,leeg.pdf,,DA3033852,leeg.pdf,,DA3687856,leeg.pdf,,DA3416893,leeg.pdf,,DA3204094,leeg.pdf,,DA3659515,leeg.pdf,,DA3202167,leeg.pdf,,DA3304695,leeg.pdf,,DA3716045,leeg.pdf,,DA3262562,leeg.pdf,
DA3269674,leeg.pdf,,DA3035090,leeg.pdf,,DA3126445,leeg.pdf,,DA3635744,leeg.pdf,,DA3908314,leeg.pdf,,DA3105517,leeg.pdf,,DA3728969,leeg.pdf,,DA3210713,leeg.pdf,,DA3207592,leeg.pdf,,DA3859497,leeg.pdf,,DA3262493,leeg.pdf,,DA3142892,leeg.pdf,,DA3733598,leeg.pdf,,DA3188485,leeg.pdf,,DA3780628,leeg.pdf,
DA3649046,leeg.pdf,,DA3341525,leeg.pdf,,DA3329380,leeg.pdf,,DA3160884,leeg.pdf,,DA3408611,leeg.pdf,,DA3646400,leeg.pdf,,DA3220644,leeg.pdf,,DA3756065,leeg.pdf,,DA3220961,leeg.pdf,,DA3162356,leeg.pdf,,DA3258559,leeg.pdf,,DA3072156,leeg.pdf,,DA3399180,leeg.pdf,,DA3944998,leeg.pdf,,DA3073354,leeg.pdf,
DA3901107,leeg.pdf,,DA3394790,leeg.pdf,,DA3577335,leeg.pdf,,DA3133619,leeg.pdf,,DA3110232,leeg.pdf,,DA3730490,leeg.pdf,,DA3461211,leeg.pdf,,DA3792674,leeg.pdf,,DA3127927,leeg.pdf,,DA3359270,leeg.pdf,,DA3886163,leeg.pdf,,DA3066929,leeg.pdf,,DA3229187,leeg.pdf,,DA3081469,leeg.pdf,,DA3961649,leeg.pdf,
DA3100742,leeg.pdf,,DA3150274,leeg.pdf,,DA3748875,leeg.pdf,,DA3217830,leeg.pdf,,DA3349605,leeg.pdf,,DA3948482,leeg.pdf,,DA3078334,leeg.pdf,,DA3743175,leeg.pdf,,DA3412132,leeg.pdf,,DA3279917,leeg.pdf,,DA3107987,leeg.pdf,,DA3074780,leeg.pdf,,DA3994627,leeg.pdf,,DA3087237,leeg.pdf,,DA3104979,leeg.pdf,
DA3479699,leeg.pdf,,DA3188828,leeg.pdf,,DA3891645,leeg.pdf,,DA3168442,leeg.pdf,,DA3425095,leeg.pdf,,DA3221532,leeg.pdf,,DA3301569,leeg.pdf,,DA3720641,leeg.pdf,,DA3927863,leeg.pdf,,DA3473723,leeg.pdf,,DA3177690,leeg.pdf,,DA3189538,leeg.pdf,,DA3724879,leeg.pdf,,DA3249108,leeg.pdf,,DA3852985,leeg.pdf,
DA3788419,leeg.pdf,,DA3731630,leeg.pdf,,DA3381159,leeg.pdf,,DA3345668,leeg.pdf,,DA3388624,leeg.pdf,,DA3209071,leeg.pdf,,DA3511379,leeg.pdf,,DA3189601,leeg.pdf,,DA3768146,leeg.pdf,,DA3069598,leeg.pdf,,DA3442327,leeg.pdf,,DA3187061,leeg.pdf,,DA3257910,leeg.pdf,,DA3305662,leeg.pdf,,DA3711504,leeg.pdf,
DA3401134,leeg.pdf,,DA3569786,leeg.pdf,,DA3294861,leeg.pdf,,DA3914499,leeg.pdf,,DA3132219,leeg.pdf,,DA3763618,leeg.pdf,,DA3736335,leeg.pdf,,DA3534586,leeg.pdf,,DA3397482,leeg.pdf,,DA3808683,leeg.pdf,,DA3580511,leeg.pdf,,DA3649100,leeg.pdf,,DA3201758,leeg.pdf,,DA3663609,leeg.pdf,,DA3919439,leeg.pdf,
DA3045794,leeg.pdf,,DA3619951,leeg.pdf,,DA3186556,leeg.pdf,,DA3340050,leeg.pdf,,DA3506651,leeg.pdf,,DA3271866,leeg.pdf,,DA3350488,leeg.pdf,,DA3343516,leeg.pdf,,DA3282930,leeg.pdf,,DA3298193,leeg.pdf,,DA3120738,leeg.pdf,,DA3385125,leeg.pdf,,DA3720663,leeg.pdf,,DA3215495,leeg.pdf,,DA3504865,leeg.pdf,
DA3506171,leeg.pdf,,DA3243562,leeg.pdf,,DA3079661,leeg.pdf,,DA3662827,leeg.pdf,,DA3832652,leeg.pdf,,DA3187693,leeg.pdf,,DA3472869,leeg.pdf,,DA3190120,leeg.pdf,,DA3808510,leeg.pdf,,DA3843796,leeg.pdf,,DA3430781,leeg.pdf,,DA3301658,leeg.pdf,,DA3305752,leeg.pdf,,DA3099084,leeg.pdf,,DA3967505,leeg.pdf,
DA3183645,leeg.pdf,,DA3644922,leeg.pdf,,DA3210293,leeg.pdf,,DA3448121,leeg.pdf,,DA3634650,leeg.pdf,,DA3215397,leeg.pdf,,DA3121197,leeg.pdf,,DA3976825,leeg.pdf,,DA3632867,leeg.pdf,,DA3890770,leeg.pdf,,DA3514620,leeg.pdf,,DA3663538,leeg.pdf,,DA3371049,leeg.pdf,,DA3565772,leeg.pdf,,DA3780177,leeg.pdf,
DA3775220,leeg.pdf,,DA3499162,leeg.pdf,,DA3248417,leeg.pdf,,DA3487606,leeg.pdf,,DA3644342,leeg.pdf,,DA3272057,leeg.pdf,,DA3087400,leeg.pdf,,DA3435282,leeg.pdf,,DA3361236,leeg.pdf,,DA3218843,leeg.pdf,,DA3904760,leeg.pdf,,DA3799505,leeg.pdf,,DA3413426,leeg.pdf,,DA3194824,leeg.pdf,,DA3919850,leeg.pdf,
DA3589467,leeg.pdf,,DA3540688,leeg.pdf,,DA3793088,leeg.pdf,,DA3780674,leeg.pdf,,DA3512640,leeg.pdf,,DA3676402,leeg.pdf,,DA3068876,leeg.pdf,,DA3119510,leeg.pdf,,DA3206948,leeg.pdf,,DA3170343,leeg.pdf,,DA3727847,leeg.pdf,,DA3528963,leeg.pdf,,DA3233216,leeg.pdf,,DA3499373,leeg.pdf,,DA3922732,leeg.pdf,
DA3402856,leeg.pdf,,DA3287998,leeg.pdf,,DA3467423,leeg.pdf,,DA3974970,leeg.pdf,,DA3322710,leeg.pdf,,DA3315635,leeg.pdf,,DA3989488,leeg.pdf,,DA3370875,leeg.pdf,,DA3131519,leeg.pdf,,DA3501135,leeg.pdf,,DA3794944,leeg.pdf,,DA3155770,leeg.pdf,,DA3440024,leeg.pdf,,DA3132594,leeg.pdf,,DA3892658,leeg.pdf,
DA3984348,leeg.pdf,,DA3228421,leeg.pdf,,DA3761703,leeg.pdf,,DA3201329,leeg.pdf,,DA3761984,leeg.pdf,,DA3615019,leeg.pdf,,DA3130453,leeg.pdf,,DA3877213,leeg.pdf,,DA3546468,leeg.pdf,,DA3136026,leeg.pdf,,DA3657483,leeg.pdf,,DA3119020,leeg.pdf,,DA3396788,leeg.pdf,,DA3479317,leeg.pdf,,DA3126329,leeg.pdf,
DA3375459,leeg.pdf,,DA3656883,leeg.pdf,,DA3513696,leeg.pdf,,DA3696424,leeg.pdf,,DA3716660,leeg.pdf,,DA3216481,leeg.pdf,,DA3660328,leeg.pdf,,DA3118792,leeg.pdf,,DA3566770,leeg.pdf,,DA3340073,leeg.pdf,,DA3505330,leeg.pdf,,DA3773759,leeg.pdf,,DA3340108,leeg.pdf,,DA3679687,leeg.pdf,,DA3858266,leeg.pdf,
DA3602549,leeg.pdf,,DA3304508,leeg.pdf,,DA3130737,leeg.pdf,,DA3984108,leeg.pdf,,DA3418415,leeg.pdf,,DA3288832,leeg.pdf,,DA3741431,leeg.pdf,,DA3834841,leeg.pdf,,DA3313086,leeg.pdf,,DA3625622,leeg.pdf,,DA3607713,leeg.pdf,,DA3165074,leeg.pdf,,DA3442333,leeg.pdf,,DA3430450,leeg.pdf,,DA3690630,leeg.pdf,
DA3949680,leeg.pdf,,DA3224967,leeg.pdf,,DA3810074,leeg.pdf,,DA3732139,leeg.pdf,,DA3270343,leeg.pdf,,DA3422957,leeg.pdf,,DA3198552,leeg.pdf,,DA3815888,leeg.pdf,,DA3795761,leeg.pdf,,DA3355293,leeg.pdf,,DA3593890,leeg.pdf,,DA3146890,leeg.pdf,,DA3487708,leeg.pdf,,DA3418397,leeg.pdf,,DA3460898,leeg.pdf,
DA3420594,leeg.pdf,,DA3484921,leeg.pdf,,DA3251967,leeg.pdf,,DA3572997,leeg.pdf,,DA3096740,leeg.pdf,,DA3988526,leeg.pdf,,DA3314674,leeg.pdf,,DA3358825,leeg.pdf,,DA3123490,leeg.pdf,,DA3721037,leeg.pdf,,DA3317250,leeg.pdf,,DA3534521,leeg.pdf,,DA3817757,leeg.pdf,,DA3140249,leeg.pdf,,DA3344189,leeg.pdf,
DA3359311,leeg.pdf,,DA3460847,leeg.pdf,,DA3974874,leeg.pdf,,DA3222956,leeg.pdf,,DA3144186,leeg.pdf,,DA3110234,leeg.pdf,,DA3330307,leeg.pdf,,DA3938973,leeg.pdf,,DA3139724,leeg.pdf,,DA3906379,leeg.pdf,,DA3248513,leeg.pdf,,DA3181455,leeg.pdf,,DA3174474,leeg.pdf,,DA3264285,leeg.pdf,,DA3072117,leeg.pdf,
DA3371416,leeg.pdf,,DA3086312,leeg.pdf,,DA3160457,leeg.pdf,,DA3031388,leeg.pdf,,DA3149563,leeg.pdf,,DA3901518,leeg.pdf,,DA3049850,leeg.pdf,,DA3806905,leeg.pdf,,DA3129193,leeg.pdf,,DA3426430,leeg.pdf,,DA3181606,leeg.pdf,,DA3180726,leeg.pdf,,DA3040138,leeg.pdf,,DA3225999,leeg.pdf,,DA3418666,leeg.pdf,
DA3814332,leeg.pdf,,DA3731865,leeg.pdf,,DA3273624,leeg.pdf,,DA3215790,leeg.pdf,,DA3831639,leeg.pdf,,DA3258736,leeg.pdf,,DA3618823,leeg.pdf,,DA3976546,leeg.pdf,,DA3839650,leeg.pdf,,DA3155154,leeg.pdf,,DA3298287,leeg.pdf,,DA3318063,leeg.pdf,,DA3373078,leeg.pdf,,DA3121582,leeg.pdf,,DA3171953,leeg.pdf,
DA3938050,leeg.pdf,,DA3184123,leeg.pdf,,DA3940406,leeg.pdf,,DA3289626,leeg.pdf,,DA3071761,leeg.pdf,,DA3884663,leeg.pdf,,DA3467037,leeg.pdf,,DA3280878,leeg.pdf,,DA3675575,leeg.pdf,,DA3183403,leeg.pdf,,DA3192268,leeg.pdf,,DA3192369,leeg.pdf,,DA3800228,leeg.pdf,,DA3567028,leeg.pdf,,DA3812025,leeg.pdf,
DA3508736,leeg.pdf,,DA3109589,leeg.pdf,,DA3401056,leeg.pdf,,DA3206603,leeg.pdf,,DA3398363,leeg.pdf,,DA3684965,leeg.pdf,,DA3488306,leeg.pdf,,DA3973405,leeg.pdf,,DA3287400,leeg.pdf,,DA3037217,leeg.pdf,,DA3230381,leeg.pdf,,DA3595462,leeg.pdf,,DA3599784,leeg.pdf,,DA3610219,leeg.pdf,,DA3299468,leeg.pdf,
DA3494724,leeg.pdf,,DA3292166,leeg.pdf,,DA3036100,leeg.pdf,,DA3477624,leeg.pdf,,DA3262364,leeg.pdf,,DA3466766,leeg.pdf,,DA3346547,leeg.pdf,,DA3083788,leeg.pdf,,DA3069768,leeg.pdf,,DA3833082,leeg.pdf,,DA3484285,leeg.pdf,,DA3503050,leeg.pdf,,DA3525288,leeg.pdf,,DA3123401,leeg.pdf,,DA3044136,leeg.pdf,
DA3491152,leeg.pdf,,DA3164179,leeg.pdf,,DA3471073,leeg.pdf,,DA3093997,leeg.pdf,,DA3175139,leeg.pdf,,DA3960475,leeg.pdf,,DA3320721,leeg.pdf,,DA3078851,leeg.pdf,,DA3363180,leeg.pdf,,DA3182236,leeg.pdf,,DA3329484,leeg.pdf,,DA3763976,leeg.pdf,,DA3419453,leeg.pdf,,DA3930925,leeg.pdf,,DA3914640,leeg.pdf,
DA3361641,leeg.pdf,,DA3882876,leeg.pdf,,DA3930381,leeg.pdf,,DA3040527,leeg.pdf,,DA3295966,leeg.pdf,,DA3248354,leeg.pdf,,DA3811542,leeg.pdf,,DA3874894,leeg.pdf,,DA3293542,leeg.pdf,,DA3348301,leeg.pdf,,DA3759856,leeg.pdf,,DA3395990,leeg.pdf,,DA3363627,leeg.pdf,,DA3317497,leeg.pdf,,DA3456728,leeg.pdf,
DA3659175,leeg.pdf,,DA3601296,leeg.pdf,,DA3586302,leeg.pdf,,DA3890190,leeg.pdf,,DA3292177,leeg.pdf,,DA3272035,leeg.pdf,,DA3182441,leeg.pdf,,DA3370071,leeg.pdf,,DA3613341,leeg.pdf,,DA3112706,leeg.pdf,,DA3272141,leeg.pdf,,DA3386542,leeg.pdf,,DA3383907,leeg.pdf,,DA3518531,leeg.pdf,,DA3876405,leeg.pdf,
DA3134955,leeg.pdf,,DA3199969,leeg.pdf,,DA3295374,leeg.pdf,,DA3070491,leeg.pdf,,DA3072011,leeg.pdf,,DA3409299,leeg.pdf,,DA3131735,leeg.pdf,,DA3090115,leeg.pdf,,DA3568306,leeg.pdf,,DA3160154,leeg.pdf,,DA3868808,leeg.pdf,,DA3491968,leeg.pdf,,DA3191282,leeg.pdf,,DA3092754,leeg.pdf,,DA3955872,leeg.pdf,
DA3519012,leeg.pdf,,DA3650209,leeg.pdf,,DA3989109,leeg.pdf,,DA3454090,leeg.pdf,,DA3362723,leeg.pdf,,DA3612070,leeg.pdf,,DA3111278,leeg.pdf,,DA3548482,leeg.pdf,,DA3482733,leeg.pdf,,DA3753650,leeg.pdf,,DA3294624,leeg.pdf,,DA3147813,leeg.pdf,,DA3625142,leeg.pdf,,DA3454361,leeg.pdf,,DA3264740,leeg.pdf,
DA3633929,leeg.pdf,,DA3223973,leeg.pdf,,DA3363780,leeg.pdf,,DA3090347,leeg.pdf,,DA3349090,leeg.pdf,,DA3584540,leeg.pdf,,DA3339304,leeg.pdf,,DA3890545,leeg.pdf,,DA3119414,leeg.pdf,,DA3470467,leeg.pdf,,DA3285315,leeg.pdf,,DA3853927,leeg.pdf,,DA3180364,leeg.pdf,,DA3138844,leeg.pdf,,DA3233921,leeg.pdf,
DA3621128,leeg.pdf,,DA3316631,leeg.pdf,,DA3208036,leeg.pdf,,DA3629186,leeg.pdf,,DA3636642,leeg.pdf,,DA3378339,leeg.pdf,,DA3559711,leeg.pdf,,DA3653375,leeg.pdf,,DA3341550,leeg.pdf,,DA3497757,leeg.pdf,,DA3182454,leeg.pdf,,DA3577321,leeg.pdf,,DA3636913,leeg.pdf,,DA3083938,leeg.pdf,,DA3791165,leeg.pdf,
DA3669204,leeg.pdf,,DA3216869,leeg.pdf,,DA3108816,leeg.pdf,,DA3509553,leeg.pdf,,DA3890466,leeg.pdf,,DA3166057,leeg.pdf,,DA3130209,leeg.pdf,,DA3106419,leeg.pdf,,DA3146451,leeg.pdf,,DA3924350,leeg.pdf,,DA3152193,leeg.pdf,,DA3797222,leeg.pdf,,DA3850459,leeg.pdf,,DA3294272,leeg.pdf,,DA3121851,leeg.pdf,
DA3635857,leeg.pdf,,DA3833394,leeg.pdf,,DA3597057,leeg.pdf,,DA3631616,leeg.pdf,,DA3639122,leeg.pdf,,DA3978151,leeg.pdf,,DA3266046,leeg.pdf,,DA3998067,leeg.pdf,,DA3609596,leeg.pdf,,DA3966929,leeg.pdf,,DA3149715,leeg.pdf,,DA3273362,leeg.pdf,,DA3503733,leeg.pdf,,DA3355915,leeg.pdf,,DA3172421,leeg.pdf,
DA3269478,leeg.pdf,,DA3095041,leeg.pdf,,DA3617754,leeg.pdf,,DA3218422,leeg.pdf,,DA3136556,leeg.pdf,,DA3170234,leeg.pdf,,DA3722773,leeg.pdf,,DA3824985,leeg.pdf,,DA3566605,leeg.pdf,,DA3487579,leeg.pdf,,DA3134221,leeg.pdf,,DA3613694,leeg.pdf,,DA3385967,leeg.pdf,,DA3116711,leeg.pdf,,DA3347208,leeg.pdf,
DA3104943,leeg.pdf,,DA3602697,leeg.pdf,,DA3897488,leeg.pdf,,DA3216357,leeg.pdf,,DA3793945,leeg.pdf,,DA3170094,leeg.pdf,,DA3832103,leeg.pdf,,DA3198842,leeg.pdf,,DA3624432,leeg.pdf,,DA3038371,leeg.pdf,,DA3858163,leeg.pdf,,DA3218233,leeg.pdf,,DA3659152,leeg.pdf,,DA3400119,leeg.pdf,,DA3681605,leeg.pdf,
DA3197680,leeg.pdf,,DA3062123,leeg.pdf,,DA3075885,leeg.pdf,,DA3125309,leeg.pdf,,DA3242691,leeg.pdf,,DA3048161,leeg.pdf,,DA3872526,leeg.pdf,,DA3145047,leeg.pdf,,DA3056237,leeg.pdf,,DA3519146,leeg.pdf,,DA3947840,leeg.pdf,,DA3365029,leeg.pdf,,DA3557359,leeg.pdf,,DA3321406,leeg.pdf,,DA3641611,leeg.pdf,
DA3608225,leeg.pdf,,DA3517113,leeg.pdf,,DA3566806,leeg.pdf,,DA3413838,leeg.pdf,,DA3422178,leeg.pdf,,DA3531925,leeg.pdf,,DA3284357,leeg.pdf,,DA3897208,leeg.pdf,,DA3203623,leeg.pdf,,DA3348801,leeg.pdf,,DA3147209,leeg.pdf,,DA3323006,leeg.pdf,,DA3859924,leeg.pdf,,DA3169958,leeg.pdf,,DA3124336,leeg.pdf,
DA3527451,leeg.pdf,,DA3765833,leeg.pdf,,DA3276797,leeg.pdf,,DA3387879,leeg.pdf,,DA3310320,leeg.pdf,,DA3139294,leeg.pdf,,DA3228258,leeg.pdf,,DA3195432,leeg.pdf,,DA3301900,leeg.pdf,,DA3132488,leeg.pdf,,DA3935617,leeg.pdf,,DA3444373,leeg.pdf,,DA3304667,leeg.pdf,,DA3418231,leeg.pdf,,DA3779603,leeg.pdf,
DA3348181,leeg.pdf,,DA3246826,leeg.pdf,,DA3265981,leeg.pdf,,DA3268945,leeg.pdf,,DA3214989,leeg.pdf,,DA3736455,leeg.pdf,,DA3976045,leeg.pdf,,DA3760455,leeg.pdf,,DA3635816,leeg.pdf,,DA3429406,leeg.pdf,,DA3493529,leeg.pdf,,DA3904702,leeg.pdf,,DA3129648,leeg.pdf,,DA3196702,leeg.pdf,,DA3522760,leeg.pdf,
DA3209723,leeg.pdf,,DA3176314,leeg.pdf,,DA3338803,leeg.pdf,,DA3483919,leeg.pdf,,DA3700397,leeg.pdf,,DA3334970,leeg.pdf,,DA3510486,leeg.pdf,,DA3183244,leeg.pdf,,DA3177575,leeg.pdf,,DA3216297,leeg.pdf,,DA3819032,leeg.pdf,,DA3858920,leeg.pdf,,DA3858404,leeg.pdf,,DA3210132,leeg.pdf,,DA3129287,leeg.pdf,
DA3462178,leeg.pdf,,DA3882000,leeg.pdf,,DA3875703,leeg.pdf,,DA3086125,leeg.pdf,,DA3609973,leeg.pdf,,DA3868618,leeg.pdf,,DA3630586,leeg.pdf,,DA3183524,leeg.pdf,,DA3986424,leeg.pdf,,DA3678672,leeg.pdf,,DA3064770,leeg.pdf,,DA3084426,leeg.pdf,,DA3269053,leeg.pdf,,DA3916421,leeg.pdf,,DA3144731,leeg.pdf,
DA3285303,leeg.pdf,,DA3101578,leeg.pdf,,DA3348098,leeg.pdf,,DA3159685,leeg.pdf,,DA3437461,leeg.pdf,,DA3752232,leeg.pdf,,DA3503710,leeg.pdf,,DA3714326,leeg.pdf,,DA3399652,leeg.pdf,,DA3953470,leeg.pdf,,DA3345162,leeg.pdf,,DA3090007,leeg.pdf,,DA3689439,leeg.pdf,,DA3200115,leeg.pdf,,DA3692668,leeg.pdf,
DA3113879,leeg.pdf,,DA3160026,leeg.pdf,,DA3640365,leeg.pdf,,DA3430930,leeg.pdf,,DA3793321,leeg.pdf,,DA3715949,leeg.pdf,,DA3190727,leeg.pdf,,DA3338912,leeg.pdf,,DA3962226,leeg.pdf,,DA3094978,leeg.pdf,,DA3859467,leeg.pdf,,DA3503349,leeg.pdf,,DA3523156,leeg.pdf,,DA3756341,leeg.pdf,,DA3138152,leeg.pdf,
DA3362453,leeg.pdf,,DA3950321,leeg.pdf,,DA3973721,leeg.pdf,,DA3636699,leeg.pdf,,DA3351773,leeg.pdf,,DA3340157,leeg.pdf,,DA3844534,leeg.pdf,,DA3160711,leeg.pdf,,DA3078145,leeg.pdf,,DA3337787,leeg.pdf,,DA3162413,leeg.pdf,,DA3115660,leeg.pdf,,DA3218797,leeg.pdf,,DA3525333,leeg.pdf,,DA3312552,leeg.pdf,
DA3969508,leeg.pdf,,DA3888608,leeg.pdf,,DA3809236,leeg.pdf,,DA3099551,leeg.pdf,,DA3409089,leeg.pdf,,DA3384962,leeg.pdf,,DA3269526,leeg.pdf,,DA3604012,leeg.pdf,,DA3850290,leeg.pdf,,DA3947423,leeg.pdf,,DA3177859,leeg.pdf,,DA3455779,leeg.pdf,,DA3896352,leeg.pdf,,DA3401619,leeg.pdf,,DA3524405,leeg.pdf,
DA3133859,leeg.pdf,,DA3426898,leeg.pdf,,DA3686707,leeg.pdf,,DA3282351,leeg.pdf,,DA3089321,leeg.pdf,,DA3352198,leeg.pdf,,DA3767154,leeg.pdf,,DA3427612,leeg.pdf,,DA3244204,leeg.pdf,,DA3399769,leeg.pdf,,DA3105765,leeg.pdf,,DA3066596,leeg.pdf,,DA3168937,leeg.pdf,,DA3200892,leeg.pdf,,DA3190195,leeg.pdf,
DA3090932,leeg.pdf,,DA3353817,leeg.pdf,,DA3095865,leeg.pdf,,DA3084291,leeg.pdf,,DA3684056,leeg.pdf,,DA3239121,leeg.pdf,,DA3499818,leeg.pdf,,DA3209235,leeg.pdf,,DA3296165,leeg.pdf,,DA3490493,leeg.pdf,,DA3408893,leeg.pdf,,DA3996388,leeg.pdf,,DA3955381,leeg.pdf,,DA3140931,leeg.pdf,,DA3552823,leeg.pdf,
DA3177657,leeg.pdf,,DA3400349,leeg.pdf,,DA3567886,leeg.pdf,,DA3320314,leeg.pdf,,DA3515975,leeg.pdf,,DA3903129,leeg.pdf,,DA3836312,leeg.pdf,,DA3488058,leeg.pdf,,DA3146308,leeg.pdf,,DA3549833,leeg.pdf,,DA3189480,leeg.pdf,,DA3192004,leeg.pdf,,DA3235432,leeg.pdf,,DA3110024,leeg.pdf,,DA3166435,leeg.pdf,
DA3088827,leeg.pdf,,DA3488173,leeg.pdf,,DA3225244,leeg.pdf,,DA3491513,leeg.pdf,,DA3247659,leeg.pdf,,DA3147859,leeg.pdf,,DA3837754,leeg.pdf,,DA3197947,leeg.pdf,,DA3204179,leeg.pdf,,DA3081940,leeg.pdf,,DA3669404,leeg.pdf,,DA3271961,leeg.pdf,,DA3114533,leeg.pdf,,DA3124919,leeg.pdf,,DA3101495,leeg.pdf,
DA3425302,leeg.pdf,,DA3201862,leeg.pdf,,DA3495638,leeg.pdf,,DA3057421,leeg.pdf,,DA3746222,leeg.pdf,,DA3743067,leeg.pdf,,DA3863330,leeg.pdf,,DA3877451,leeg.pdf,,DA3429277,leeg.pdf,,DA3737132,leeg.pdf,,DA3120312,leeg.pdf,,DA3568818,leeg.pdf,,DA3098244,leeg.pdf,,DA3397392,leeg.pdf,,DA3080192,leeg.pdf,
DA3479202,leeg.pdf,,DA3417644,leeg.pdf,,DA3757192,leeg.pdf,,DA3169548,leeg.pdf,,DA3745876,leeg.pdf,,DA3793816,leeg.pdf,,DA3547697,leeg.pdf,,DA3531323,leeg.pdf,,DA3161497,leeg.pdf,,DA3142246,leeg.pdf,,DA3881204,leeg.pdf,,DA3330208,leeg.pdf,,DA3507203,leeg.pdf,,DA3398518,leeg.pdf,,DA3243943,leeg.pdf,
DA3229428,leeg.pdf,,DA3908583,leeg.pdf,,DA3684795,leeg.pdf,,DA3604547,leeg.pdf,,DA3671563,leeg.pdf,,DA3888651,leeg.pdf,,DA3274350,leeg.pdf,,DA3416047,leeg.pdf,,DA3128875,leeg.pdf,,DA3645754,leeg.pdf,,DA3301864,leeg.pdf,,DA3758197,leeg.pdf,,DA3723513,leeg.pdf,,DA3099558,leeg.pdf,,DA3592329,leeg.pdf,
DA3983226,leeg.pdf,,DA3334121,leeg.pdf,,DA3232330,leeg.pdf,,DA3461654,leeg.pdf,,DA3317292,leeg.pdf,,DA3403708,leeg.pdf,,DA3993748,leeg.pdf,,DA3256499,leeg.pdf,,DA3137415,leeg.pdf,,DA3299981,leeg.pdf,,DA3512774,leeg.pdf,,DA3083680,leeg.pdf,,DA3084015,leeg.pdf,,DA3774082,leeg.pdf,,DA3613970,leeg.pdf,
DA3630542,leeg.pdf,,DA3564159,leeg.pdf,,DA3762362,leeg.pdf,,DA3936566,leeg.pdf,,DA3682350,leeg.pdf,,DA3268295,leeg.pdf,,DA3612340,leeg.pdf,,DA3297447,leeg.pdf,,DA3721724,leeg.pdf,,DA3969100,leeg.pdf,,DA3204412,leeg.pdf,,DA3148217,leeg.pdf,,DA3982339,leeg.pdf,,DA3800023,leeg.pdf,,DA3366720,leeg.pdf,
DA3798967,leeg.pdf,,DA3126397,leeg.pdf,,DA3689353,leeg.pdf,,DA3049423,leeg.pdf,,DA3061072,leeg.pdf,,DA3783345,leeg.pdf,,DA3802154,leeg.pdf,,DA3745878,leeg.pdf,,DA3993783,leeg.pdf,,DA3621222,leeg.pdf,,DA3533232,leeg.pdf,,DA3980165,leeg.pdf,,DA3051581,leeg.pdf,,DA3435603,leeg.pdf,,DA3441649,leeg.pdf,
DA3037238,leeg.pdf,,DA3609272,leeg.pdf,,DA3450497,leeg.pdf,,DA3367268,leeg.pdf,,DA3052754,leeg.pdf,,DA3122222,leeg.pdf,,DA3433116,leeg.pdf,,DA3720587,leeg.pdf,,DA3700180,leeg.pdf,,DA3462752,leeg.pdf,,DA3173162,leeg.pdf,,DA3582658,leeg.pdf,,DA3500624,leeg.pdf,,DA3093521,leeg.pdf,,DA3810309,leeg.pdf,
DA3978012,leeg.pdf,,DA3247309,leeg.pdf,,DA3272418,leeg.pdf,,DA3158589,leeg.pdf,,DA3417433,leeg.pdf,,DA3147731,leeg.pdf,,DA3487060,leeg.pdf,,DA3633029,leeg.pdf,,DA3583594,leeg.pdf,,DA3440879,leeg.pdf,,DA3063312,leeg.pdf,,DA3663267,leeg.pdf,,DA3449728,leeg.pdf,,DA3953614,leeg.pdf,,DA3089937,leeg.pdf,
DA3990282,leeg.pdf,,DA3337951,leeg.pdf,,DA3240347,leeg.pdf,,DA3043026,leeg.pdf,,DA3251411,leeg.pdf,,DA3076328,leeg.pdf,,DA3945717,leeg.pdf,,DA3729949,leeg.pdf,,DA3320608,leeg.pdf,,DA3933236,leeg.pdf,,DA3299193,leeg.pdf,,DA3814937,leeg.pdf,,DA3916157,leeg.pdf,,DA3615762,leeg.pdf,,DA3297712,leeg.pdf,
DA3570817,leeg.pdf,,DA3179484,leeg.pdf,,DA3172014,leeg.pdf,,DA3130017,leeg.pdf,,DA3938024,leeg.pdf,,DA3913453,leeg.pdf,,DA3774573,leeg.pdf,,DA3951713,leeg.pdf,,DA3769533,leeg.pdf,,DA3752601,leeg.pdf,,DA3125134,leeg.pdf,,DA3248087,leeg.pdf,,DA3813672,leeg.pdf,,DA3395334,leeg.pdf,,DA3234957,leeg.pdf,
DA3590270,leeg.pdf,,DA3450649,leeg.pdf,,DA3927917,leeg.pdf,,DA3101035,leeg.pdf,,DA3391037,leeg.pdf,,DA3965400,leeg.pdf,,DA3917795,leeg.pdf,,DA3838602,leeg.pdf,,DA3369032,leeg.pdf,,DA3905076,leeg.pdf,,DA3090605,leeg.pdf,,DA3310227,leeg.pdf,,DA3396022,leeg.pdf,,DA3055509,leeg.pdf,,DA3537773,leeg.pdf,
DA3115963,leeg.pdf,,DA3400177,leeg.pdf,,DA3276494,leeg.pdf,,DA3291257,leeg.pdf,,DA3423697,leeg.pdf,,DA3895990,leeg.pdf,,DA3459857,leeg.pdf,,DA3219310,leeg.pdf,,DA3082065,leeg.pdf,,DA3248586,leeg.pdf,,DA3908824,leeg.pdf,,DA3159366,leeg.pdf,,DA3640936,leeg.pdf,,DA3956517,leeg.pdf,,DA3672647,leeg.pdf,
DA3551758,leeg.pdf,,DA3648740,leeg.pdf,,DA3684063,leeg.pdf,,DA3507809,leeg.pdf,,DA3947101,leeg.pdf,,DA3393763,leeg.pdf,,DA3192829,leeg.pdf,,DA3836125,leeg.pdf,,DA3184149,leeg.pdf,,DA3173263,leeg.pdf,,DA3709716,leeg.pdf,,DA3330710,leeg.pdf,,DA3501847,leeg.pdf,,DA3581113,leeg.pdf,,DA3237347,leeg.pdf,
DA3857296,leeg.pdf,,DA3073445,leeg.pdf,,DA3442308,leeg.pdf,,DA3233635,leeg.pdf,,DA3191040,leeg.pdf,,DA3139958,leeg.pdf,,DA3473752,leeg.pdf,,DA3317149,leeg.pdf,,DA3835298,leeg.pdf,,DA3041404,leeg.pdf,,DA3075518,leeg.pdf,,DA3442905,leeg.pdf,,DA3699493,leeg.pdf,,DA3669558,leeg.pdf,,DA3135508,leeg.pdf,
DA3629676,leeg.pdf,,DA3146804,leeg.pdf,,DA3623021,leeg.pdf,,DA3420321,leeg.pdf,,DA3995597,leeg.pdf,,DA3188850,leeg.pdf,,DA3728035,leeg.pdf,,DA3173124,leeg.pdf,,DA3451923,leeg.pdf,,DA3386217,leeg.pdf,,DA3413101,leeg.pdf,,DA3549738,leeg.pdf,,DA3699216,leeg.pdf,,DA3588964,leeg.pdf,,DA3098716,leeg.pdf,
DA3135484,leeg.pdf,,DA3142751,leeg.pdf,,DA3882571,leeg.pdf,,DA3737820,leeg.pdf,,DA3835740,leeg.pdf,,DA3812892,leeg.pdf,,DA3690783,leeg.pdf,,DA3749389,leeg.pdf,,DA3230346,leeg.pdf,,DA3568586,leeg.pdf,,DA3933922,leeg.pdf,,DA3653146,leeg.pdf,,DA3900612,leeg.pdf,,DA3842731,leeg.pdf,,DA3097227,leeg.pdf,
DA3870344,leeg.pdf,,DA3368584,leeg.pdf,,DA3369730,leeg.pdf,,DA3099126,leeg.pdf,,DA3144526,leeg.pdf,,DA3118715,leeg.pdf,,DA3460963,leeg.pdf,,DA3045291,leeg.pdf,,DA3096094,leeg.pdf,,DA3213475,leeg.pdf,,DA3095782,leeg.pdf,,DA3261639,leeg.pdf,,DA3483268,leeg.pdf,,DA3351206,leeg.pdf,,DA3064031,leeg.pdf,
DA3148779,leeg.pdf,,DA3451686,leeg.pdf,,DA3370698,leeg.pdf,,DA3960162,leeg.pdf,,DA3031164,leeg.pdf,,DA3425113,leeg.pdf,,DA3489374,leeg.pdf,,DA3086282,leeg.pdf,,DA3105579,leeg.pdf,,DA3336104,leeg.pdf,,DA3457896,leeg.pdf,,DA3580601,leeg.pdf,,DA3884682,leeg.pdf,,DA3113121,leeg.pdf,,DA3344990,leeg.pdf,
DA3467162,leeg.pdf,,DA3077695,leeg.pdf,,DA3390878,leeg.pdf,,DA3190436,leeg.pdf,,DA3239526,leeg.pdf,,DA3708549,leeg.pdf,,DA3041899,leeg.pdf,,DA3859688,leeg.pdf,,DA3919751,leeg.pdf,,DA3660140,leeg.pdf,,DA3245889,leeg.pdf,,DA3176389,leeg.pdf,,DA3203956,leeg.pdf,,DA3588985,leeg.pdf,,DA3345264,leeg.pdf,
DA3804897,leeg.pdf,,DA3334249,leeg.pdf,,DA3294225,leeg.pdf,,DA3752071,leeg.pdf,,DA3054091,leeg.pdf,,DA3191413,leeg.pdf,,DA3310072,leeg.pdf,,DA3236925,leeg.pdf,,DA3795461,leeg.pdf,,DA3589483,leeg.pdf,,DA3253856,leeg.pdf,,DA3489838,leeg.pdf,,DA3212154,leeg.pdf,,DA3969343,leeg.pdf,,DA3471585,leeg.pdf,
DA3591457,leeg.pdf,,DA3186353,leeg.pdf,,DA3628891,leeg.pdf,,DA3079023,leeg.pdf,,DA3731839,leeg.pdf,,DA3599130,leeg.pdf,,DA3413893,leeg.pdf,,DA3602713,leeg.pdf,,DA3489527,leeg.pdf,,DA3172555,leeg.pdf,,DA3377340,leeg.pdf,,DA3888956,leeg.pdf,,DA3273804,leeg.pdf,,DA3460868,leeg.pdf,,DA3980810,leeg.pdf,
DA3091256,leeg.pdf,,DA3255233,leeg.pdf,,DA3634557,leeg.pdf,,DA3316135,leeg.pdf,,DA3086430,leeg.pdf,,DA3074095,leeg.pdf,,DA3342447,leeg.pdf,,DA3794440,leeg.pdf,,DA3378063,leeg.pdf,,DA3801963,leeg.pdf,,DA3041473,leeg.pdf,,DA3184048,leeg.pdf,,DA3209560,leeg.pdf,,DA3464821,leeg.pdf,,DA3149291,leeg.pdf,
DA3104446,leeg.pdf,,DA3758198,leeg.pdf,,DA3999079,leeg.pdf,,DA3381824,leeg.pdf,,DA3280305,leeg.pdf,,DA3042928,leeg.pdf,,DA3952442,leeg.pdf,,DA3734058,leeg.pdf,,DA3199262,leeg.pdf,,DA3258776,leeg.pdf,,DA3173940,leeg.pdf,,DA3772424,leeg.pdf,,DA3755245,leeg.pdf,,DA3388165,leeg.pdf,,DA3151693,leeg.pdf,
DA3672366,leeg.pdf,,DA3637088,leeg.pdf,,DA3766006,leeg.pdf,,DA3292692,leeg.pdf,,DA3991159,leeg.pdf,,DA3257109,leeg.pdf,,DA3108681,leeg.pdf,,DA3108060,leeg.pdf,,DA3388103,leeg.pdf,,DA3393715,leeg.pdf,,DA3442531,leeg.pdf,,DA3459841,leeg.pdf,,DA3613674,leeg.pdf,,DA3363346,leeg.pdf,,DA3153640,leeg.pdf,
DA3244644,leeg.pdf,,DA3119306,leeg.pdf,,DA3901453,leeg.pdf,,DA3251013,leeg.pdf,,DA3891825,leeg.pdf,,DA3099125,leeg.pdf,,DA3787285,leeg.pdf,,DA3056319,leeg.pdf,,DA3263106,leeg.pdf,,DA3628885,leeg.pdf,,DA3723308,leeg.pdf,,DA3278661,leeg.pdf,,DA3185176,leeg.pdf,,DA3435927,leeg.pdf,,DA3854038,leeg.pdf,
DA3927383,leeg.pdf,,DA3100608,leeg.pdf,,DA3270097,leeg.pdf,,DA3280585,leeg.pdf,,DA3288080,leeg.pdf,,DA3168295,leeg.pdf,,DA3501672,leeg.pdf,,DA3612614,leeg.pdf,,DA3749702,leeg.pdf,,DA3894499,leeg.pdf,,DA3486969,leeg.pdf,,DA3529031,leeg.pdf,,DA3239017,leeg.pdf,,DA3402607,leeg.pdf,,DA3772257,leeg.pdf,
DA3635595,leeg.pdf,,DA3716114,leeg.pdf,,DA3311388,leeg.pdf,,DA3334698,leeg.pdf,,DA3590982,leeg.pdf,,DA3055437,leeg.pdf,,DA3476345,leeg.pdf,,DA3905575,leeg.pdf,,DA3114833,leeg.pdf,,DA3432510,leeg.pdf,,DA3625563,leeg.pdf,,DA3852711,leeg.pdf,,DA3895902,leeg.pdf,,DA3146080,leeg.pdf,,DA3959241,leeg.pdf,
DA3792408,leeg.pdf,,DA3233511,leeg.pdf,,DA3232541,leeg.pdf,,DA3305324,leeg.pdf,,DA3772921,leeg.pdf,,DA3767096,leeg.pdf,,DA3570675,leeg.pdf,,DA3573768,leeg.pdf,,DA3704716,leeg.pdf,,DA3331106,leeg.pdf,,DA3895699,leeg.pdf,,DA3274921,leeg.pdf,,DA3122789,leeg.pdf,,DA3657391,leeg.pdf,,DA3162344,leeg.pdf,
DA3435435,leeg.pdf,,DA3985166,leeg.pdf,,DA3810241,leeg.pdf,,DA3457205,leeg.pdf,,DA3319295,leeg.pdf,,DA3093757,leeg.pdf,,DA3855653,leeg.pdf,,DA3709919,leeg.pdf,,DA3833008,leeg.pdf,,DA3426652,leeg.pdf,,DA3256524,leeg.pdf,,DA3756833,leeg.pdf,,DA3184235,leeg.pdf,,DA3629172,leeg.pdf,,DA3157360,leeg.pdf,
DA3109465,leeg.pdf,,DA3250612,leeg.pdf,,DA3523762,leeg.pdf,,DA3277357,leeg.pdf,,DA3054446,leeg.pdf,,DA3187003,leeg.pdf,,DA3554276,leeg.pdf,,DA3345036,leeg.pdf,,DA3558490,leeg.pdf,,DA3460881,leeg.pdf,,DA3061087,leeg.pdf,,DA3063846,leeg.pdf,,DA3069398,leeg.pdf,,DA3398343,leeg.pdf,,DA3040232,leeg.pdf,
DA3986340,leeg.pdf,,DA3300172,leeg.pdf,,DA3097961,leeg.pdf,,DA3249602,leeg.pdf,,DA3679331,leeg.pdf,,DA3554150,leeg.pdf,,DA3581124,leeg.pdf,,DA3406914,leeg.pdf,,DA3249234,leeg.pdf,,DA3123253,leeg.pdf,,DA3236104,leeg.pdf,,DA3201697,leeg.pdf,,DA3283811,leeg.pdf,,DA3095023,leeg.pdf,,DA3985342,leeg.pdf,
DA3809128,leeg.pdf,,DA3861625,leeg.pdf,,DA3882786,leeg.pdf,,DA3081058,leeg.pdf,,DA3661136,leeg.pdf,,DA3844923,leeg.pdf,,DA3206236,leeg.pdf,,DA3690245,leeg.pdf,,DA3216251,leeg.pdf,,DA3256077,leeg.pdf,,DA3528871,leeg.pdf,,DA3458984,leeg.pdf,,DA3573322,leeg.pdf,,DA3280429,leeg.pdf,,DA3772202,leeg.pdf,
DA3133654,leeg.pdf,,DA3554687,leeg.pdf,,DA3494408,leeg.pdf,,DA3825135,leeg.pdf,,DA3818161,leeg.pdf,,DA3743989,leeg.pdf,,DA3305378,leeg.pdf,,DA3435034,leeg.pdf,,DA3867713,leeg.pdf,,DA3838216,leeg.pdf,,DA3369262,leeg.pdf,,DA3393966,leeg.pdf,,DA3461479,leeg.pdf,,DA3161963,leeg.pdf,,DA3150232,leeg.pdf,
DA3306332,leeg.pdf,,DA3818759,leeg.pdf,,DA3060540,leeg.pdf,,DA3977895,leeg.pdf,,DA3044473,leeg.pdf,,DA3059327,leeg.pdf,,DA3186051,leeg.pdf,,DA3549549,leeg.pdf,,DA3103263,leeg.pdf,,DA3707938,leeg.pdf,,DA3891633,leeg.pdf,,DA3301354,leeg.pdf,,DA3449993,leeg.pdf,,DA3793139,leeg.pdf,,DA3751448,leeg.pdf,
DA3915626,leeg.pdf,,DA3318417,leeg.pdf,,DA3695111,leeg.pdf,,DA3183184,leeg.pdf,,DA3933949,leeg.pdf,,DA3412970,leeg.pdf,,DA3151796,leeg.pdf,,DA3849690,leeg.pdf,,DA3203682,leeg.pdf,,DA3939462,leeg.pdf,,DA3094000,leeg.pdf,,DA3182989,leeg.pdf,,DA3404192,leeg.pdf,,DA3317631,leeg.pdf,,DA3503878,leeg.pdf,
DA3329505,leeg.pdf,,DA3982299,leeg.pdf,,DA3115908,leeg.pdf,,DA3835291,leeg.pdf,,DA3092553,leeg.pdf,,DA3209545,leeg.pdf,,DA3821553,leeg.pdf,,DA3538446,leeg.pdf,,DA3347079,leeg.pdf,,DA3147976,leeg.pdf,,DA3491091,leeg.pdf,,DA3749010,leeg.pdf,,DA3272469,leeg.pdf,,DA3476176,leeg.pdf,,DA3331841,leeg.pdf,
DA3098520,leeg.pdf,,DA3607192,leeg.pdf,,DA3072606,leeg.pdf,,DA3351087,leeg.pdf,,DA3263122,leeg.pdf,,DA3708144,leeg.pdf,,DA3871619,leeg.pdf,,DA3255976,leeg.pdf,,DA3708024,leeg.pdf,,DA3913821,leeg.pdf,,DA3607896,leeg.pdf,,DA3518235,leeg.pdf,,DA3354589,leeg.pdf,,DA3532485,leeg.pdf,,DA3921078,leeg.pdf,
DA3770203,leeg.pdf,,DA3419411,leeg.pdf,,DA3329595,leeg.pdf,,DA3843206,leeg.pdf,,DA3151972,leeg.pdf,,DA3766720,leeg.pdf,,DA3618127,leeg.pdf,,DA3385278,leeg.pdf,,DA3392931,leeg.pdf,,DA3396100,leeg.pdf,,DA3282104,leeg.pdf,,DA3897983,leeg.pdf,,DA3408643,leeg.pdf,,DA3375541,leeg.pdf,,DA3672164,leeg.pdf,
DA3970913,leeg.pdf,,DA3482745,leeg.pdf,,DA3680498,leeg.pdf,,DA3231558,leeg.pdf,,DA3601777,leeg.pdf,,DA3907604,leeg.pdf,,DA3246784,leeg.pdf,,DA3929681,leeg.pdf,,DA3812124,leeg.pdf,,DA3147701,leeg.pdf,,DA3721319,leeg.pdf,,DA3581705,leeg.pdf,,DA3458077,leeg.pdf,,DA3137273,leeg.pdf,,DA3113080,leeg.pdf,
DA3433961,leeg.pdf,,DA3194520,leeg.pdf,,DA3091579,leeg.pdf,,DA3086571,leeg.pdf,,DA3495274,leeg.pdf,,DA3392230,leeg.pdf,,DA3612897,leeg.pdf,,DA3462636,leeg.pdf,,DA3533200,leeg.pdf,,DA3329772,leeg.pdf,,DA3659622,leeg.pdf,,DA3551218,leeg.pdf,,DA3271531,leeg.pdf,,DA3305251,leeg.pdf,,DA3641586,leeg.pdf,
DA3580067,leeg.pdf,,DA3172997,leeg.pdf,,DA3387609,leeg.pdf,,DA3813738,leeg.pdf,,DA3691628,leeg.pdf,,DA3359802,leeg.pdf,,DA3280595,leeg.pdf,,DA3912052,leeg.pdf,,DA3802052,leeg.pdf,,DA3280945,leeg.pdf,,DA3430792,leeg.pdf,,DA3432386,leeg.pdf,,DA3041268,leeg.pdf,,DA3375923,leeg.pdf,,DA3723951,leeg.pdf,
DA3942685,leeg.pdf,,DA3257030,leeg.pdf,,DA3314876,leeg.pdf,,DA3112083,leeg.pdf,,DA3253596,leeg.pdf,,DA3064898,leeg.pdf,,DA3705163,leeg.pdf,,DA3217820,leeg.pdf,,DA3424961,leeg.pdf,,DA3477160,leeg.pdf,,DA3727875,leeg.pdf,,DA3621395,leeg.pdf,,DA3866443,leeg.pdf,,DA3739830,leeg.pdf,,DA3304945,leeg.pdf,
DA3411644,leeg.pdf,,DA3472631,leeg.pdf,,DA3189718,leeg.pdf,,DA3223659,leeg.pdf,,DA3812912,leeg.pdf,,DA3843280,leeg.pdf,,DA3259808,leeg.pdf,,DA3392302,leeg.pdf,,DA3447009,leeg.pdf,,DA3176415,leeg.pdf,,DA3810928,leeg.pdf,,DA3077447,leeg.pdf,,DA3300944,leeg.pdf,,DA3875364,leeg.pdf,,DA3352594,leeg.pdf,
DA3110540,leeg.pdf,,DA3470000,leeg.pdf,,DA3345352,leeg.pdf,,DA3994925,leeg.pdf,,DA3287132,leeg.pdf,,DA3883969,leeg.pdf,,DA3699534,leeg.pdf,,DA3190666,leeg.pdf,,DA3283329,leeg.pdf,,DA3460182,leeg.pdf,,DA3717951,leeg.pdf,,DA3139963,leeg.pdf,,DA3356221,leeg.pdf,,DA3123474,leeg.pdf,,DA3128699,leeg.pdf,
DA3455383,leeg.pdf,,DA3969280,leeg.pdf,,DA3130235,leeg.pdf,,DA3645309,leeg.pdf,,DA3297821,leeg.pdf,,DA3537418,leeg.pdf,,DA3477852,leeg.pdf,,DA3294083,leeg.pdf,,DA3914519,leeg.pdf,,DA3717846,leeg.pdf,,DA3442376,leeg.pdf,,DA3376285,leeg.pdf,,DA3515001,leeg.pdf,,DA3281537,leeg.pdf,,DA3056455,leeg.pdf,
DA3741712,leeg.pdf,,DA3064796,leeg.pdf,,DA3027498,leeg.pdf,,DA3320858,leeg.pdf,,DA3180697,leeg.pdf,,DA3114155,leeg.pdf,,DA3836353,leeg.pdf,,DA3912936,leeg.pdf,,DA3472236,leeg.pdf,,DA3581321,leeg.pdf,,DA3936742,leeg.pdf,,DA3230629,leeg.pdf,,DA3272940,leeg.pdf,,DA3692423,leeg.pdf,,DA3269873,leeg.pdf,
DA3875280,leeg.pdf,,DA3182539,leeg.pdf,,DA3080028,leeg.pdf,,DA3916517,leeg.pdf,,DA3130424,leeg.pdf,,DA3290970,leeg.pdf,,DA3757295,leeg.pdf,,DA3124298,leeg.pdf,,DA3292163,leeg.pdf,,DA3283898,leeg.pdf,,DA3984867,leeg.pdf,,DA3193003,leeg.pdf,,DA3411683,leeg.pdf,,DA3107340,leeg.pdf,,DA3257396,leeg.pdf,
DA3622855,leeg.pdf,,DA3283674,leeg.pdf,,DA3542043,leeg.pdf,,DA3250808,leeg.pdf,,DA3164273,leeg.pdf,,DA3922658,leeg.pdf,,DA3074793,leeg.pdf,,DA3420673,leeg.pdf,,DA3297876,leeg.pdf,,DA3296813,leeg.pdf,,DA3694100,leeg.pdf,,DA3141935,leeg.pdf,,DA3237718,leeg.pdf,,DA3455426,leeg.pdf,,DA3189956,leeg.pdf,
DA3075773,leeg.pdf,,DA3310654,leeg.pdf,,DA3197910,leeg.pdf,,DA3569089,leeg.pdf,,DA3487251,leeg.pdf,,DA3386262,leeg.pdf,,DA3679442,leeg.pdf,,DA3892523,leeg.pdf,,DA3394186,leeg.pdf,,DA3243894,leeg.pdf,,DA3842590,leeg.pdf,,DA3609236,leeg.pdf,,DA3568724,leeg.pdf,,DA3218639,leeg.pdf,,DA3185525,leeg.pdf,
DA3865288,leeg.pdf,,DA3847199,leeg.pdf,,DA3122764,leeg.pdf,,DA3198843,leeg.pdf,,DA3134120,leeg.pdf,,DA3506634,leeg.pdf,,DA3434366,leeg.pdf,,DA3266660,leeg.pdf,,DA3590153,leeg.pdf,,DA3054689,leeg.pdf,,DA3590732,leeg.pdf,,DA3217749,leeg.pdf,,DA3714905,leeg.pdf,,DA3199224,leeg.pdf,,DA3146525,leeg.pdf,
DA3773350,leeg.pdf,,DA3506173,leeg.pdf,,DA3811207,leeg.pdf,,DA3290394,leeg.pdf,,DA3965659,leeg.pdf,,DA3056703,leeg.pdf,,DA3147289,leeg.pdf,,DA3664414,leeg.pdf,,DA3093091,leeg.pdf,,DA3798312,leeg.pdf,,DA3769757,leeg.pdf,,DA3122097,leeg.pdf,,DA3997131,leeg.pdf,,DA3496453,leeg.pdf,,DA3257802,leeg.pdf,
DA3202918,leeg.pdf,,DA3681510,leeg.pdf,,DA3058984,leeg.pdf,,DA3062473,leeg.pdf,,DA3540070,leeg.pdf,,DA3051897,leeg.pdf,,DA3633758,leeg.pdf,,DA3794003,leeg.pdf,,DA3063851,leeg.pdf,,DA3228195,leeg.pdf,,DA3280866,leeg.pdf,,DA3769953,leeg.pdf,,DA3320931,leeg.pdf,,DA3071975,leeg.pdf,,DA3318113,leeg.pdf,
DA3374093,leeg.pdf,,DA3199699,leeg.pdf,,DA3323927,leeg.pdf,,DA3559738,leeg.pdf,,DA3869385,leeg.pdf,,DA3053886,leeg.pdf,,DA3344376,leeg.pdf,,DA3461674,leeg.pdf,,DA3755591,leeg.pdf,,DA3305681,leeg.pdf,,DA3669867,leeg.pdf,,DA3789893,leeg.pdf,,DA3936822,leeg.pdf,,DA3594983,leeg.pdf,,DA3325815,leeg.pdf,
DA3950658,leeg.pdf,,DA3327453,leeg.pdf,,DA3473170,leeg.pdf,,DA3216151,leeg.pdf,,DA3242828,leeg.pdf,,DA3655009,leeg.pdf,,DA3770726,leeg.pdf,,DA3971645,leeg.pdf,,DA3474689,leeg.pdf,,DA3150262,leeg.pdf,,DA3155268,leeg.pdf,,DA3478606,leeg.pdf,,DA3524671,leeg.pdf,,DA3865767,leeg.pdf,,DA3056431,leeg.pdf,
DA3961507,leeg.pdf,,DA3883404,leeg.pdf,,DA3360062,leeg.pdf,,DA3191673,leeg.pdf,,DA3347904,leeg.pdf,,DA3235173,leeg.pdf,,DA3458750,leeg.pdf,,DA3966560,leeg.pdf,,DA3315816,leeg.pdf,,DA3674854,leeg.pdf,,DA3249647,leeg.pdf,,DA3378106,leeg.pdf,,DA3163039,leeg.pdf,,DA3488072,leeg.pdf,,DA3097410,leeg.pdf,
DA3430913,leeg.pdf,,DA3117561,leeg.pdf,,DA3827639,leeg.pdf,,DA3043414,leeg.pdf,,DA3482015,leeg.pdf,,DA3645677,leeg.pdf,,DA3086884,leeg.pdf,,DA3770060,leeg.pdf,,DA3857293,leeg.pdf,,DA3316881,leeg.pdf,,DA3908119,leeg.pdf,,DA3852547,leeg.pdf,,DA3837052,leeg.pdf,,DA3633705,leeg.pdf,,DA3301412,leeg.pdf,
DA3868476,leeg.pdf,,DA3942806,leeg.pdf,,DA3261986,leeg.pdf,,DA3173681,leeg.pdf,,DA3509074,leeg.pdf,,DA3897951,leeg.pdf,,DA3838635,leeg.pdf,,DA3274685,leeg.pdf,,DA3323723,leeg.pdf,,DA3701230,leeg.pdf,,DA3625606,leeg.pdf,,DA3898642,leeg.pdf,,DA3416211,leeg.pdf,,DA3396133,leeg.pdf,,DA3921232,leeg.pdf,
DA3376040,leeg.pdf,,DA3168586,leeg.pdf,,DA3199974,leeg.pdf,,DA3148390,leeg.pdf,,DA3496304,leeg.pdf,,DA3872822,leeg.pdf,,DA3122755,leeg.pdf,,DA3844477,leeg.pdf,,DA3157649,leeg.pdf,,DA3176955,leeg.pdf,,DA3828121,leeg.pdf,,DA3268978,leeg.pdf,,DA3903916,leeg.pdf,,DA3886049,leeg.pdf,,DA3263535,leeg.pdf,
DA3489091,leeg.pdf,,DA3600286,leeg.pdf,,DA3576798,leeg.pdf,,DA3255195,leeg.pdf,,DA3360144,leeg.pdf,,DA3176091,leeg.pdf,,DA3535310,leeg.pdf,,DA3727460,leeg.pdf,,DA3393300,leeg.pdf,,DA3143615,leeg.pdf,,DA3854101,leeg.pdf,,DA3318008,leeg.pdf,,DA3427281,leeg.pdf,,DA3313072,leeg.pdf,,DA3692554,leeg.pdf,
DA3331126,leeg.pdf,,DA3981048,leeg.pdf,,DA3675758,leeg.pdf,,DA3706407,leeg.pdf,,DA3611959,leeg.pdf,,DA3764562,leeg.pdf,,DA3167867,leeg.pdf,,DA3586516,leeg.pdf,,DA3937143,leeg.pdf,,DA3674704,leeg.pdf,,DA3921413,leeg.pdf,,DA3906443,leeg.pdf,,DA3097323,leeg.pdf,,DA3302332,leeg.pdf,,DA3077881,leeg.pdf,
DA3098699,leeg.pdf,,DA3245719,leeg.pdf,,DA3150524,leeg.pdf,,DA3362047,leeg.pdf,,DA3066885,leeg.pdf,,DA3337478,leeg.pdf,,DA3668612,leeg.pdf,,DA3192241,leeg.pdf,,DA3448022,leeg.pdf,,DA3943100,leeg.pdf,,DA3088129,leeg.pdf,,DA3949901,leeg.pdf,,DA3393100,leeg.pdf,,DA3148617,leeg.pdf,,DA3123484,leeg.pdf,
DA3862859,leeg.pdf,,DA3151292,leeg.pdf,,DA3448107,leeg.pdf,,DA3478122,leeg.pdf,,DA3056569,leeg.pdf,,DA3547019,leeg.pdf,,DA3472372,leeg.pdf,,DA3432077,leeg.pdf,,DA3417719,leeg.pdf,,DA3345311,leeg.pdf,,DA3659436,leeg.pdf,,DA3417065,leeg.pdf,,DA3316823,leeg.pdf,,DA3712826,leeg.pdf,,DA3413656,leeg.pdf,
DA3987395,leeg.pdf,,DA3945813,leeg.pdf,,DA3899115,leeg.pdf,,DA3130700,leeg.pdf,,DA3581423,leeg.pdf,,DA3332131,leeg.pdf,,DA3054688,leeg.pdf,,DA3406362,leeg.pdf,,DA3289452,leeg.pdf,,DA3645864,leeg.pdf,,DA3276150,leeg.pdf,,DA3363087,leeg.pdf,,DA3837725,leeg.pdf,,DA3220349,leeg.pdf,,DA3703788,leeg.pdf,
DA3140118,leeg.pdf,,DA3059156,leeg.pdf,,DA3717805,leeg.pdf,,DA3183204,leeg.pdf,,DA3037174,leeg.pdf,,DA3362520,leeg.pdf,,DA3447624,leeg.pdf,,DA3446190,leeg.pdf,,DA3128205,leeg.pdf,,DA3430650,leeg.pdf,,DA3165137,leeg.pdf,,DA3685499,leeg.pdf,,DA3493314,leeg.pdf,,DA3942089,leeg.pdf,,DA3174541,leeg.pdf,
DA3209403,leeg.pdf,,DA3668415,leeg.pdf,,DA3462968,leeg.pdf,,DA3551039,leeg.pdf,,DA3483439,leeg.pdf,,DA3046678,leeg.pdf,,DA3142532,leeg.pdf,,DA3508671,leeg.pdf,,DA3428889,leeg.pdf,,DA3869526,leeg.pdf,,DA3167475,leeg.pdf,,DA3916266,leeg.pdf,,DA3594379,leeg.pdf,,DA3350754,leeg.pdf,,DA3703008,leeg.pdf,
DA3926074,leeg.pdf,,DA3398572,leeg.pdf,,DA3845428,leeg.pdf,,DA3506925,leeg.pdf,,DA3054237,leeg.pdf,,DA3573720,leeg.pdf,,DA3847296,leeg.pdf,,DA3691745,leeg.pdf,,DA3342803,leeg.pdf,,DA3465471,leeg.pdf,,DA3145738,leeg.pdf,,DA3040370,leeg.pdf,,DA3599380,leeg.pdf,,DA3195059,leeg.pdf,,DA3127214,leeg.pdf,
DA3055492,leeg.pdf,,DA3940106,leeg.pdf,,DA3166067,leeg.pdf,,DA3871324,leeg.pdf,,DA3579831,leeg.pdf,,DA3394780,leeg.pdf,,DA3238857,leeg.pdf,,DA3516355,leeg.pdf,,DA3831510,leeg.pdf,,DA3599719,leeg.pdf,,DA3814794,leeg.pdf,,DA3240154,leeg.pdf,,DA3089906,leeg.pdf,,DA3171830,leeg.pdf,,DA3120853,leeg.pdf,
DA3857371,leeg.pdf,,DA3218561,leeg.pdf,,DA3627039,leeg.pdf,,DA3075163,leeg.pdf,,DA3983201,leeg.pdf,,DA3578475,leeg.pdf,,DA3599743,leeg.pdf,,DA3353720,leeg.pdf,,DA3375732,leeg.pdf,,DA3180324,leeg.pdf,,DA3278886,leeg.pdf,,DA3375177,leeg.pdf,,DA3340180,leeg.pdf,,DA3942138,leeg.pdf,,DA3662397,leeg.pdf,
DA3224326,leeg.pdf,,DA3884884,leeg.pdf,,DA3163307,leeg.pdf,,DA3081973,leeg.pdf,,DA3053454,leeg.pdf,,DA3741820,leeg.pdf,,DA3230320,leeg.pdf,,DA3158539,leeg.pdf,,DA3685862,leeg.pdf,,DA3161902,leeg.pdf,,DA3772608,leeg.pdf,,DA3618601,leeg.pdf,,DA3218738,leeg.pdf,,DA3510990,leeg.pdf,,DA3900696,leeg.pdf,
DA3757589,leeg.pdf,,DA3723510,leeg.pdf,,DA3394008,leeg.pdf,,DA3466513,leeg.pdf,,DA3664526,leeg.pdf,,DA3685433,leeg.pdf,,DA3981201,leeg.pdf,,DA3598782,leeg.pdf,,DA3519500,leeg.pdf,,DA3707994,leeg.pdf,,DA3093739,leeg.pdf,,DA3686438,leeg.pdf,,DA3413638,leeg.pdf,,DA3283845,leeg.pdf,,DA3395092,leeg.pdf,
DA3672693,leeg.pdf,,DA3151007,leeg.pdf,,DA3740691,leeg.pdf,,DA3418558,leeg.pdf,,DA3296276,leeg.pdf,,DA3516935,leeg.pdf,,DA3770812,leeg.pdf,,DA3692223,leeg.pdf,,DA3471136,leeg.pdf,,DA3165542,leeg.pdf,,DA3522670,leeg.pdf,,DA3202733,leeg.pdf,,DA3525474,leeg.pdf,,DA3235125,leeg.pdf,,DA3426083,leeg.pdf,
DA3131534,leeg.pdf,,DA3400901,leeg.pdf,,DA3124695,leeg.pdf,,DA3373913,leeg.pdf,,DA3338177,leeg.pdf,,DA3524872,leeg.pdf,,DA3862778,leeg.pdf,,DA3646206,leeg.pdf,,DA3839240,leeg.pdf,,DA3562471,leeg.pdf,,DA3600373,leeg.pdf,,DA3390427,leeg.pdf,,DA3119657,leeg.pdf,,DA3072673,leeg.pdf,,DA3528748,leeg.pdf,
DA3776542,leeg.pdf,,DA3621558,leeg.pdf,,DA3959335,leeg.pdf,,DA3779991,leeg.pdf,,DA3244228,leeg.pdf,,DA3968559,leeg.pdf,,DA3884157,leeg.pdf,,DA3322271,leeg.pdf,,DA3202087,leeg.pdf,,DA3489881,leeg.pdf,,DA3475232,leeg.pdf,,DA3712495,leeg.pdf,,DA3753495,leeg.pdf,,DA3403346,leeg.pdf,,DA3540397,leeg.pdf,
DA3239086,leeg.pdf,,DA3741301,leeg.pdf,,DA3754513,leeg.pdf,,DA3986289,leeg.pdf,,DA3410263,leeg.pdf,,DA3085673,leeg.pdf,,DA3593767,leeg.pdf,,DA3071695,leeg.pdf,,DA3600246,leeg.pdf,,DA3600719,leeg.pdf,,DA3745440,leeg.pdf,,DA3109550,leeg.pdf,,DA3999679,leeg.pdf,,DA3497067,leeg.pdf,,DA3978978,leeg.pdf,
DA3591195,leeg.pdf,,DA3951746,leeg.pdf,,DA3147122,leeg.pdf,,DA3094222,leeg.pdf,,DA3635441,leeg.pdf,,DA3462115,leeg.pdf,,DA3840362,leeg.pdf,,DA3327248,leeg.pdf,,DA3434309,leeg.pdf,,DA3116008,leeg.pdf,,DA3210844,leeg.pdf,,DA3594886,leeg.pdf,,DA3530893,leeg.pdf,,DA3197835,leeg.pdf,,DA3718809,leeg.pdf,
DA3673766,leeg.pdf,,DA3884000,leeg.pdf,,DA3511129,leeg.pdf,,DA3347316,leeg.pdf,,DA3260355,leeg.pdf,,DA3687672,leeg.pdf,,DA3206330,leeg.pdf,,DA3077249,leeg.pdf,,DA3880529,leeg.pdf,,DA3225858,leeg.pdf,,DA3797718,leeg.pdf,,DA3324179,leeg.pdf,,DA3169799,leeg.pdf,,DA3267861,leeg.pdf,,DA3489534,leeg.pdf,
DA3339114,leeg.pdf,,DA3070104,leeg.pdf,,DA3723206,leeg.pdf,,DA3933109,leeg.pdf,,DA3526073,leeg.pdf,,DA3550720,leeg.pdf,,DA3965870,leeg.pdf,,DA3838359,leeg.pdf,,DA3074474,leeg.pdf,,DA3226408,leeg.pdf,,DA3767441,leeg.pdf,,DA3291414,leeg.pdf,,DA3401795,leeg.pdf,,DA3329461,leeg.pdf,,DA3383952,leeg.pdf,
DA3430220,leeg.pdf,,DA3225148,leeg.pdf,,DA3343480,leeg.pdf,,DA3791823,leeg.pdf,,DA3228283,leeg.pdf,,DA3832114,leeg.pdf,,DA3067070,leeg.pdf,,DA3621953,leeg.pdf,,DA3446648,leeg.pdf,,DA3224025,leeg.pdf,,DA3675689,leeg.pdf,,DA3273738,leeg.pdf,,DA3093260,leeg.pdf,,DA3062034,leeg.pdf,,DA3354551,leeg.pdf,
DA3207276,leeg.pdf,,DA3539550,leeg.pdf,,DA3508466,leeg.pdf,,DA3794331,leeg.pdf,,DA3070516,leeg.pdf,,DA3487416,leeg.pdf,,DA3250870,leeg.pdf,,DA3989022,leeg.pdf,,DA3263235,leeg.pdf,,DA3348295,leeg.pdf,,DA3269564,leeg.pdf,,DA3645472,leeg.pdf,,DA3817603,leeg.pdf,,DA3119169,leeg.pdf,,DA3670277,leeg.pdf,
DA3123887,leeg.pdf,,DA3403154,leeg.pdf,,DA3246246,leeg.pdf,,DA3909232,leeg.pdf,,DA3531347,leeg.pdf,,DA3912218,leeg.pdf,,DA3203009,leeg.pdf,,DA3375284,leeg.pdf,,DA3508376,leeg.pdf,,DA3565051,leeg.pdf,,DA3073329,leeg.pdf,,DA3520559,leeg.pdf,,DA3048769,leeg.pdf,,DA3418487,leeg.pdf,,DA3484553,leeg.pdf,
DA3160707,leeg.pdf,,DA3224327,leeg.pdf,,DA3613184,leeg.pdf,,DA3842207,leeg.pdf,,DA3605593,leeg.pdf,,DA3873300,leeg.pdf,,DA3716057,leeg.pdf,,DA3469395,leeg.pdf,,DA3673814,leeg.pdf,,DA3067056,leeg.pdf,,DA3121193,leeg.pdf,,DA3324948,leeg.pdf,,DA3157933,leeg.pdf,,DA3712026,leeg.pdf,,DA3231215,leeg.pdf,
DA3904113,leeg.pdf,,DA3161133,leeg.pdf,,DA3904022,leeg.pdf,,DA3124048,leeg.pdf,,DA3651633,leeg.pdf,,DA3452431,leeg.pdf,,DA3889386,leeg.pdf,,DA3686199,leeg.pdf,,DA3234903,leeg.pdf,,DA3475493,leeg.pdf,,DA3785802,leeg.pdf,,DA3166140,leeg.pdf,,DA3585902,leeg.pdf,,DA3350081,leeg.pdf,,DA3913211,leeg.pdf,
DA3390134,leeg.pdf,,DA3178533,leeg.pdf,,DA3244789,leeg.pdf,,DA3834383,leeg.pdf,,DA3564137,leeg.pdf,,DA3042617,leeg.pdf,,DA3464404,leeg.pdf,,DA3205740,leeg.pdf,,DA3308092,leeg.pdf,,DA3478042,leeg.pdf,,DA3365677,leeg.pdf,,DA3118154,leeg.pdf,,DA3564406,leeg.pdf,,DA3176231,leeg.pdf,,DA3971418,leeg.pdf,
DA3691621,leeg.pdf,,DA3837159,leeg.pdf,,DA3061585,leeg.pdf,,DA3077862,leeg.pdf,,DA3056889,leeg.pdf,,DA3853290,leeg.pdf,,DA3715393,leeg.pdf,,DA3179809,leeg.pdf,,DA3279137,leeg.pdf,,DA3442024,leeg.pdf,,DA3703446,leeg.pdf,,DA3657437,leeg.pdf,,DA3134458,leeg.pdf,,DA3650421,leeg.pdf,,DA3543261,leeg.pdf,
DA3858984,leeg.pdf,,DA3164022,leeg.pdf,,DA3624223,leeg.pdf,,DA3859345,leeg.pdf,,DA3514182,leeg.pdf,,DA3258646,leeg.pdf,,DA3179330,leeg.pdf,,DA3975929,leeg.pdf,,DA3976890,leeg.pdf,,DA3406367,leeg.pdf,,DA3443953,leeg.pdf,,DA3315236,leeg.pdf,,DA3238843,leeg.pdf,,DA3512658,leeg.pdf,,DA3897673,leeg.pdf,
DA3302919,leeg.pdf,,DA3156641,leeg.pdf,,DA3076085,leeg.pdf,,DA3108858,leeg.pdf,,DA3920154,leeg.pdf,,DA3935121,leeg.pdf,,DA3418640,leeg.pdf,,DA3446774,leeg.pdf,,DA3153269,leeg.pdf,,DA3681270,leeg.pdf,,DA3055232,leeg.pdf,,DA3774469,leeg.pdf,,DA3894174,leeg.pdf,,DA3827839,leeg.pdf,,DA3534773,leeg.pdf,
DA3425961,leeg.pdf,,DA3827307,leeg.pdf,,DA3568810,leeg.pdf,,DA3087138,leeg.pdf,,DA3345793,leeg.pdf,,DA3806413,leeg.pdf,,DA3184015,leeg.pdf,,DA3158388,leeg.pdf,,DA3769456,leeg.pdf,,DA3254310,leeg.pdf,,DA3909129,leeg.pdf,,DA3320325,leeg.pdf,,DA3069020,leeg.pdf,,DA3157092,leeg.pdf,,DA3832953,leeg.pdf,
DA3287066,leeg.pdf,,DA3244161,leeg.pdf,,DA3664910,leeg.pdf,,DA3342601,leeg.pdf,,DA3173397,leeg.pdf,,DA3165641,leeg.pdf,,DA3314217,leeg.pdf,,DA3173589,leeg.pdf,,DA3537762,leeg.pdf,,DA3070279,leeg.pdf,,DA3690092,leeg.pdf,,DA3387826,leeg.pdf,,DA3222829,leeg.pdf,,DA3305035,leeg.pdf,,DA3927189,leeg.pdf,
DA3515767,leeg.pdf,,DA3941226,leeg.pdf,,DA3750759,leeg.pdf,,DA3090944,leeg.pdf,,DA3062989,leeg.pdf,,DA3918432,leeg.pdf,,DA3168978,leeg.pdf,,DA3809185,leeg.pdf,,DA3307330,leeg.pdf,,DA3263858,leeg.pdf,,DA3047971,leeg.pdf,,DA3930113,leeg.pdf,,DA3745516,leeg.pdf,,DA3148833,leeg.pdf,,DA3115211,leeg.pdf,
DA3237792,leeg.pdf,,DA3121399,leeg.pdf,,DA3667983,leeg.pdf,,DA3997200,leeg.pdf,,DA3631884,leeg.pdf,,DA3076261,leeg.pdf,,DA3853294,leeg.pdf,,DA3227955,leeg.pdf,,DA3528992,leeg.pdf,,DA3054990,leeg.pdf,,DA3078517,leeg.pdf,,DA3055522,leeg.pdf,,DA3469592,leeg.pdf,,DA3161290,leeg.pdf,,DA3346526,leeg.pdf,
DA3114817,leeg.pdf,,DA3783760,leeg.pdf,,DA3903250,leeg.pdf,,DA3148002,leeg.pdf,,DA3633426,leeg.pdf,,DA3166216,leeg.pdf,,DA3985497,leeg.pdf,,DA3980381,leeg.pdf,,DA3432462,leeg.pdf,,DA3932691,leeg.pdf,,DA3119315,leeg.pdf,,DA3083287,leeg.pdf,,DA3443443,leeg.pdf,,DA3980355,leeg.pdf,,DA3688155,leeg.pdf,
DA3236617,leeg.pdf,,DA3275237,leeg.pdf,,DA3383170,leeg.pdf,,DA3211529,leeg.pdf,,DA3544104,leeg.pdf,,DA3140452,leeg.pdf,,DA3615797,leeg.pdf,,DA3934765,leeg.pdf,,DA3124120,leeg.pdf,,DA3594715,leeg.pdf,,DA3716077,leeg.pdf,,DA3702585,leeg.pdf,,DA3264045,leeg.pdf,,DA3389011,leeg.pdf,,DA3214731,leeg.pdf,
DA3817481,leeg.pdf,,DA3502919,leeg.pdf,,DA3541613,leeg.pdf,,DA3457998,leeg.pdf,,DA3208504,leeg.pdf,,DA3054564,leeg.pdf,,DA3078148,leeg.pdf,,DA3667183,leeg.pdf,,DA3709782,leeg.pdf,,DA3056758,leeg.pdf,,DA3051901,leeg.pdf,,DA3204339,leeg.pdf,,DA3681108,leeg.pdf,,DA3293465,leeg.pdf,,DA3566551,leeg.pdf,
DA3274241,leeg.pdf,,DA3248736,leeg.pdf,,DA3597684,leeg.pdf,,DA3035925,leeg.pdf,,DA3282313,leeg.pdf,,DA3108835,leeg.pdf,,DA3871085,leeg.pdf,,DA3632057,leeg.pdf,,DA3274448,leeg.pdf,,DA3560923,leeg.pdf,,DA3770004,leeg.pdf,,DA3986702,leeg.pdf,,DA3162520,leeg.pdf,,DA3981852,leeg.pdf,,DA3503743,leeg.pdf,
DA3612271,leeg.pdf,,DA3531076,leeg.pdf,,DA3465478,leeg.pdf,,DA3359668,leeg.pdf,,DA3287980,leeg.pdf,,DA3114844,leeg.pdf,,DA3726535,leeg.pdf,,DA3118241,leeg.pdf,,DA3606540,leeg.pdf,,DA3062018,leeg.pdf,,DA3679041,leeg.pdf,,DA3971885,leeg.pdf,,DA3538334,leeg.pdf,,DA3257311,leeg.pdf,,DA3369084,leeg.pdf,
DA3069076,leeg.pdf,,DA3142469,leeg.pdf,,DA3402447,leeg.pdf,,DA3613159,leeg.pdf,,DA3772441,leeg.pdf,,DA3690892,leeg.pdf,,DA3881252,leeg.pdf,,DA3065058,leeg.pdf,,DA3242168,leeg.pdf,,DA3585821,leeg.pdf,,DA3784211,leeg.pdf,,DA3050787,leeg.pdf,,DA3201167,leeg.pdf,,DA3819723,leeg.pdf,,DA3320677,leeg.pdf,
DA3513897,leeg.pdf,,DA3685833,leeg.pdf,,DA3183883,leeg.pdf,,DA3399205,leeg.pdf,,DA3204719,leeg.pdf,,DA3281195,leeg.pdf,,DA3528869,leeg.pdf,,DA3510576,leeg.pdf,,DA3709632,leeg.pdf,,DA3907465,leeg.pdf,,DA3810565,leeg.pdf,,DA3054565,leeg.pdf,,DA3988361,leeg.pdf,,DA3035572,leeg.pdf,,DA3398629,leeg.pdf,
DA3160274,leeg.pdf,,DA3681059,leeg.pdf,,DA3142262,leeg.pdf,,DA3104092,leeg.pdf,,DA3956413,leeg.pdf,,DA3555799,leeg.pdf,,DA3535572,leeg.pdf,,DA3085110,leeg.pdf,,DA3290711,leeg.pdf,,DA3668727,leeg.pdf,,DA3878366,leeg.pdf,,DA3968363,leeg.pdf,,DA3217053,leeg.pdf,,DA3117718,leeg.pdf,,DA3168845,leeg.pdf,
DA3757159,leeg.pdf,,DA3363586,leeg.pdf,,DA3106946,leeg.pdf,,DA3574683,leeg.pdf,,DA3207191,leeg.pdf,,DA3877746,leeg.pdf,,DA3196175,leeg.pdf,,DA3441026,leeg.pdf,,DA3896530,leeg.pdf,,DA3504702,leeg.pdf,,DA3269987,leeg.pdf,,DA3584190,leeg.pdf,,DA3174630,leeg.pdf,,DA3346327,leeg.pdf,,DA3599286,leeg.pdf,
DA3489851,leeg.pdf,,DA3051608,leeg.pdf,,DA3080602,leeg.pdf,,DA3210558,leeg.pdf,,DA3601247,leeg.pdf,,DA3491932,leeg.pdf,,DA3681704,leeg.pdf,,DA3866718,leeg.pdf,,DA3251466,leeg.pdf,,DA3624158,leeg.pdf,,DA3615300,leeg.pdf,,DA3767602,leeg.pdf,,DA3761701,leeg.pdf,,DA3550078,leeg.pdf,,DA3467497,leeg.pdf,
DA3601786,leeg.pdf,,DA3622366,leeg.pdf,,DA3304302,leeg.pdf,,DA3646327,leeg.pdf,,DA3218807,leeg.pdf,,DA3411227,leeg.pdf,,DA3641565,leeg.pdf,,DA3951368,leeg.pdf,,DA3040915,leeg.pdf,,DA3045992,leeg.pdf,,DA3358334,leeg.pdf,,DA3767907,leeg.pdf,,DA3242776,leeg.pdf,,DA3590841,leeg.pdf,,DA3329533,leeg.pdf,
DA3885111,leeg.pdf,,DA3281396,leeg.pdf,,DA3300548,leeg.pdf,,DA3249112,leeg.pdf,,DA3662720,leeg.pdf,,DA3499954,leeg.pdf,,DA3529661,leeg.pdf,,DA3649154,leeg.pdf,,DA3222910,leeg.pdf,,DA3391216,leeg.pdf,,DA3327284,leeg.pdf,,DA3666209,leeg.pdf,,DA3386166,leeg.pdf,,DA3454051,leeg.pdf,,DA3523620,leeg.pdf,
DA3485309,leeg.pdf,,DA3398981,leeg.pdf,,DA3606527,leeg.pdf,,DA3809083,leeg.pdf,,DA3107473,leeg.pdf,,DA3592563,leeg.pdf,,DA3707435,leeg.pdf,,DA3100467,leeg.pdf,,DA3333547,leeg.pdf,,DA3883192,leeg.pdf,,DA3137268,leeg.pdf,,DA3460572,leeg.pdf,,DA3100876,leeg.pdf,,DA3091171,leeg.pdf,,DA3176444,leeg.pdf,
DA3773521,leeg.pdf,,DA3930472,leeg.pdf,,DA3667963,leeg.pdf,,DA3279410,leeg.pdf,,DA3268925,leeg.pdf,,DA3094619,leeg.pdf,,DA3128727,leeg.pdf,,DA3602121,leeg.pdf,,DA3557264,leeg.pdf,,DA3264402,leeg.pdf,,DA3690276,leeg.pdf,,DA3051600,leeg.pdf,,DA3310355,leeg.pdf,,DA3456989,leeg.pdf,,DA3889231,leeg.pdf,
DA3354243,leeg.pdf,,DA3116723,leeg.pdf,,DA3537014,leeg.pdf,,DA3220922,leeg.pdf,,DA3525641,leeg.pdf,,DA3230838,leeg.pdf,,DA3423310,leeg.pdf,,DA3827714,leeg.pdf,,DA3903603,leeg.pdf,,DA3068906,leeg.pdf,,DA3258765,leeg.pdf,,DA3684793,leeg.pdf,,DA3038090,leeg.pdf,,DA3265601,leeg.pdf,,DA3083480,leeg.pdf,
DA3121373,leeg.pdf,,DA3114868,leeg.pdf,,DA3212589,leeg.pdf,,DA3739582,leeg.pdf,,DA3481890,leeg.pdf,,DA3639726,leeg.pdf,,DA3999546,leeg.pdf,,DA3781597,leeg.pdf,,DA3282880,leeg.pdf,,DA3620698,leeg.pdf,,DA3399713,leeg.pdf,,DA3580460,leeg.pdf,,DA3976940,leeg.pdf,,DA3578998,leeg.pdf,,DA3230214,leeg.pdf,
DA3654962,leeg.pdf,,DA3368496,leeg.pdf,,DA3053962,leeg.pdf,,DA3786245,leeg.pdf,,DA3243944,leeg.pdf,,DA3249636,leeg.pdf,,DA3976300,leeg.pdf,,DA3194974,leeg.pdf,,DA3885449,leeg.pdf,,DA3839473,leeg.pdf,,DA3812379,leeg.pdf,,DA3532527,leeg.pdf,,DA3119558,leeg.pdf,,DA3381798,leeg.pdf,,DA3623300,leeg.pdf,
DA3953309,leeg.pdf,,DA3981700,leeg.pdf,,DA3176594,leeg.pdf,,DA3161853,leeg.pdf,,DA3383166,leeg.pdf,,DA3957390,leeg.pdf,,DA3226180,leeg.pdf,,DA3731853,leeg.pdf,,DA3181566,leeg.pdf,,DA3528117,leeg.pdf,,DA3120409,leeg.pdf,,DA3665993,leeg.pdf,,DA3064834,leeg.pdf,,DA3707284,leeg.pdf,,DA3672801,leeg.pdf,
DA3247521,leeg.pdf,,DA3269014,leeg.pdf,,DA3074758,leeg.pdf,,DA3187911,leeg.pdf,,DA3474940,leeg.pdf,,DA3366953,leeg.pdf,,DA3722829,leeg.pdf,,DA3111537,leeg.pdf,,DA3482313,leeg.pdf,,DA3754308,leeg.pdf,,DA3627140,leeg.pdf,,DA3415421,leeg.pdf,,DA3253289,leeg.pdf,,DA3477486,leeg.pdf,,DA3153906,leeg.pdf,
DA3106560,leeg.pdf,,DA3131046,leeg.pdf,,DA3169353,leeg.pdf,,DA3706641,leeg.pdf,,DA3940519,leeg.pdf,,DA3108887,leeg.pdf,,DA3111591,leeg.pdf,,DA3341201,leeg.pdf,,DA3407749,leeg.pdf,,DA3165200,leeg.pdf,,DA3313534,leeg.pdf,,DA3088216,leeg.pdf,,DA3308631,leeg.pdf,,DA3490606,leeg.pdf,,DA3791712,leeg.pdf,
DA3363545,leeg.pdf,,DA3206982,leeg.pdf,,DA3407416,leeg.pdf,,DA3240172,leeg.pdf,,DA3257500,leeg.pdf,,DA3245314,leeg.pdf,,DA3259246,leeg.pdf,,DA3463348,leeg.pdf,,DA3250497,leeg.pdf,,DA3252181,leeg.pdf,,DA3943522,leeg.pdf,,DA3095475,leeg.pdf,,DA3551527,leeg.pdf,,DA3101505,leeg.pdf,,DA3316730,leeg.pdf,
DA3073210,leeg.pdf,,DA3597838,leeg.pdf,,DA3324182,leeg.pdf,,DA3049580,leeg.pdf,,DA3154590,leeg.pdf,,DA3112882,leeg.pdf,,DA3052863,leeg.pdf,,DA3370692,leeg.pdf,,DA3991392,leeg.pdf,,DA3071888,leeg.pdf,,DA3830532,leeg.pdf,,DA3102024,leeg.pdf,,DA3820944,leeg.pdf,,DA3219934,leeg.pdf,,DA3781589,leeg.pdf,
DA3631080,leeg.pdf,,DA3073548,leeg.pdf,,DA3618522,leeg.pdf,,DA3274728,leeg.pdf,,DA3372650,leeg.pdf,,DA3073700,leeg.pdf,,DA3671747,leeg.pdf,,DA3061304,leeg.pdf,,DA3206911,leeg.pdf,,DA3753429,leeg.pdf,,DA3454587,leeg.pdf,,DA3092392,leeg.pdf,,DA3449379,leeg.pdf,,DA3410441,leeg.pdf,,DA3052005,leeg.pdf,
DA3696053,leeg.pdf,,DA3848345,leeg.pdf,,DA3382391,leeg.pdf,,DA3632644,leeg.pdf,,DA3238348,leeg.pdf,,DA3628943,leeg.pdf,,DA3975631,leeg.pdf,,DA3659230,leeg.pdf,,DA3182494,leeg.pdf,,DA3208172,leeg.pdf,,DA3112741,leeg.pdf,,DA3646339,leeg.pdf,,DA3669464,leeg.pdf,,DA3254305,leeg.pdf,,DA3929069,leeg.pdf,
DA3632403,leeg.pdf,,DA3462270,leeg.pdf,,DA3401826,leeg.pdf,,DA3552498,leeg.pdf,,DA3383482,leeg.pdf,,DA3695968,leeg.pdf,,DA3238586,leeg.pdf,,DA3601375,leeg.pdf,,DA3049221,leeg.pdf,,DA3288662,leeg.pdf,,DA3176089,leeg.pdf,,DA3997137,leeg.pdf,,DA3434679,leeg.pdf,,DA3138644,leeg.pdf,,DA3983549,leeg.pdf,
DA3428621,leeg.pdf,,DA3413869,leeg.pdf,,DA3254341,leeg.pdf,,DA3929639,leeg.pdf,,DA3508657,leeg.pdf,,DA3309528,leeg.pdf,,DA3314033,leeg.pdf,,DA3663985,leeg.pdf,,DA3649801,leeg.pdf,,DA3317512,leeg.pdf,,DA3824363,leeg.pdf,,DA3166124,leeg.pdf,,DA3601154,leeg.pdf,,DA3311596,leeg.pdf,,DA3452186,leeg.pdf,
DA3538043,leeg.pdf,,DA3325339,leeg.pdf,,DA3638994,leeg.pdf,,DA3130354,leeg.pdf,,DA3195298,leeg.pdf,,DA3367791,leeg.pdf,,DA3391244,leeg.pdf,,DA3680757,leeg.pdf,,DA3579662,leeg.pdf,,DA3190452,leeg.pdf,,DA3057782,leeg.pdf,,DA3039662,leeg.pdf,,DA3514379,leeg.pdf,,DA3320600,leeg.pdf,,DA3126507,leeg.pdf,
DA3388789,leeg.pdf,,DA3074759,leeg.pdf,,DA3616643,leeg.pdf,,DA3165532,leeg.pdf,,DA3827024,leeg.pdf,,DA3795178,leeg.pdf,,DA3547631,leeg.pdf,,DA3300950,leeg.pdf,,DA3283267,leeg.pdf,,DA3862736,leeg.pdf,,DA3753872,leeg.pdf,,DA3510443,leeg.pdf,,DA3247363,leeg.pdf,,DA3264139,leeg.pdf,,DA3805800,leeg.pdf,
DA3868774,leeg.pdf,,DA3283728,leeg.pdf,,DA3096906,leeg.pdf,,DA3445832,leeg.pdf,,DA3208087,leeg.pdf,,DA3723013,leeg.pdf,,DA3739034,leeg.pdf,,DA3455081,leeg.pdf,,DA3060508,leeg.pdf,,DA3914535,leeg.pdf,,DA3240801,leeg.pdf,,DA3913294,leeg.pdf,,DA3327677,leeg.pdf,,DA3132910,leeg.pdf,,DA3210482,leeg.pdf,
DA3301819,leeg.pdf,,DA3321528,leeg.pdf,,DA3053970,leeg.pdf,,DA3073285,leeg.pdf,,DA3984671,leeg.pdf,,DA3035879,leeg.pdf,,DA3144423,leeg.pdf,,DA3084524,leeg.pdf,,DA3181168,leeg.pdf,,DA3201315,leeg.pdf,,DA3586191,leeg.pdf,,DA3305062,leeg.pdf,,DA3074173,leeg.pdf,,DA3549868,leeg.pdf,,DA3251236,leeg.pdf,
DA3501705,leeg.pdf,,DA3827138,leeg.pdf,,DA3281965,leeg.pdf,,DA3522994,leeg.pdf,,DA3081900,leeg.pdf,,DA3684779,leeg.pdf,,DA3481568,leeg.pdf,,DA3717285,leeg.pdf,,DA3163626,leeg.pdf,,DA3524820,leeg.pdf,,DA3090123,leeg.pdf,,DA3327241,leeg.pdf,,DA3833923,leeg.pdf,,DA3369587,leeg.pdf,,DA3668357,leeg.pdf,
DA3658091,leeg.pdf,,DA3057276,leeg.pdf,,DA3487034,leeg.pdf,,DA3328338,leeg.pdf,,DA3441757,leeg.pdf,,DA3366102,leeg.pdf,,DA3687707,leeg.pdf,,DA3367319,leeg.pdf,,DA3395012,leeg.pdf,,DA3161781,leeg.pdf,,DA3068190,leeg.pdf,,DA3740713,leeg.pdf,,DA3602304,leeg.pdf,,DA3230777,leeg.pdf,,DA3482393,leeg.pdf,
DA3340761,leeg.pdf,,DA3277643,leeg.pdf,,DA3818073,leeg.pdf,,DA3099036,leeg.pdf,,DA3123827,leeg.pdf,,DA3691288,leeg.pdf,,DA3147685,leeg.pdf,,DA3639601,leeg.pdf,,DA3205460,leeg.pdf,,DA3066961,leeg.pdf,,DA3157652,leeg.pdf,,DA3772690,leeg.pdf,,DA3070325,leeg.pdf,,DA3382811,leeg.pdf,,DA3047906,leeg.pdf,
DA3788704,leeg.pdf,,DA3388767,leeg.pdf,,DA3921256,leeg.pdf,,DA3224124,leeg.pdf,,DA3665781,leeg.pdf,,DA3364925,leeg.pdf,,DA3510754,leeg.pdf,,DA3454464,leeg.pdf,,DA3115684,leeg.pdf,,DA3141864,leeg.pdf,,DA3317434,leeg.pdf,,DA3784265,leeg.pdf,,DA3723415,leeg.pdf,,DA3419580,leeg.pdf,,DA3116532,leeg.pdf,
DA3589850,leeg.pdf,,DA3403818,leeg.pdf,,DA3644774,leeg.pdf,,DA3897836,leeg.pdf,,DA3741840,leeg.pdf,,DA3815206,leeg.pdf,,DA3851663,leeg.pdf,,DA3269480,leeg.pdf,,DA3203433,leeg.pdf,,DA3466039,leeg.pdf,,DA3425091,leeg.pdf,,DA3283698,leeg.pdf,,DA3360352,leeg.pdf,,DA3259667,leeg.pdf,,DA3591387,leeg.pdf,
DA3040674,leeg.pdf,,DA3117688,leeg.pdf,,DA3816427,leeg.pdf,,DA3441664,leeg.pdf,,DA3881793,leeg.pdf,,DA3719346,leeg.pdf,,DA3363175,leeg.pdf,,DA3553576,leeg.pdf,,DA3060323,leeg.pdf,,DA3445360,leeg.pdf,,DA3975523,leeg.pdf,,DA3157905,leeg.pdf,,DA3185104,leeg.pdf,,DA3231102,leeg.pdf,,DA3927071,leeg.pdf,
DA3056004,leeg.pdf,,DA3241206,leeg.pdf,,DA3835588,leeg.pdf,,DA3929864,leeg.pdf,,DA3585238,leeg.pdf,,DA3499839,leeg.pdf,,DA3710531,leeg.pdf,,DA3137594,leeg.pdf,,DA3968556,leeg.pdf,,DA3164640,leeg.pdf,,DA3491246,leeg.pdf,,DA3279358,leeg.pdf,,DA3524483,leeg.pdf,,DA3353985,leeg.pdf,,DA3777751,leeg.pdf,
DA3258973,leeg.pdf,,DA3752620,leeg.pdf,,DA3941452,leeg.pdf,,DA3124391,leeg.pdf,,DA3531351,leeg.pdf,,DA3808577,leeg.pdf,,DA3619593,leeg.pdf,,DA3160948,leeg.pdf,,DA3268005,leeg.pdf,,DA3162083,leeg.pdf,,DA3431784,leeg.pdf,,DA3850722,leeg.pdf,,DA3874547,leeg.pdf,,DA3213014,leeg.pdf,,DA3545967,leeg.pdf,
DA3408844,leeg.pdf,,DA3655439,leeg.pdf,,DA3215661,leeg.pdf,,DA3175079,leeg.pdf,,DA3949153,leeg.pdf,,DA3386768,leeg.pdf,,DA3473266,leeg.pdf,,DA3400807,leeg.pdf,,DA3707119,leeg.pdf,,DA3200581,leeg.pdf,,DA3506667,leeg.pdf,,DA3224302,leeg.pdf,,DA3380725,leeg.pdf,,DA3423005,leeg.pdf,,DA3349494,leeg.pdf,
DA3662739,leeg.pdf,,DA3615375,leeg.pdf,,DA3836657,leeg.pdf,,DA3190765,leeg.pdf,,DA3995007,leeg.pdf,,DA3097049,leeg.pdf,,DA3076783,leeg.pdf,,DA3307366,leeg.pdf,,DA3568094,leeg.pdf,,DA3332208,leeg.pdf,,DA3929729,leeg.pdf,,DA3597580,leeg.pdf,,DA3893835,leeg.pdf,,DA3496254,leeg.pdf,,DA3408950,leeg.pdf,
DA3205050,leeg.pdf,,DA3878085,leeg.pdf,,DA3080352,leeg.pdf,,DA3911788,leeg.pdf,,DA3991678,leeg.pdf,,DA3167142,leeg.pdf,,DA3072220,leeg.pdf,,DA3209580,leeg.pdf,,DA3127424,leeg.pdf,,DA3063314,leeg.pdf,,DA3319297,leeg.pdf,,DA3364512,leeg.pdf,,DA3218808,leeg.pdf,,DA3096924,leeg.pdf,,DA3266196,leeg.pdf,
DA3460724,leeg.pdf,,DA3066816,leeg.pdf,,DA3843485,leeg.pdf,,DA3764265,leeg.pdf,,DA3893913,leeg.pdf,,DA3853388,leeg.pdf,,DA3061931,leeg.pdf,,DA3191330,leeg.pdf,,DA3101251,leeg.pdf,,DA3455073,leeg.pdf,,DA3167863,leeg.pdf,,DA3814305,leeg.pdf,,DA3510180,leeg.pdf,,DA3738829,leeg.pdf,,DA3596851,leeg.pdf,
DA3216426,leeg.pdf,,DA3121990,leeg.pdf,,DA3042249,leeg.pdf,,DA3375017,leeg.pdf,,DA3868659,leeg.pdf,,DA3230967,leeg.pdf,,DA3316732,leeg.pdf,,DA3937112,leeg.pdf,,DA3229583,leeg.pdf,,DA3460537,leeg.pdf,,DA3900549,leeg.pdf,,DA3874130,leeg.pdf,,DA3115524,leeg.pdf,,DA3434902,leeg.pdf,,DA3823678,leeg.pdf,
DA3164995,leeg.pdf,,DA3330484,leeg.pdf,,DA3089656,leeg.pdf,,DA3324624,leeg.pdf,,DA3536522,leeg.pdf,,DA3647754,leeg.pdf,,DA3554554,leeg.pdf,,DA3490635,leeg.pdf,,DA3727944,leeg.pdf,,DA3278760,leeg.pdf,,DA3357718,leeg.pdf,,DA3999104,leeg.pdf,,DA3357462,leeg.pdf,,DA3571593,leeg.pdf,,DA3288523,leeg.pdf,
DA3471816,leeg.pdf,,DA3057523,leeg.pdf,,DA3509256,leeg.pdf,,DA3905393,leeg.pdf,,DA3834012,leeg.pdf,,DA3990265,leeg.pdf,,DA3369976,leeg.pdf,,DA3792687,leeg.pdf,,DA3137216,leeg.pdf,,DA3429401,leeg.pdf,,DA3842901,leeg.pdf,,DA3461335,leeg.pdf,,DA3202716,leeg.pdf,,DA3716201,leeg.pdf,,DA3092138,leeg.pdf,
DA3950571,leeg.pdf,,DA3802346,leeg.pdf,,DA3357633,leeg.pdf,,DA3394273,leeg.pdf,,DA3594796,leeg.pdf,,DA3922673,leeg.pdf,,DA3517230,leeg.pdf,,DA3953379,leeg.pdf,,DA3463400,leeg.pdf,,DA3768518,leeg.pdf,,DA3245948,leeg.pdf,,DA3679807,leeg.pdf,,DA3263658,leeg.pdf,,DA3220674,leeg.pdf,,DA3222243,leeg.pdf,
DA3068165,leeg.pdf,,DA3745487,leeg.pdf,,DA3142030,leeg.pdf,,DA3212533,leeg.pdf,,DA3866981,leeg.pdf,,DA3209691,leeg.pdf,,DA3710290,leeg.pdf,,DA3505114,leeg.pdf,,DA3422307,leeg.pdf,,DA3951748,leeg.pdf,,DA3932875,leeg.pdf,,DA3354043,leeg.pdf,,DA3192446,leeg.pdf,,DA3152295,leeg.pdf,,DA3901686,leeg.pdf,
DA3162250,leeg.pdf,,DA3112638,leeg.pdf,,DA3499791,leeg.pdf,,DA3199203,leeg.pdf,,DA3392117,leeg.pdf,,DA3212665,leeg.pdf,,DA3037257,leeg.pdf,,DA3407922,leeg.pdf,,DA3667865,leeg.pdf,,DA3846629,leeg.pdf,,DA3117668,leeg.pdf,,DA3247832,leeg.pdf,,DA3897713,leeg.pdf,,DA3198680,leeg.pdf,,DA3089766,leeg.pdf,
DA3635037,leeg.pdf,,DA3839148,leeg.pdf,,DA3326228,leeg.pdf,,DA3308294,leeg.pdf,,DA3286073,leeg.pdf,,DA3947458,leeg.pdf,,DA3039813,leeg.pdf,,DA3087416,leeg.pdf,,DA3230980,leeg.pdf,,DA3404642,leeg.pdf,,DA3670863,leeg.pdf,,DA3184544,leeg.pdf,,DA3034862,leeg.pdf,,DA3054638,leeg.pdf,,DA3177188,leeg.pdf,
DA3471694,leeg.pdf,,DA3356260,leeg.pdf,,DA3127451,leeg.pdf,,DA3119413,leeg.pdf,,DA3195506,leeg.pdf,,DA3818215,leeg.pdf,,DA3982138,leeg.pdf,,DA3332492,leeg.pdf,,DA3094713,leeg.pdf,,DA3480987,leeg.pdf,,DA3832507,leeg.pdf,,DA3286314,leeg.pdf,,DA3055032,leeg.pdf,,DA3547214,leeg.pdf,,DA3801715,leeg.pdf,
DA3941925,leeg.pdf,,DA3473854,leeg.pdf,,DA3103601,leeg.pdf,,DA3800848,leeg.pdf,,DA3211775,leeg.pdf,,DA3542118,leeg.pdf,,DA3305344,leeg.pdf,,DA3304824,leeg.pdf,,DA3991996,leeg.pdf,,DA3792910,leeg.pdf,,DA3959790,leeg.pdf,,DA3673439,leeg.pdf,,DA3571718,leeg.pdf,,DA3378737,leeg.pdf,,DA3605075,leeg.pdf,
DA3400855,leeg.pdf,,DA3283068,leeg.pdf,,DA3711293,leeg.pdf,,DA3218107,leeg.pdf,,DA3078320,leeg.pdf,,DA3445792,leeg.pdf,,DA3840573,leeg.pdf,,DA3102980,leeg.pdf,,DA3923698,leeg.pdf,,DA3449210,leeg.pdf,,DA3632925,leeg.pdf,,DA3358335,leeg.pdf,,DA3185938,leeg.pdf,,DA3082264,leeg.pdf,,DA3219975,leeg.pdf,
DA3883167,leeg.pdf,,DA3707365,leeg.pdf,,DA3686391,leeg.pdf,,DA3462324,leeg.pdf,,DA3263221,leeg.pdf,,DA3532464,leeg.pdf,,DA3158049,leeg.pdf,,DA3771978,leeg.pdf,,DA3578796,leeg.pdf,,DA3415705,leeg.pdf,,DA3883910,leeg.pdf,,DA3624878,leeg.pdf,,DA3098076,leeg.pdf,,DA3339806,leeg.pdf,,DA3600648,leeg.pdf,
DA3515077,leeg.pdf,,DA3078806,leeg.pdf,,DA3326676,leeg.pdf,,DA3133092,leeg.pdf,,DA3136339,leeg.pdf,,DA3332107,leeg.pdf,,DA3077718,leeg.pdf,,DA3092995,leeg.pdf,,DA3109584,leeg.pdf,,DA3224209,leeg.pdf,,DA3688961,leeg.pdf,,DA3134123,leeg.pdf,,DA3255484,leeg.pdf,,DA3173369,leeg.pdf,,DA3450100,leeg.pdf,
DA3251733,leeg.pdf,,DA3479149,leeg.pdf,,DA3542792,leeg.pdf,,DA3999003,leeg.pdf,,DA3356382,leeg.pdf,,DA3204258,leeg.pdf,,DA3188957,leeg.pdf,,DA3494718,leeg.pdf,,DA3632108,leeg.pdf,,DA3081207,leeg.pdf,,DA3894955,leeg.pdf,,DA3155411,leeg.pdf,,DA3101805,leeg.pdf,,DA3854941,leeg.pdf,,DA3938682,leeg.pdf,
DA3374334,leeg.pdf,,DA3156592,leeg.pdf,,DA3724127,leeg.pdf,,DA3117889,leeg.pdf,,DA3606955,leeg.pdf,,DA3391182,leeg.pdf,,DA3288642,leeg.pdf,,DA3104955,leeg.pdf,,DA3809105,leeg.pdf,,DA3831018,leeg.pdf,,DA3071097,leeg.pdf,,DA3114401,leeg.pdf,,DA3533550,leeg.pdf,,DA3793221,leeg.pdf,,DA3285894,leeg.pdf,
DA3782484,leeg.pdf,,DA3736640,leeg.pdf,,DA3322444,leeg.pdf,,DA3048341,leeg.pdf,,DA3133118,leeg.pdf,,DA3573321,leeg.pdf,,DA3939026,leeg.pdf,,DA3083449,leeg.pdf,,DA3725552,leeg.pdf,,DA3918149,leeg.pdf,,DA3056253,leeg.pdf,,DA3476078,leeg.pdf,,DA3093236,leeg.pdf,,DA3428686,leeg.pdf,,DA3464761,leeg.pdf,
DA3171417,leeg.pdf,,DA3442497,leeg.pdf,,DA3032052,leeg.pdf,,DA3194987,leeg.pdf,,DA3408631,leeg.pdf,,DA3290057,leeg.pdf,,DA3919352,leeg.pdf,,DA3057290,leeg.pdf,,DA3567843,leeg.pdf,,DA3783064,leeg.pdf,,DA3285506,leeg.pdf,,DA3220413,leeg.pdf,,DA3149910,leeg.pdf,,DA3838770,leeg.pdf,,DA3265266,leeg.pdf,
DA3535581,leeg.pdf,,DA3445315,leeg.pdf,,DA3474564,leeg.pdf,,DA3564979,leeg.pdf,,DA3443065,leeg.pdf,,DA3530713,leeg.pdf,,DA3837536,leeg.pdf,,DA3169165,leeg.pdf,,DA3358588,leeg.pdf,,DA3121944,leeg.pdf,,DA3930169,leeg.pdf,,DA3295666,leeg.pdf,,DA3156162,leeg.pdf,,DA3134726,leeg.pdf,,DA3089518,leeg.pdf,
DA3927999,leeg.pdf,,DA3058910,leeg.pdf,,DA3682634,leeg.pdf,,DA3158435,leeg.pdf,,DA3142738,leeg.pdf,,DA3636553,leeg.pdf,,DA3657557,leeg.pdf,,DA3297535,leeg.pdf,,DA3841384,leeg.pdf,,DA3866829,leeg.pdf,,DA3959083,leeg.pdf,,DA3189764,leeg.pdf,,DA3426183,leeg.pdf,,DA3066943,leeg.pdf,,DA3796690,leeg.pdf,
DA3954501,leeg.pdf,,DA3958902,leeg.pdf,,DA3619211,leeg.pdf,,DA3817405,leeg.pdf,,DA3254671,leeg.pdf,,DA3065520,leeg.pdf,,DA3472837,leeg.pdf,,DA3517903,leeg.pdf,,DA3894283,leeg.pdf,,DA3464264,leeg.pdf,,DA3549313,leeg.pdf,,DA3291125,leeg.pdf,,DA3669660,leeg.pdf,,DA3528147,leeg.pdf,,DA3273855,leeg.pdf,
DA3226625,leeg.pdf,,DA3265894,leeg.pdf,,DA3203836,leeg.pdf,,DA3265854,leeg.pdf,,DA3334811,leeg.pdf,,DA3072811,leeg.pdf,,DA3163051,leeg.pdf,,DA3373825,leeg.pdf,,DA3673449,leeg.pdf,,DA3737142,leeg.pdf,,DA3474886,leeg.pdf,,DA3839780,leeg.pdf,,DA3831882,leeg.pdf,,DA3989013,leeg.pdf,,DA3119385,leeg.pdf,
DA3575703,leeg.pdf,,DA3080549,leeg.pdf,,DA3847128,leeg.pdf,,DA3656955,leeg.pdf,,DA3086559,leeg.pdf,,DA3276796,leeg.pdf,,DA3212561,leeg.pdf,,DA3867078,leeg.pdf,,DA3891799,leeg.pdf,,DA3909649,leeg.pdf,,DA3380559,leeg.pdf,,DA3388901,leeg.pdf,,DA3336009,leeg.pdf,,DA3082892,leeg.pdf,,DA3328582,leeg.pdf,
DA3779480,leeg.pdf,,DA3961245,leeg.pdf,,DA3521022,leeg.pdf,,DA3802894,leeg.pdf,,DA3846653,leeg.pdf,,DA3376631,leeg.pdf,,DA3613670,leeg.pdf,,DA3346071,leeg.pdf,,DA3112296,leeg.pdf,,DA3651490,leeg.pdf,,DA3099112,leeg.pdf,,DA3305769,leeg.pdf,,DA3033243,leeg.pdf,,DA3320099,leeg.pdf,,DA3835130,leeg.pdf,
DA3555526,leeg.pdf,,DA3259106,leeg.pdf,,DA3537997,leeg.pdf,,DA3320301,leeg.pdf,,DA3075108,leeg.pdf,,DA3133906,leeg.pdf,,DA3951685,leeg.pdf,,DA3405104,leeg.pdf,,DA3400721,leeg.pdf,,DA3223369,leeg.pdf,,DA3285644,leeg.pdf,,DA3584376,leeg.pdf,,DA3290370,leeg.pdf,,DA3078630,leeg.pdf,,DA3192438,leeg.pdf,
DA3442469,leeg.pdf,,DA3610905,leeg.pdf,,DA3941864,leeg.pdf,,DA3158548,leeg.pdf,,DA3490416,leeg.pdf,,DA3561192,leeg.pdf,,DA3918453,leeg.pdf,,DA3959257,leeg.pdf,,DA3528886,leeg.pdf,,DA3532414,leeg.pdf,,DA3056503,leeg.pdf,,DA3276646,leeg.pdf,,DA3260247,leeg.pdf,,DA3156186,leeg.pdf,,DA3875601,leeg.pdf,
DA3920306,leeg.pdf,,DA3708789,leeg.pdf,,DA3841105,leeg.pdf,,DA3713038,leeg.pdf,,DA3429474,leeg.pdf,,DA3043635,leeg.pdf,,DA3811917,leeg.pdf,,DA3474450,leeg.pdf,,DA3271477,leeg.pdf,,DA3731445,leeg.pdf,,DA3399734,leeg.pdf,,DA3051354,leeg.pdf,,DA3212366,leeg.pdf,,DA3525830,leeg.pdf,,DA3560815,leeg.pdf,
DA3455949,leeg.pdf,,DA3110681,leeg.pdf,,DA3333826,leeg.pdf,,DA3818421,leeg.pdf,,DA3354803,leeg.pdf,,DA3700019,leeg.pdf,,DA3416135,leeg.pdf,,DA3384099,leeg.pdf,,DA3856805,leeg.pdf,,DA3931906,leeg.pdf,,DA3065590,leeg.pdf,,DA3923632,leeg.pdf,,DA3813853,leeg.pdf,,DA3386717,leeg.pdf,,DA3275708,leeg.pdf,
DA3058451,leeg.pdf,,DA3421641,leeg.pdf,,DA3609042,leeg.pdf,,DA3279345,leeg.pdf,,DA3627550,leeg.pdf,,DA3127494,leeg.pdf,,DA3175982,leeg.pdf,,DA3837505,leeg.pdf,,DA3175252,leeg.pdf,,DA3557005,leeg.pdf,,DA3222830,leeg.pdf,,DA3449122,leeg.pdf,,DA3423313,leeg.pdf,,DA3600950,leeg.pdf,,DA3872289,leeg.pdf,
DA3036703,leeg.pdf,,DA3764654,leeg.pdf,,DA3207293,leeg.pdf,,DA3568283,leeg.pdf,,DA3781751,leeg.pdf,,DA3136110,leeg.pdf,,DA3903122,leeg.pdf,,DA3415644,leeg.pdf,,DA3818099,leeg.pdf,,DA3340812,leeg.pdf,,DA3885981,leeg.pdf,,DA3240031,leeg.pdf,,DA3250202,leeg.pdf,,DA3086575,leeg.pdf,,DA3644910,leeg.pdf,
DA3257217,leeg.pdf,,DA3479723,leeg.pdf,,DA3185936,leeg.pdf,,DA3582814,leeg.pdf,,DA3110273,leeg.pdf,,DA3210441,leeg.pdf,,DA3398649,leeg.pdf,,DA3791664,leeg.pdf,,DA3239671,leeg.pdf,,DA3275366,leeg.pdf,,DA3186616,leeg.pdf,,DA3340871,leeg.pdf,,DA3451981,leeg.pdf,,DA3450047,leeg.pdf,,DA3928448,leeg.pdf,
DA3368380,leeg.pdf,,DA3280536,leeg.pdf,,DA3339230,leeg.pdf,,DA3117388,leeg.pdf,,DA3839625,leeg.pdf,,DA3171005,leeg.pdf,,DA3276868,leeg.pdf,,DA3865028,leeg.pdf,,DA3253965,leeg.pdf,,DA3219034,leeg.pdf,,DA3365264,leeg.pdf,,DA3510126,leeg.pdf,,DA3577479,leeg.pdf,,DA3097555,leeg.pdf,,DA3553863,leeg.pdf,
DA3663559,leeg.pdf,,DA3043096,leeg.pdf,,DA3528832,leeg.pdf,,DA3098967,leeg.pdf,,DA3787874,leeg.pdf,,DA3498667,leeg.pdf,,DA3793706,leeg.pdf,,DA3257392,leeg.pdf,,DA3824115,leeg.pdf,,DA3344311,leeg.pdf,,DA3979924,leeg.pdf,,DA3111903,leeg.pdf,,DA3198944,leeg.pdf,,DA3769038,leeg.pdf,,DA3877551,leeg.pdf,
DA3949142,leeg.pdf,,DA3054921,leeg.pdf,,DA3318564,leeg.pdf,,DA3546640,leeg.pdf,,DA3934740,leeg.pdf,,DA3313405,leeg.pdf,,DA3439233,leeg.pdf,,DA3171245,leeg.pdf,,DA3453057,leeg.pdf,,DA3862079,leeg.pdf,,DA3539495,leeg.pdf,,DA3862400,leeg.pdf,,DA3536246,leeg.pdf,,DA3737261,leeg.pdf,,DA3613057,leeg.pdf,
DA3753153,leeg.pdf,,DA3660319,leeg.pdf,,DA3697854,leeg.pdf,,DA3552787,leeg.pdf,,DA3108481,leeg.pdf,,DA3563789,leeg.pdf,,DA3127923,leeg.pdf,,DA3059063,leeg.pdf,,DA3533223,leeg.pdf,,DA3274626,leeg.pdf,,DA3814101,leeg.pdf,,DA3382014,leeg.pdf,,DA3138182,leeg.pdf,,DA3382017,leeg.pdf,,DA3500509,leeg.pdf,
DA3107207,leeg.pdf,,DA3206784,leeg.pdf,,DA3910293,leeg.pdf,,DA3063273,leeg.pdf,,DA3905238,leeg.pdf,,DA3443588,leeg.pdf,,DA3828172,leeg.pdf,,DA3455649,leeg.pdf,,DA3746967,leeg.pdf,,DA3243157,leeg.pdf,,DA3300957,leeg.pdf,,DA3269712,leeg.pdf,,DA3799805,leeg.pdf,,DA3163086,leeg.pdf,,DA3637138,leeg.pdf,
DA3623267,leeg.pdf,,DA3210961,leeg.pdf,,DA3039066,leeg.pdf,,DA3328961,leeg.pdf,,DA3683113,leeg.pdf,,DA3089097,leeg.pdf,,DA3569016,leeg.pdf,,DA3615807,leeg.pdf,,DA3828336,leeg.pdf,,DA3935570,leeg.pdf,,DA3243909,leeg.pdf,,DA3125768,leeg.pdf,,DA3731863,leeg.pdf,,DA3913866,leeg.pdf,,DA3423927,leeg.pdf,
DA3497665,leeg.pdf,,DA3629040,leeg.pdf,,DA3798497,leeg.pdf,,DA3084220,leeg.pdf,,DA3984530,leeg.pdf,,DA3724263,leeg.pdf,,DA3350011,leeg.pdf,,DA3871809,leeg.pdf,,DA3357284,leeg.pdf,,DA3202020,leeg.pdf,,DA3913448,leeg.pdf,,DA3918185,leeg.pdf,,DA3867410,leeg.pdf,,DA3056502,leeg.pdf,,DA3081040,leeg.pdf,
DA3323268,leeg.pdf,,DA3405860,leeg.pdf,,DA3530448,leeg.pdf,,DA3652477,leeg.pdf,,DA3164194,leeg.pdf,,DA3301114,leeg.pdf,,DA3649967,leeg.pdf,,DA3764389,leeg.pdf,,DA3042676,leeg.pdf,,DA3312222,leeg.pdf,,DA3157099,leeg.pdf,,DA3951432,leeg.pdf,,DA3130789,leeg.pdf,,DA3289970,leeg.pdf,,DA3915040,leeg.pdf,
DA3664662,leeg.pdf,,DA3091827,leeg.pdf,,DA3390702,leeg.pdf,,DA3174450,leeg.pdf,,DA3211293,leeg.pdf,,DA3383661,leeg.pdf,,DA3597713,leeg.pdf,,DA3163826,leeg.pdf,,DA3690023,leeg.pdf,,DA3334733,leeg.pdf,,DA3127709,leeg.pdf,,DA3880077,leeg.pdf,,DA3375676,leeg.pdf,,DA3107431,leeg.pdf,,DA3796556,leeg.pdf,
DA3951680,leeg.pdf,,DA3764346,leeg.pdf,,DA3048145,leeg.pdf,,DA3266616,leeg.pdf,,DA3408644,leeg.pdf,,DA3429829,leeg.pdf,,DA3344668,leeg.pdf,,DA3532021,leeg.pdf,,DA3452272,leeg.pdf,,DA3221588,leeg.pdf,,DA3749474,leeg.pdf,,DA3181351,leeg.pdf,,DA3128077,leeg.pdf,,DA3983750,leeg.pdf,,DA3106271,leeg.pdf,
DA3772374,leeg.pdf,,DA3685161,leeg.pdf,,DA3622657,leeg.pdf,,DA3877183,leeg.pdf,,DA3794330,leeg.pdf,,DA3989520,leeg.pdf,,DA3253448,leeg.pdf,,DA3668765,leeg.pdf,,DA3272371,leeg.pdf,,DA3903135,leeg.pdf,,DA3921535,leeg.pdf,,DA3101101,leeg.pdf,,DA3486224,leeg.pdf,,DA3952102,leeg.pdf,,DA3320207,leeg.pdf,
DA3833145,leeg.pdf,,DA3651458,leeg.pdf,,DA3160913,leeg.pdf,,DA3188879,leeg.pdf,,DA3459511,leeg.pdf,,DA3362452,leeg.pdf,,DA3339340,leeg.pdf,,DA3848784,leeg.pdf,,DA3647578,leeg.pdf,,DA3371481,leeg.pdf,,DA3735732,leeg.pdf,,DA3177080,leeg.pdf,,DA3219581,leeg.pdf,,DA3999584,leeg.pdf,,DA3765489,leeg.pdf,
DA3441377,leeg.pdf,,DA3810418,leeg.pdf,,DA3678411,leeg.pdf,,DA3443452,leeg.pdf,,DA3290658,leeg.pdf,,DA3451990,leeg.pdf,,DA3532128,leeg.pdf,,DA3650619,leeg.pdf,,DA3668582,leeg.pdf,,DA3154028,leeg.pdf,,DA3261820,leeg.pdf,,DA3922060,leeg.pdf,,DA3299201,leeg.pdf,,DA3436797,leeg.pdf,,DA3360507,leeg.pdf,
DA3464938,leeg.pdf,,DA3264630,leeg.pdf,,DA3730235,leeg.pdf,,DA3080938,leeg.pdf,,DA3666089,leeg.pdf,,DA3246434,leeg.pdf,,DA3118697,leeg.pdf,,DA3351651,leeg.pdf,,DA3109071,leeg.pdf,,DA3948305,leeg.pdf,,DA3085812,leeg.pdf,,DA3373716,leeg.pdf,,DA3656094,leeg.pdf,,DA3639021,leeg.pdf,,DA3635546,leeg.pdf,
DA3140985,leeg.pdf,,DA3783998,leeg.pdf,,DA3981120,leeg.pdf,,DA3570734,leeg.pdf,,DA3329272,leeg.pdf,,DA3956820,leeg.pdf,,DA3348957,leeg.pdf,,DA3452211,leeg.pdf,,DA3766811,leeg.pdf,,DA3631971,leeg.pdf,,DA3827045,leeg.pdf,,DA3553436,leeg.pdf,,DA3597909,leeg.pdf,,DA3225719,leeg.pdf,,DA3881461,leeg.pdf,
DA3450204,leeg.pdf,,DA3259119,leeg.pdf,,DA3198116,leeg.pdf,,DA3167318,leeg.pdf,,DA3166685,leeg.pdf,,DA3738607,leeg.pdf,,DA3938628,leeg.pdf,,DA3070753,leeg.pdf,,DA3209752,leeg.pdf,,DA3402954,leeg.pdf,,DA3566816,leeg.pdf,,DA3819310,leeg.pdf,,DA3189986,leeg.pdf,,DA3194489,leeg.pdf,,DA3768252,leeg.pdf,
DA3670801,leeg.pdf,,DA3067540,leeg.pdf,,DA3085971,leeg.pdf,,DA3435704,leeg.pdf,,DA3699749,leeg.pdf,,DA3452444,leeg.pdf,,DA3207449,leeg.pdf,,DA3285502,leeg.pdf,,DA3422608,leeg.pdf,,DA3615398,leeg.pdf,,DA3203716,leeg.pdf,,DA3995435,leeg.pdf,,DA3931634,leeg.pdf,,DA3567141,leeg.pdf,,DA3604060,leeg.pdf,
DA3751419,leeg.pdf,,DA3046023,leeg.pdf,,DA3769729,leeg.pdf,,DA3160587,leeg.pdf,,DA3740143,leeg.pdf,,DA3740371,leeg.pdf,,DA3396715,leeg.pdf,,DA3647079,leeg.pdf,,DA3743396,leeg.pdf,,DA3226344,leeg.pdf,,DA3227685,leeg.pdf,,DA3200914,leeg.pdf,,DA3424233,leeg.pdf,,DA3119645,leeg.pdf,,DA3313348,leeg.pdf,
DA3237258,leeg.pdf,,DA3834712,leeg.pdf,,DA3137483,leeg.pdf,,DA3405387,leeg.pdf,,DA3431983,leeg.pdf,,DA3269681,leeg.pdf,,DA3309032,leeg.pdf,,DA3336895,leeg.pdf,,DA3210360,leeg.pdf,,DA3126743,leeg.pdf,,DA3797973,leeg.pdf,,DA3351711,leeg.pdf,,DA3564564,leeg.pdf,,DA3302587,leeg.pdf,,DA3277815,leeg.pdf,
DA3718449,leeg.pdf,,DA3244208,leeg.pdf,,DA3785272,leeg.pdf,,DA3858399,leeg.pdf,,DA3437922,leeg.pdf,,DA3043419,leeg.pdf,,DA3106051,leeg.pdf,,DA3541021,leeg.pdf,,DA3132113,leeg.pdf,,DA3324710,leeg.pdf,,DA3952244,leeg.pdf,,DA3059184,leeg.pdf,,DA3827051,leeg.pdf,,DA3896203,leeg.pdf,,DA3916714,leeg.pdf,
DA3118354,leeg.pdf,,DA3613859,leeg.pdf,,DA3248212,leeg.pdf,,DA3619883,leeg.pdf,,DA3624216,leeg.pdf,,DA3090606,leeg.pdf,,DA3172035,leeg.pdf,,DA3325990,leeg.pdf,,DA3665366,leeg.pdf,,DA3630963,leeg.pdf,,DA3534779,leeg.pdf,,DA3379999,leeg.pdf,,DA3862807,leeg.pdf,,DA3280865,leeg.pdf,,DA3479057,leeg.pdf,
DA3070001,leeg.pdf,,DA3197123,leeg.pdf,,DA3476346,leeg.pdf,,DA3099914,leeg.pdf,,DA3513033,leeg.pdf,,DA3479611,leeg.pdf,,DA3250675,leeg.pdf,,DA3810222,leeg.pdf,,DA3058545,leeg.pdf,,DA3136748,leeg.pdf,,DA3569192,leeg.pdf,,DA3103120,leeg.pdf,,DA3079157,leeg.pdf,,DA3199928,leeg.pdf,,DA3355786,leeg.pdf,
DA3233142,leeg.pdf,,DA3327985,leeg.pdf,,DA3054219,leeg.pdf,,DA3112445,leeg.pdf,,DA3451040,leeg.pdf,,DA3905411,leeg.pdf,,DA3563127,leeg.pdf,,DA3031358,leeg.pdf,,DA3645964,leeg.pdf,,DA3905401,leeg.pdf,,DA3707931,leeg.pdf,,DA3925775,leeg.pdf,,DA3849095,leeg.pdf,,DA3785704,leeg.pdf,,DA3326746,leeg.pdf,
DA3079803,leeg.pdf,,DA3079351,leeg.pdf,,DA3904587,leeg.pdf,,DA3050805,leeg.pdf,,DA3335066,leeg.pdf,,DA3728630,leeg.pdf,,DA3965292,leeg.pdf,,DA3933830,leeg.pdf,,DA3895177,leeg.pdf,,DA3193618,leeg.pdf,,DA3289888,leeg.pdf,,DA3166155,leeg.pdf,,DA3378883,leeg.pdf,,DA3055157,leeg.pdf,,DA3584427,leeg.pdf,
DA3795165,leeg.pdf,,DA3168137,leeg.pdf,,DA3124743,leeg.pdf,,DA3235287,leeg.pdf,,DA3341908,leeg.pdf,,DA3124082,leeg.pdf,,DA3116826,leeg.pdf,,DA3373329,leeg.pdf,,DA3178585,leeg.pdf,,DA3350936,leeg.pdf,,DA3175701,leeg.pdf,,DA3447381,leeg.pdf,,DA3963210,leeg.pdf,,DA3552076,leeg.pdf,,DA3297903,leeg.pdf,
DA3764180,leeg.pdf,,DA3150611,leeg.pdf,,DA3402120,leeg.pdf,,DA3150728,leeg.pdf,,DA3246697,leeg.pdf,,DA3902817,leeg.pdf,,DA3124589,leeg.pdf,,DA3137068,leeg.pdf,,DA3549996,leeg.pdf,,DA3513393,leeg.pdf,,DA3454018,leeg.pdf,,DA3207379,leeg.pdf,,DA3188110,leeg.pdf,,DA3668393,leeg.pdf,,DA3230322,leeg.pdf,
DA3304503,leeg.pdf,,DA3587402,leeg.pdf,,DA3206923,leeg.pdf,,DA3835871,leeg.pdf,,DA3539119,leeg.pdf,,DA3269796,leeg.pdf,,DA3817980,leeg.pdf,,DA3761504,leeg.pdf,,DA3030098,leeg.pdf,,DA3957008,leeg.pdf,,DA3098295,leeg.pdf,,DA3918123,leeg.pdf,,DA3494396,leeg.pdf,,DA3353262,leeg.pdf,,DA3219372,leeg.pdf,
DA3967670,leeg.pdf,,DA3350354,leeg.pdf,,DA3890120,leeg.pdf,,DA3925601,leeg.pdf,,DA3193897,leeg.pdf,,DA3311980,leeg.pdf,,DA3497565,leeg.pdf,,DA3652879,leeg.pdf,,DA3399989,leeg.pdf,,DA3297052,leeg.pdf,,DA3146855,leeg.pdf,,DA3472102,leeg.pdf,,DA3175019,leeg.pdf,,DA3144785,leeg.pdf,,DA3199367,leeg.pdf,
DA3296420,leeg.pdf,,DA3529485,leeg.pdf,,DA3206538,leeg.pdf,,DA3104507,leeg.pdf,,DA3844104,leeg.pdf,,DA3068476,leeg.pdf,,DA3199808,leeg.pdf,,DA3233439,leeg.pdf,,DA3905364,leeg.pdf,,DA3099807,leeg.pdf,,DA3489025,leeg.pdf,,DA3138459,leeg.pdf,,DA3231249,leeg.pdf,,DA3437872,leeg.pdf,,DA3057894,leeg.pdf,
DA3350611,leeg.pdf,,DA3242597,leeg.pdf,,DA3114932,leeg.pdf,,DA3139206,leeg.pdf,,DA3135701,leeg.pdf,,DA3129655,leeg.pdf,,DA3360303,leeg.pdf,,DA3991963,leeg.pdf,,DA3101245,leeg.pdf,,DA3097130,leeg.pdf,,DA3910636,leeg.pdf,,DA3266250,leeg.pdf,,DA3569636,leeg.pdf,,DA3535439,leeg.pdf,,DA3923434,leeg.pdf,
DA3918810,leeg.pdf,,DA3219224,leeg.pdf,,DA3257568,leeg.pdf,,DA3700261,leeg.pdf,,DA3278270,leeg.pdf,,DA3453221,leeg.pdf,,DA3063086,leeg.pdf,,DA3636272,leeg.pdf,,DA3337783,leeg.pdf,,DA3844709,leeg.pdf,,DA3084680,leeg.pdf,,DA3145603,leeg.pdf,,DA3810680,leeg.pdf,,DA3536288,leeg.pdf,,DA3528708,leeg.pdf,
DA3575303,leeg.pdf,,DA3329929,leeg.pdf,,DA3227213,leeg.pdf,,DA3144080,leeg.pdf,,DA3420261,leeg.pdf,,DA3223727,leeg.pdf,,DA3866667,leeg.pdf,,DA3776197,leeg.pdf,,DA3472723,leeg.pdf,,DA3088406,leeg.pdf,,DA3251861,leeg.pdf,,DA3972729,leeg.pdf,,DA3391564,leeg.pdf,,DA3164725,leeg.pdf,,DA3576742,leeg.pdf,
DA3351175,leeg.pdf,,DA3209007,leeg.pdf,,DA3262518,leeg.pdf,,DA3930093,leeg.pdf,,DA3786585,leeg.pdf,,DA3356078,leeg.pdf,,DA3238199,leeg.pdf,,DA3234793,leeg.pdf,,DA3148870,leeg.pdf,,DA3608798,leeg.pdf,,DA3472784,leeg.pdf,,DA3201692,leeg.pdf,,DA3882936,leeg.pdf,,DA3328392,leeg.pdf,,DA3160970,leeg.pdf,
DA3541793,leeg.pdf,,DA3952301,leeg.pdf,,DA3574497,leeg.pdf,,DA3200158,leeg.pdf,,DA3048508,leeg.pdf,,DA3600159,leeg.pdf,,DA3484638,leeg.pdf,,DA3150489,leeg.pdf,,DA3153854,leeg.pdf,,DA3510221,leeg.pdf,,DA3085779,leeg.pdf,,DA3403514,leeg.pdf,,DA3412854,leeg.pdf,,DA3495938,leeg.pdf,,DA3297522,leeg.pdf,
DA3575325,leeg.pdf,,DA3504178,leeg.pdf,,DA3696612,leeg.pdf,,DA3984394,leeg.pdf,,DA3405422,leeg.pdf,,DA3243935,leeg.pdf,,DA3686007,leeg.pdf,,DA3161005,leeg.pdf,,DA3877845,leeg.pdf,,DA3423369,leeg.pdf,,DA3431009,leeg.pdf,,DA3479104,leeg.pdf,,DA3315205,leeg.pdf,,DA3087623,leeg.pdf,,DA3707212,leeg.pdf,
DA3029019,leeg.pdf,,DA3869435,leeg.pdf,,DA3154304,leeg.pdf,,DA3392071,leeg.pdf,,DA3921847,leeg.pdf,,DA3184429,leeg.pdf,,DA3730026,leeg.pdf,,DA3350270,leeg.pdf,,DA3629164,leeg.pdf,,DA3372028,leeg.pdf,,DA3729802,leeg.pdf,,DA3728786,leeg.pdf,,DA3248267,leeg.pdf,,DA3871015,leeg.pdf,,DA3860197,leeg.pdf,
DA3393046,leeg.pdf,,DA3035855,leeg.pdf,,DA3614266,leeg.pdf,,DA3544930,leeg.pdf,,DA3781761,leeg.pdf,,DA3862975,leeg.pdf,,DA3404956,leeg.pdf,,DA3834497,leeg.pdf,,DA3516594,leeg.pdf,,DA3430825,leeg.pdf,,DA3726811,leeg.pdf,,DA3139162,leeg.pdf,,DA3303227,leeg.pdf,,DA3849306,leeg.pdf,,DA3695722,leeg.pdf,
DA3798516,leeg.pdf,,DA3075701,leeg.pdf,,DA3418507,leeg.pdf,,DA3873513,leeg.pdf,,DA3805068,leeg.pdf,,DA3995749,leeg.pdf,,DA3255285,leeg.pdf,,DA3969453,leeg.pdf,,DA3515684,leeg.pdf,,DA3083019,leeg.pdf,,DA3106737,leeg.pdf,,DA3812141,leeg.pdf,,DA3634904,leeg.pdf,,DA3912351,leeg.pdf,,DA3159821,leeg.pdf,
DA3673545,leeg.pdf,,DA3157593,leeg.pdf,,DA3503717,leeg.pdf,,DA3420302,leeg.pdf,,DA3361165,leeg.pdf,,DA3136426,leeg.pdf,,DA3122060,leeg.pdf,,DA3625770,leeg.pdf,,DA3226937,leeg.pdf,,DA3772003,leeg.pdf,,DA3203924,leeg.pdf,,DA3719333,leeg.pdf,,DA3494839,leeg.pdf,,DA3861789,leeg.pdf,,DA3214891,leeg.pdf,
DA3301803,leeg.pdf,,DA3091534,leeg.pdf,,DA3370480,leeg.pdf,,DA3581961,leeg.pdf,,DA3630979,leeg.pdf,,DA3696410,leeg.pdf,,DA3740960,leeg.pdf,,DA3252381,leeg.pdf,,DA3047711,leeg.pdf,,DA3271549,leeg.pdf,,DA3726847,leeg.pdf,,DA3487128,leeg.pdf,,DA3131540,leeg.pdf,,DA3197540,leeg.pdf,,DA3044223,leeg.pdf,
DA3127519,leeg.pdf,,DA3422644,leeg.pdf,,DA3380712,leeg.pdf,,DA3070052,leeg.pdf,,DA3260066,leeg.pdf,,DA3191321,leeg.pdf,,DA3037881,leeg.pdf,,DA3042913,leeg.pdf,,DA3320835,leeg.pdf,,DA3277971,leeg.pdf,,DA3704778,leeg.pdf,,DA3229249,leeg.pdf,,DA3453599,leeg.pdf,,DA3850894,leeg.pdf,,DA3042484,leeg.pdf,
DA3907533,leeg.pdf,,DA3687007,leeg.pdf,,DA3663011,leeg.pdf,,DA3134097,leeg.pdf,,DA3208466,leeg.pdf,,DA3937697,leeg.pdf,,DA3382954,leeg.pdf,,DA3404399,leeg.pdf,,DA3125578,leeg.pdf,,DA3510011,leeg.pdf,,DA3110182,leeg.pdf,,DA3147540,leeg.pdf,,DA3410964,leeg.pdf,,DA3452762,leeg.pdf,,DA3901635,leeg.pdf,
DA3222558,leeg.pdf,,DA3955883,leeg.pdf,,DA3614947,leeg.pdf,,DA3135835,leeg.pdf,,DA3138920,leeg.pdf,,DA3037005,leeg.pdf,,DA3570945,leeg.pdf,,DA3354609,leeg.pdf,,DA3132701,leeg.pdf,,DA3480505,leeg.pdf,,DA3080791,leeg.pdf,,DA3945757,leeg.pdf,,DA3886200,leeg.pdf,,DA3414727,leeg.pdf,,DA3398935,leeg.pdf,
DA3447328,leeg.pdf,,DA3305908,leeg.pdf,,DA3907126,leeg.pdf,,DA3440851,leeg.pdf,,DA3146850,leeg.pdf,,DA3715279,leeg.pdf,,DA3802373,leeg.pdf,,DA3450242,leeg.pdf,,DA3858165,leeg.pdf,,DA3130259,leeg.pdf,,DA3066193,leeg.pdf,,DA3968608,leeg.pdf,,DA3197022,leeg.pdf,,DA3761956,leeg.pdf,,DA3177444,leeg.pdf,
DA3764396,leeg.pdf,,DA3710596,leeg.pdf,,DA3742069,leeg.pdf,,DA3079976,leeg.pdf,,DA3680547,leeg.pdf,,DA3167740,leeg.pdf,,DA3480205,leeg.pdf,,DA3346888,leeg.pdf,,DA3657102,leeg.pdf,,DA3145629,leeg.pdf,,DA3325429,leeg.pdf,,DA3953710,leeg.pdf,,DA3543174,leeg.pdf,,DA3095609,leeg.pdf,,DA3088769,leeg.pdf,
DA3627246,leeg.pdf,,DA3052066,leeg.pdf,,DA3233746,leeg.pdf,,DA3668239,leeg.pdf,,DA3146150,leeg.pdf,,DA3229264,leeg.pdf,,DA3589691,leeg.pdf,,DA3709898,leeg.pdf,,DA3271712,leeg.pdf,,DA3296814,leeg.pdf,,DA3914363,leeg.pdf,,DA3393118,leeg.pdf,,DA3045936,leeg.pdf,,DA3279145,leeg.pdf,,DA3127555,leeg.pdf,
DA3169943,leeg.pdf,,DA3775090,leeg.pdf,,DA3167293,leeg.pdf,,DA3162542,leeg.pdf,,DA3140137,leeg.pdf,,DA3499463,leeg.pdf,,DA3082443,leeg.pdf,,DA3173223,leeg.pdf,,DA3075693,leeg.pdf,,DA3081121,leeg.pdf,,DA3872333,leeg.pdf,,DA3196325,leeg.pdf,,DA3073326,leeg.pdf,,DA3529744,leeg.pdf,,DA3155306,leeg.pdf,
DA3192343,leeg.pdf,,DA3636759,leeg.pdf,,DA3184335,leeg.pdf,,DA3409742,leeg.pdf,,DA3071676,leeg.pdf,,DA3297094,leeg.pdf,,DA3489916,leeg.pdf,,DA3503321,leeg.pdf,,DA3261313,leeg.pdf,,DA3240859,leeg.pdf,,DA3160698,leeg.pdf,,DA3240579,leeg.pdf,,DA3798686,leeg.pdf,,DA3548527,leeg.pdf,,DA3350240,leeg.pdf,
DA3270553,leeg.pdf,,DA3193230,leeg.pdf,,DA3916292,leeg.pdf,,DA3262673,leeg.pdf,,DA3518988,leeg.pdf,,DA3922654,leeg.pdf,,DA3161262,leeg.pdf,,DA3569957,leeg.pdf,,DA3593407,leeg.pdf,,DA3142011,leeg.pdf,,DA3042074,leeg.pdf,,DA3312413,leeg.pdf,,DA3187184,leeg.pdf,,DA3364733,leeg.pdf,,DA3756466,leeg.pdf,
DA3233518,leeg.pdf,,DA3116543,leeg.pdf,,DA3318793,leeg.pdf,,DA3769454,leeg.pdf,,DA3718515,leeg.pdf,,DA3136887,leeg.pdf,,DA3455723,leeg.pdf,,DA3899880,leeg.pdf,,DA3845177,leeg.pdf,,DA3112764,leeg.pdf,,DA3768731,leeg.pdf,,DA3219835,leeg.pdf,,DA3200246,leeg.pdf,,DA3285066,leeg.pdf,,DA3714470,leeg.pdf,
DA3203679,leeg.pdf,,DA3567360,leeg.pdf,,DA3366373,leeg.pdf,,DA3254787,leeg.pdf,,DA3452672,leeg.pdf,,DA3167413,leeg.pdf,,DA3143098,leeg.pdf,,DA3195999,leeg.pdf,,DA3291612,leeg.pdf,,DA3732126,leeg.pdf,,DA3562744,leeg.pdf,,DA3203360,leeg.pdf,,DA3507963,leeg.pdf,,DA3717325,leeg.pdf,,DA3492626,leeg.pdf,
DA3476981,leeg.pdf,,DA3056307,leeg.pdf,,DA3813749,leeg.pdf,,DA3039559,leeg.pdf,,DA3876391,leeg.pdf,,DA3655102,leeg.pdf,,DA3301006,leeg.pdf,,DA3749630,leeg.pdf,,DA3513069,leeg.pdf,,DA3775736,leeg.pdf,,DA3795437,leeg.pdf,,DA3746993,leeg.pdf,,DA3772226,leeg.pdf,,DA3272443,leeg.pdf,,DA3125671,leeg.pdf,
DA3181125,leeg.pdf,,DA3501487,leeg.pdf,,DA3196206,leeg.pdf,,DA3107057,leeg.pdf,,DA3915885,leeg.pdf,,DA3197982,leeg.pdf,,DA3125415,leeg.pdf,,DA3809379,leeg.pdf,,DA3630101,leeg.pdf,,DA3731038,leeg.pdf,,DA3640602,leeg.pdf,,DA3475642,leeg.pdf,,DA3321362,leeg.pdf,,DA3266227,leeg.pdf,,DA3038992,leeg.pdf,
DA3854039,leeg.pdf,,DA3854846,leeg.pdf,,DA3344885,leeg.pdf,,DA3848274,leeg.pdf,,DA3606334,leeg.pdf,,DA3071804,leeg.pdf,,DA3725853,leeg.pdf,,DA3082057,leeg.pdf,,DA3402456,leeg.pdf,,DA3192573,leeg.pdf,,DA3541034,leeg.pdf,,DA3405069,leeg.pdf,,DA3050538,leeg.pdf,,DA3623674,leeg.pdf,,DA3252519,leeg.pdf,
DA3938222,leeg.pdf,,DA3452053,leeg.pdf,,DA3195491,leeg.pdf,,DA3424417,leeg.pdf,,DA3922845,leeg.pdf,,DA3201805,leeg.pdf,,DA3908311,leeg.pdf,,DA3965445,leeg.pdf,,DA3743973,leeg.pdf,,DA3515776,leeg.pdf,,DA3236958,leeg.pdf,,DA3598762,leeg.pdf,,DA3114755,leeg.pdf,,DA3520167,leeg.pdf,,DA3662689,leeg.pdf,
DA3075206,leeg.pdf,,DA3456190,leeg.pdf,,DA3807116,leeg.pdf,,DA3181431,leeg.pdf,,DA3685495,leeg.pdf,,DA3481240,leeg.pdf,,DA3970705,leeg.pdf,,DA3256086,leeg.pdf,,DA3759053,leeg.pdf,,DA3590046,leeg.pdf,,DA3601681,leeg.pdf,,DA3781971,leeg.pdf,,DA3069489,leeg.pdf,,DA3572615,leeg.pdf,,DA3537339,leeg.pdf,
DA3228735,leeg.pdf,,DA3256431,leeg.pdf,,DA3170489,leeg.pdf,,DA3139236,leeg.pdf,,DA3376664,leeg.pdf,,DA3155565,leeg.pdf,,DA3692272,leeg.pdf,,DA3429894,leeg.pdf,,DA3404633,leeg.pdf,,DA3539853,leeg.pdf,,DA3083903,leeg.pdf,,DA3107437,leeg.pdf,,DA3239704,leeg.pdf,,DA3545140,leeg.pdf,,DA3802428,leeg.pdf,
DA3274696,leeg.pdf,,DA3877469,leeg.pdf,,DA3216058,leeg.pdf,,DA3072729,leeg.pdf,,DA3512267,leeg.pdf,,DA3173856,leeg.pdf,,DA3991782,leeg.pdf,,DA3033481,leeg.pdf,,DA3214790,leeg.pdf,,DA3110640,leeg.pdf,,DA3768150,leeg.pdf,,DA3934260,leeg.pdf,,DA3062272,leeg.pdf,,DA3304888,leeg.pdf,,DA3154326,leeg.pdf,
DA3198136,leeg.pdf,,DA3630530,leeg.pdf,,DA3885816,leeg.pdf,,DA3233945,leeg.pdf,,DA3404383,leeg.pdf,,DA3233938,leeg.pdf,,DA3306750,leeg.pdf,,DA3503934,leeg.pdf,,DA3109569,leeg.pdf,,DA3199242,leeg.pdf,,DA3473102,leeg.pdf,,DA3694239,leeg.pdf,,DA3677307,leeg.pdf,,DA3400883,leeg.pdf,,DA3360932,leeg.pdf,
DA3433810,leeg.pdf,,DA3344795,leeg.pdf,,DA3270686,leeg.pdf,,DA3154576,leeg.pdf,,DA3948901,leeg.pdf,,DA3962940,leeg.pdf,,DA3157040,leeg.pdf,,DA3338954,leeg.pdf,,DA3431121,leeg.pdf,,DA3165428,leeg.pdf,,DA3356336,leeg.pdf,,DA3411017,leeg.pdf,,DA3958769,leeg.pdf,,DA3977578,leeg.pdf,,DA3093301,leeg.pdf,
DA3058468,leeg.pdf,,DA3493218,leeg.pdf,,DA3962011,leeg.pdf,,DA3967777,leeg.pdf,,DA3995508,leeg.pdf,,DA3757519,leeg.pdf,,DA3770062,leeg.pdf,,DA3259560,leeg.pdf,,DA3981843,leeg.pdf,,DA3633418,leeg.pdf,,DA3970841,leeg.pdf,,DA3611714,leeg.pdf,,DA3362606,leeg.pdf,,DA3141399,leeg.pdf,,DA3398675,leeg.pdf,
DA3511975,leeg.pdf,,DA3718215,leeg.pdf,,DA3970249,leeg.pdf,,DA3446231,leeg.pdf,,DA3174298,leeg.pdf,,DA3866758,leeg.pdf,,DA3341820,leeg.pdf,,DA3733204,leeg.pdf,,DA3475721,leeg.pdf,,DA3284790,leeg.pdf,,DA3709943,leeg.pdf,,DA3270588,leeg.pdf,,DA3064497,leeg.pdf,,DA3149664,leeg.pdf,,DA3118150,leeg.pdf,
DA3060068,leeg.pdf,,DA3676422,leeg.pdf,,DA3209408,leeg.pdf,,DA3182630,leeg.pdf,,DA3556329,leeg.pdf,,DA3781962,leeg.pdf,,DA3720538,leeg.pdf,,DA3218130,leeg.pdf,,DA3896684,leeg.pdf,,DA3922007,leeg.pdf,,DA3861401,leeg.pdf,,DA3783719,leeg.pdf,,DA3912423,leeg.pdf,,DA3610191,leeg.pdf,,DA3157031,leeg.pdf,
DA3287018,leeg.pdf,,DA3828129,leeg.pdf,,DA3380459,leeg.pdf,,DA3734242,leeg.pdf,,DA3348856,leeg.pdf,,DA3516442,leeg.pdf,,DA3345522,leeg.pdf,,DA3724304,leeg.pdf,,DA3094243,leeg.pdf,,DA3089822,leeg.pdf,,DA3092673,leeg.pdf,,DA3192160,leeg.pdf,,DA3166008,leeg.pdf,,DA3917448,leeg.pdf,,DA3072462,leeg.pdf,
DA3940394,leeg.pdf,,DA3699718,leeg.pdf,,DA3699969,leeg.pdf,,DA3648428,leeg.pdf,,DA3092828,leeg.pdf,,DA3144286,leeg.pdf,,DA3141700,leeg.pdf,,DA3817656,leeg.pdf,,DA3996414,leeg.pdf,,DA3050978,leeg.pdf,,DA3942562,leeg.pdf,,DA3226277,leeg.pdf,,DA3320736,leeg.pdf,,DA3358494,leeg.pdf,,DA3363654,leeg.pdf,
DA3350968,leeg.pdf,,DA3183175,leeg.pdf,,DA3884460,leeg.pdf,,DA3870795,leeg.pdf,,DA3193042,leeg.pdf,,DA3300723,leeg.pdf,,DA3950353,leeg.pdf,,DA3790973,leeg.pdf,,DA3047397,leeg.pdf,,DA3303798,leeg.pdf,,DA3115123,leeg.pdf,,DA3061151,leeg.pdf,,DA3806544,leeg.pdf,,DA3555838,leeg.pdf,,DA3493846,leeg.pdf,
DA3524468,leeg.pdf,,DA3360842,leeg.pdf,,DA3122218,leeg.pdf,,DA3781691,leeg.pdf,,DA3294065,leeg.pdf,,DA3913711,leeg.pdf,,DA3377693,leeg.pdf,,DA3562301,leeg.pdf,,DA3505406,leeg.pdf,,DA3976555,leeg.pdf,,DA3819569,leeg.pdf,,DA3491423,leeg.pdf,,DA3105630,leeg.pdf,,DA3138233,leeg.pdf,,DA3035241,leeg.pdf,
DA3400673,leeg.pdf,,DA3150371,leeg.pdf,,DA3859152,leeg.pdf,,DA3826911,leeg.pdf,,DA3252267,leeg.pdf,,DA3924849,leeg.pdf,,DA3235077,leeg.pdf,,DA3910739,leeg.pdf,,DA3310486,leeg.pdf,,DA3381915,leeg.pdf,,DA3135603,leeg.pdf,,DA3926739,leeg.pdf,,DA3936497,leeg.pdf,,DA3332394,leeg.pdf,,DA3946618,leeg.pdf,
DA3572235,leeg.pdf,,DA3496536,leeg.pdf,,DA3059743,leeg.pdf,,DA3373112,leeg.pdf,,DA3817509,leeg.pdf,,DA3058198,leeg.pdf,,DA3172585,leeg.pdf,,DA3198904,leeg.pdf,,DA3536924,leeg.pdf,,DA3119738,leeg.pdf,,DA3550041,leeg.pdf,,DA3358998,leeg.pdf,,DA3880420,leeg.pdf,,DA3156444,leeg.pdf,,DA3199627,leeg.pdf,
DA3598815,leeg.pdf,,DA3083465,leeg.pdf,,DA3775459,leeg.pdf,,DA3623721,leeg.pdf,,DA3844100,leeg.pdf,,DA3356962,leeg.pdf,,DA3100014,leeg.pdf,,DA3599037,leeg.pdf,,DA3460113,leeg.pdf,,DA3083618,leeg.pdf,,DA3201491,leeg.pdf,,DA3054351,leeg.pdf,,DA3207972,leeg.pdf,,DA3938114,leeg.pdf,,DA3775618,leeg.pdf,
DA3448331,leeg.pdf,,DA3104027,leeg.pdf,,DA3191783,leeg.pdf,,DA3356745,leeg.pdf,,DA3326608,leeg.pdf,,DA3618487,leeg.pdf,,DA3208719,leeg.pdf,,DA3053345,leeg.pdf,,DA3942871,leeg.pdf,,DA3187616,leeg.pdf,,DA3898135,leeg.pdf,,DA3662164,leeg.pdf,,DA3221473,leeg.pdf,,DA3178996,leeg.pdf,,DA3992721,leeg.pdf,
DA3555348,leeg.pdf,,DA3196349,leeg.pdf,,DA3835789,leeg.pdf,,DA3125093,leeg.pdf,,DA3260395,leeg.pdf,,DA3411911,leeg.pdf,,DA3195596,leeg.pdf,,DA3453501,leeg.pdf,,DA3635583,leeg.pdf,,DA3168821,leeg.pdf,,DA3705986,leeg.pdf,,DA3781298,leeg.pdf,,DA3887596,leeg.pdf,,DA3308072,leeg.pdf,,DA3119702,leeg.pdf,
DA3306942,leeg.pdf,,DA3155253,leeg.pdf,,DA3114116,leeg.pdf,,DA3831842,leeg.pdf,,DA3087275,leeg.pdf,,DA3685442,leeg.pdf,,DA3497543,leeg.pdf,,DA3117494,leeg.pdf,,DA3689670,leeg.pdf,,DA3138104,leeg.pdf,,DA3570207,leeg.pdf,,DA3432088,leeg.pdf,,DA3407132,leeg.pdf,,DA3361959,leeg.pdf,,DA3175745,leeg.pdf,
DA3900353,leeg.pdf,,DA3293803,leeg.pdf,,DA3969180,leeg.pdf,,DA3225982,leeg.pdf,,DA3080749,leeg.pdf,,DA3643309,leeg.pdf,,DA3601762,leeg.pdf,,DA3374705,leeg.pdf,,DA3935196,leeg.pdf,,DA3339557,leeg.pdf,,DA3757610,leeg.pdf,,DA3307469,leeg.pdf,,DA3659255,leeg.pdf,,DA3919644,leeg.pdf,,DA3189156,leeg.pdf,
DA3404613,leeg.pdf,,DA3473241,leeg.pdf,,DA3295160,leeg.pdf,,DA3113731,leeg.pdf,,DA3445632,leeg.pdf,,DA3094346,leeg.pdf,,DA3732425,leeg.pdf,,DA3095472,leeg.pdf,,DA3539460,leeg.pdf,,DA3962948,leeg.pdf,,DA3861835,leeg.pdf,,DA3685565,leeg.pdf,,DA3194347,leeg.pdf,,DA3351388,leeg.pdf,,DA3667469,leeg.pdf,
DA3951079,leeg.pdf,,DA3888173,leeg.pdf,,DA3446501,leeg.pdf,,DA3571587,leeg.pdf,,DA3234835,leeg.pdf,,DA3216212,leeg.pdf,,DA3335476,leeg.pdf,,DA3616325,leeg.pdf,,DA3567014,leeg.pdf,,DA3486324,leeg.pdf,,DA3393635,leeg.pdf,,DA3493833,leeg.pdf,,DA3382380,leeg.pdf,,DA3128571,leeg.pdf,,DA3661041,leeg.pdf,
DA3990524,leeg.pdf,,DA3255775,leeg.pdf,,DA3044085,leeg.pdf,,DA3902176,leeg.pdf,,DA3919817,leeg.pdf,,DA3790835,leeg.pdf,,DA3225893,leeg.pdf,,DA3257208,leeg.pdf,,DA3124413,leeg.pdf,,DA3178096,leeg.pdf,,DA3405466,leeg.pdf,,DA3545797,leeg.pdf,,DA3247917,leeg.pdf,,DA3849012,leeg.pdf,,DA3099053,leeg.pdf,
DA3562403,leeg.pdf,,DA3664115,leeg.pdf,,DA3441209,leeg.pdf,,DA3218088,leeg.pdf,,DA3689776,leeg.pdf,,DA3379430,leeg.pdf,,DA3333453,leeg.pdf,,DA3961711,leeg.pdf,,DA3065567,leeg.pdf,,DA3898113,leeg.pdf,,DA3344580,leeg.pdf,,DA3175240,leeg.pdf,,DA3410455,leeg.pdf,,DA3757442,leeg.pdf,,DA3990499,leeg.pdf,
DA3773876,leeg.pdf,,DA3128464,leeg.pdf,,DA3852205,leeg.pdf,,DA3819932,leeg.pdf,,DA3321649,leeg.pdf,,DA3562595,leeg.pdf,,DA3268495,leeg.pdf,,DA3152738,leeg.pdf,,DA3580085,leeg.pdf,,DA3972565,leeg.pdf,,DA3210182,leeg.pdf,,DA3684883,leeg.pdf,,DA3856766,leeg.pdf,,DA3835235,leeg.pdf,,DA3436789,leeg.pdf,
DA3803344,leeg.pdf,,DA3432811,leeg.pdf,,DA3096970,leeg.pdf,,DA3776967,leeg.pdf,,DA3584004,leeg.pdf,,DA3078912,leeg.pdf,,DA3359098,leeg.pdf,,DA3557968,leeg.pdf,,DA3672789,leeg.pdf,,DA3470229,leeg.pdf,,DA3247098,leeg.pdf,,DA3413788,leeg.pdf,,DA3574762,leeg.pdf,,DA3806051,leeg.pdf,,DA3916823,leeg.pdf,
DA3367622,leeg.pdf,,DA3821229,leeg.pdf,,DA3985318,leeg.pdf,,DA3401147,leeg.pdf,,DA3211814,leeg.pdf,,DA3583929,leeg.pdf,,DA3815545,leeg.pdf,,DA3993266,leeg.pdf,,DA3908401,leeg.pdf,,DA3984676,leeg.pdf,,DA3055245,leeg.pdf,,DA3313775,leeg.pdf,,DA3535789,leeg.pdf,,DA3214660,leeg.pdf,,DA3104712,leeg.pdf,
DA3082677,leeg.pdf,,DA3272890,leeg.pdf,,DA3088105,leeg.pdf,,DA3462186,leeg.pdf,,DA3483858,leeg.pdf,,DA3711381,leeg.pdf,,DA3917185,leeg.pdf,,DA3974284,leeg.pdf,,DA3117374,leeg.pdf,,DA3787733,leeg.pdf,,DA3839463,leeg.pdf,,DA3358763,leeg.pdf,,DA3142710,leeg.pdf,,DA3898593,leeg.pdf,,DA3792361,leeg.pdf,
DA3059587,leeg.pdf,,DA3817894,leeg.pdf,,DA3425053,leeg.pdf,,DA3174799,leeg.pdf,,DA3744600,leeg.pdf,,DA3679951,leeg.pdf,,DA3706488,leeg.pdf,,DA3113026,leeg.pdf,,DA3585585,leeg.pdf,,DA3934877,leeg.pdf,,DA3289133,leeg.pdf,,DA3588682,leeg.pdf,,DA3209702,leeg.pdf,,DA3467935,leeg.pdf,,DA3157843,leeg.pdf,
DA3496472,leeg.pdf,,DA3896809,leeg.pdf,,DA3464296,leeg.pdf,,DA3322192,leeg.pdf,,DA3846470,leeg.pdf,,DA3491851,leeg.pdf,,DA3589678,leeg.pdf,,DA3636675,leeg.pdf,,DA3531776,leeg.pdf,,DA3721477,leeg.pdf,,DA3554939,leeg.pdf,,DA3391235,leeg.pdf,,DA3172242,leeg.pdf,,DA3123241,leeg.pdf,,DA3487051,leeg.pdf,
DA3837567,leeg.pdf,,DA3108646,leeg.pdf,,DA3429986,leeg.pdf,,DA3818174,leeg.pdf,,DA3126372,leeg.pdf,,DA3812020,leeg.pdf,,DA3129696,leeg.pdf,,DA3506283,leeg.pdf,,DA3556736,leeg.pdf,,DA3650790,leeg.pdf,,DA3524783,leeg.pdf,,DA3440735,leeg.pdf,,DA3082217,leeg.pdf,,DA3480255,leeg.pdf,,DA3100602,leeg.pdf,
DA3046466,leeg.pdf,,DA3749625,leeg.pdf,,DA3118607,leeg.pdf,,DA3822246,leeg.pdf,,DA3146420,leeg.pdf,,DA3934071,leeg.pdf,,DA3987696,leeg.pdf,,DA3102035,leeg.pdf,,DA3518206,leeg.pdf,,DA3128570,leeg.pdf,,DA3373244,leeg.pdf,,DA3869414,leeg.pdf,,DA3155229,leeg.pdf,,DA3249464,leeg.pdf,,DA3876649,leeg.pdf,
DA3793845,leeg.pdf,,DA3117297,leeg.pdf,,DA3494333,leeg.pdf,,DA3404403,leeg.pdf,,DA3615771,leeg.pdf,,DA3192613,leeg.pdf,,DA3134786,leeg.pdf,,DA3863088,leeg.pdf,,DA3373708,leeg.pdf,,DA3819123,leeg.pdf,,DA3522833,leeg.pdf,,DA3447198,leeg.pdf,,DA3163836,leeg.pdf,,DA3593313,leeg.pdf,,DA3437073,leeg.pdf,
DA3325070,leeg.pdf,,DA3213494,leeg.pdf,,DA3142829,leeg.pdf,,DA3056490,leeg.pdf,,DA3215615,leeg.pdf,,DA3289592,leeg.pdf,,DA3228558,leeg.pdf,,DA3551212,leeg.pdf,,DA3107552,leeg.pdf,,DA3388621,leeg.pdf,,DA3283254,leeg.pdf,,DA3335467,leeg.pdf,,DA3122231,leeg.pdf,,DA3518482,leeg.pdf,,DA3860471,leeg.pdf,
DA3325644,leeg.pdf,,DA3524629,leeg.pdf,,DA3669163,leeg.pdf,,DA3599239,leeg.pdf,,DA3122162,leeg.pdf,,DA3225895,leeg.pdf,,DA3999526,leeg.pdf,,DA3565613,leeg.pdf,,DA3235863,leeg.pdf,,DA3078665,leeg.pdf,,DA3181039,leeg.pdf,,DA3366717,leeg.pdf,,DA3956695,leeg.pdf,,DA3817132,leeg.pdf,,DA3365263,leeg.pdf,
DA3351371,leeg.pdf,,DA3194651,leeg.pdf,,DA3326397,leeg.pdf,,DA3861644,leeg.pdf,,DA3823906,leeg.pdf,,DA3095950,leeg.pdf,,DA3102685,leeg.pdf,,DA3241473,leeg.pdf,,DA3728533,leeg.pdf,,DA3177337,leeg.pdf,,DA3170941,leeg.pdf,,DA3707229,leeg.pdf,,DA3283952,leeg.pdf,,DA3441792,leeg.pdf,,DA3337432,leeg.pdf,
DA3594163,leeg.pdf,,DA3117025,leeg.pdf,,DA3173032,leeg.pdf,,DA3667317,leeg.pdf,,DA3985569,leeg.pdf,,DA3060571,leeg.pdf,,DA3551360,leeg.pdf,,DA3392572,leeg.pdf,,DA3511650,leeg.pdf,,DA3661813,leeg.pdf,,DA3870238,leeg.pdf,,DA3220907,leeg.pdf,,DA3043356,leeg.pdf,,DA3858720,leeg.pdf,,DA3325665,leeg.pdf,
DA3547859,leeg.pdf,,DA3563543,leeg.pdf,,DA3175933,leeg.pdf,,DA3478759,leeg.pdf,,DA3400280,leeg.pdf,,DA3224189,leeg.pdf,,DA3907622,leeg.pdf,,DA3366677,leeg.pdf,,DA3082357,leeg.pdf,,DA3312540,leeg.pdf,,DA3997699,leeg.pdf,,DA3983858,leeg.pdf,,DA3590412,leeg.pdf,,DA3194818,leeg.pdf,,DA3064355,leeg.pdf,
DA3071756,leeg.pdf,,DA3647596,leeg.pdf,,DA3893695,leeg.pdf,,DA3547494,leeg.pdf,,DA3963508,leeg.pdf,,DA3665895,leeg.pdf,,DA3787310,leeg.pdf,,DA3946584,leeg.pdf,,DA3117383,leeg.pdf,,DA3412282,leeg.pdf,,DA3592044,leeg.pdf,,DA3433903,leeg.pdf,,DA3673902,leeg.pdf,,DA3798717,leeg.pdf,,DA3314850,leeg.pdf,
DA3660304,leeg.pdf,,DA3314773,leeg.pdf,,DA3348707,leeg.pdf,,DA3487376,leeg.pdf,,DA3374360,leeg.pdf,,DA3343329,leeg.pdf,,DA3253130,leeg.pdf,,DA3344214,leeg.pdf,,DA3102405,leeg.pdf,,DA3333139,leeg.pdf,,DA3378272,leeg.pdf,,DA3233114,leeg.pdf,,DA3093297,leeg.pdf,,DA3118989,leeg.pdf,,DA3587477,leeg.pdf,
DA3163849,leeg.pdf,,DA3105070,leeg.pdf,,DA3160820,leeg.pdf,,DA3915546,leeg.pdf,,DA3169538,leeg.pdf,,DA3204673,leeg.pdf,,DA3489979,leeg.pdf,,DA3101690,leeg.pdf,,DA3474646,leeg.pdf,,DA3394704,leeg.pdf,,DA3774779,leeg.pdf,,DA3235141,leeg.pdf,,DA3942917,leeg.pdf,,DA3327818,leeg.pdf,,DA3863614,leeg.pdf,
DA3197198,leeg.pdf,,DA3524758,leeg.pdf,,DA3274383,leeg.pdf,,DA3568543,leeg.pdf,,DA3763203,leeg.pdf,,DA3423330,leeg.pdf,,DA3643298,leeg.pdf,,DA3629419,leeg.pdf,,DA3808817,leeg.pdf,,DA3144322,leeg.pdf,,DA3629019,leeg.pdf,,DA3095184,leeg.pdf,,DA3599831,leeg.pdf,,DA3290811,leeg.pdf,,DA3142596,leeg.pdf,
DA3699023,leeg.pdf,,DA3613171,leeg.pdf,,DA3686216,leeg.pdf,,DA3958890,leeg.pdf,,DA3163451,leeg.pdf,,DA3441953,leeg.pdf,,DA3225434,leeg.pdf,,DA3188269,leeg.pdf,,DA3094788,leeg.pdf,,DA3353396,leeg.pdf,,DA3566491,leeg.pdf,,DA3422886,leeg.pdf,,DA3074203,leeg.pdf,,DA3329694,leeg.pdf,,DA3131134,leeg.pdf,
DA3111561,leeg.pdf,,DA3739794,leeg.pdf,,DA3307154,leeg.pdf,,DA3943262,leeg.pdf,,DA3260140,leeg.pdf,,DA3171259,leeg.pdf,,DA3377793,leeg.pdf,,DA3133016,leeg.pdf,,DA3862255,leeg.pdf,,DA3767837,leeg.pdf,,DA3066683,leeg.pdf,,DA3556470,leeg.pdf,,DA3373598,leeg.pdf,,DA3770301,leeg.pdf,,DA3737656,leeg.pdf,
DA3475251,leeg.pdf,,DA3212387,leeg.pdf,,DA3266303,leeg.pdf,,DA3730672,leeg.pdf,,DA3244214,leeg.pdf,,DA3447502,leeg.pdf,,DA3682685,leeg.pdf,,DA3104288,leeg.pdf,,DA3600810,leeg.pdf,,DA3691457,leeg.pdf,,DA3469563,leeg.pdf,,DA3300846,leeg.pdf,,DA3930973,leeg.pdf,,DA3200964,leeg.pdf,,DA3322488,leeg.pdf,
DA3182823,leeg.pdf,,DA3136621,leeg.pdf,,DA3039486,leeg.pdf,,DA3988665,leeg.pdf,,DA3897763,leeg.pdf,,DA3887491,leeg.pdf,,DA3890493,leeg.pdf,,DA3746159,leeg.pdf,,DA3422290,leeg.pdf,,DA3698878,leeg.pdf,,DA3766389,leeg.pdf,,DA3560542,leeg.pdf,,DA3864657,leeg.pdf,,DA3394897,leeg.pdf,,DA3269894,leeg.pdf,
DA3627464,leeg.pdf,,DA3337886,leeg.pdf,,DA3921718,leeg.pdf,,DA3614272,leeg.pdf,,DA3652426,leeg.pdf,,DA3687015,leeg.pdf,,DA3112783,leeg.pdf,,DA3750272,leeg.pdf,,DA3090964,leeg.pdf,,DA3144821,leeg.pdf,,DA3890018,leeg.pdf,,DA3593418,leeg.pdf,,DA3232081,leeg.pdf,,DA3640653,leeg.pdf,,DA3227320,leeg.pdf,
DA3067692,leeg.pdf,,DA3210667,leeg.pdf,,DA3314685,leeg.pdf,,DA3551944,leeg.pdf,,DA3308021,leeg.pdf,,DA3392199,leeg.pdf,,DA3976652,leeg.pdf,,DA3373835,leeg.pdf,,DA3612287,leeg.pdf,,DA3740724,leeg.pdf,,DA3720239,leeg.pdf,,DA3896822,leeg.pdf,,DA3586119,leeg.pdf,,DA3631886,leeg.pdf,,DA3196444,leeg.pdf,
DA3664868,leeg.pdf,,DA3361365,leeg.pdf,,DA3942395,leeg.pdf,,DA3507397,leeg.pdf,,DA3203989,leeg.pdf,,DA3867815,leeg.pdf,,DA3396666,leeg.pdf,,DA3479891,leeg.pdf,,DA3523298,leeg.pdf,,DA3384541,leeg.pdf,,DA3604228,leeg.pdf,,DA3215203,leeg.pdf,,DA3041740,leeg.pdf,,DA3195761,leeg.pdf,,DA3681571,leeg.pdf,
DA3979596,leeg.pdf,,DA3563449,leeg.pdf,,DA3093686,leeg.pdf,,DA3279957,leeg.pdf,,DA3948922,leeg.pdf,,DA3486611,leeg.pdf,,DA3926069,leeg.pdf,,DA3391669,leeg.pdf,,DA3478288,leeg.pdf,,DA3077326,leeg.pdf,,DA3195196,leeg.pdf,,DA3030693,leeg.pdf,,DA3070906,leeg.pdf,,DA3165212,leeg.pdf,,DA3611559,leeg.pdf,
DA3453581,leeg.pdf,,DA3502431,leeg.pdf,,DA3750776,leeg.pdf,,DA3346763,leeg.pdf,,DA3213464,leeg.pdf,,DA3321754,leeg.pdf,,DA3648447,leeg.pdf,,DA3509910,leeg.pdf,,DA3266983,leeg.pdf,,DA3686857,leeg.pdf,,DA3098274,leeg.pdf,,DA3091634,leeg.pdf,,DA3350602,leeg.pdf,,DA3620615,leeg.pdf,,DA3172718,leeg.pdf,
DA3936637,leeg.pdf,,DA3983447,leeg.pdf,,DA3174968,leeg.pdf,,DA3197249,leeg.pdf,,DA3214440,leeg.pdf,,DA3096993,leeg.pdf,,DA3461348,leeg.pdf,,DA3810076,leeg.pdf,,DA3258121,leeg.pdf,,DA3887914,leeg.pdf,,DA3448660,leeg.pdf,,DA3977069,leeg.pdf,,DA3467128,leeg.pdf,,DA3209439,leeg.pdf,,DA3872712,leeg.pdf,
DA3071056,leeg.pdf,,DA3353542,leeg.pdf,,DA3083824,leeg.pdf,,DA3891150,leeg.pdf,,DA3576906,leeg.pdf,,DA3947598,leeg.pdf,,DA3438584,leeg.pdf,,DA3126386,leeg.pdf,,DA3054329,leeg.pdf,,DA3919314,leeg.pdf,,DA3993975,leeg.pdf,,DA3734395,leeg.pdf,,DA3639816,leeg.pdf,,DA3836820,leeg.pdf,,DA3221152,leeg.pdf,
DA3591152,leeg.pdf,,DA3071376,leeg.pdf,,DA3492847,leeg.pdf,,DA3768195,leeg.pdf,,DA3350631,leeg.pdf,,DA3083262,leeg.pdf,,DA3483124,leeg.pdf,,DA3216384,leeg.pdf,,DA3687259,leeg.pdf,,DA3675668,leeg.pdf,,DA3034298,leeg.pdf,,DA3112244,leeg.pdf,,DA3197007,leeg.pdf,,DA3215552,leeg.pdf,,DA3226514,leeg.pdf,
DA3770870,leeg.pdf,,DA3111583,leeg.pdf,,DA3895121,leeg.pdf,,DA3367755,leeg.pdf,,DA3516855,leeg.pdf,,DA3686194,leeg.pdf,,DA3598786,leeg.pdf,,DA3474999,leeg.pdf,,DA3259727,leeg.pdf,,DA3181680,leeg.pdf,,DA3798257,leeg.pdf,,DA3066966,leeg.pdf,,DA3475605,leeg.pdf,,DA3414783,leeg.pdf,,DA3792021,leeg.pdf,
DA3428953,leeg.pdf,,DA3753071,leeg.pdf,,DA3404565,leeg.pdf,,DA3274004,leeg.pdf,,DA3347198,leeg.pdf,,DA3795055,leeg.pdf,,DA3716811,leeg.pdf,,DA3328727,leeg.pdf,,DA3619100,leeg.pdf,,DA3414854,leeg.pdf,,DA3176586,leeg.pdf,,DA3821758,leeg.pdf,,DA3079589,leeg.pdf,,DA3121214,leeg.pdf,,DA3965437,leeg.pdf,
DA3986777,leeg.pdf,,DA3847227,leeg.pdf,,DA3130797,leeg.pdf,,DA3069577,leeg.pdf,,DA3565876,leeg.pdf,,DA3099250,leeg.pdf,,DA3327456,leeg.pdf,,DA3142438,leeg.pdf,,DA3554453,leeg.pdf,,DA3523085,leeg.pdf,,DA3884539,leeg.pdf,,DA3574994,leeg.pdf,,DA3893976,leeg.pdf,,DA3783846,leeg.pdf,,DA3643188,leeg.pdf,
DA3113469,leeg.pdf,,DA3779269,leeg.pdf,,DA3047212,leeg.pdf,,DA3966176,leeg.pdf,,DA3616982,leeg.pdf,,DA3071674,leeg.pdf,,DA3832547,leeg.pdf,,DA3749938,leeg.pdf,,DA3929218,leeg.pdf,,DA3170049,leeg.pdf,,DA3595509,leeg.pdf,,DA3173753,leeg.pdf,,DA3653409,leeg.pdf,,DA3280231,leeg.pdf,,DA3157846,leeg.pdf,
DA3773274,leeg.pdf,,DA3131208,leeg.pdf,,DA3967865,leeg.pdf,,DA3363298,leeg.pdf,,DA3172443,leeg.pdf,,DA3649518,leeg.pdf,,DA3120371,leeg.pdf,,DA3452582,leeg.pdf,,DA3648439,leeg.pdf,,DA3298396,leeg.pdf,,DA3627354,leeg.pdf,,DA3198957,leeg.pdf,,DA3517387,leeg.pdf,,DA3588440,leeg.pdf,,DA3488167,leeg.pdf,
DA3274211,leeg.pdf,,DA3239897,leeg.pdf,,DA3526963,leeg.pdf,,DA3492678,leeg.pdf,,DA3791040,leeg.pdf,,DA3103843,leeg.pdf,,DA3821459,leeg.pdf,,DA3386391,leeg.pdf,,DA3710073,leeg.pdf,,DA3457593,leeg.pdf,,DA3054637,leeg.pdf,,DA3726599,leeg.pdf,,DA3356287,leeg.pdf,,DA3056709,leeg.pdf,,DA3573197,leeg.pdf,
DA3174425,leeg.pdf,,DA3061301,leeg.pdf,,DA3186019,leeg.pdf,,DA3460720,leeg.pdf,,DA3550133,leeg.pdf,,DA3878466,leeg.pdf,,DA3829184,leeg.pdf,,DA3237742,leeg.pdf,,DA3414017,leeg.pdf,,DA3385310,leeg.pdf,,DA3667219,leeg.pdf,,DA3053721,leeg.pdf,,DA3858702,leeg.pdf,,DA3102798,leeg.pdf,,DA3797135,leeg.pdf,
DA3319603,leeg.pdf,,DA3089659,leeg.pdf,,DA3127128,leeg.pdf,,DA3309192,leeg.pdf,,DA3455813,leeg.pdf,,DA3966624,leeg.pdf,,DA3285595,leeg.pdf,,DA3970100,leeg.pdf,,DA3405428,leeg.pdf,,DA3732856,leeg.pdf,,DA3217736,leeg.pdf,,DA3498844,leeg.pdf,,DA3257887,leeg.pdf,,DA3063836,leeg.pdf,,DA3984478,leeg.pdf,
DA3046280,leeg.pdf,,DA3784605,leeg.pdf,,DA3385806,leeg.pdf,,DA3046888,leeg.pdf,,DA3326923,leeg.pdf,,DA3999125,leeg.pdf,,DA3063446,leeg.pdf,,DA3391284,leeg.pdf,,DA3660038,leeg.pdf,,DA3749218,leeg.pdf,,DA3136677,leeg.pdf,,DA3931793,leeg.pdf,,DA3307860,leeg.pdf,,DA3076095,leeg.pdf,,DA3932929,leeg.pdf,
DA3452615,leeg.pdf,,DA3250055,leeg.pdf,,DA3454918,leeg.pdf,,DA3341905,leeg.pdf,,DA3623885,leeg.pdf,,DA3987950,leeg.pdf,,DA3310667,leeg.pdf,,DA3905689,leeg.pdf,,DA3572314,leeg.pdf,,DA3418107,leeg.pdf,,DA3466262,leeg.pdf,,DA3656020,leeg.pdf,,DA3635550,leeg.pdf,,DA3242231,leeg.pdf,,DA3249347,leeg.pdf,
DA3295779,leeg.pdf,,DA3583944,leeg.pdf,,DA3075556,leeg.pdf,,DA3984261,leeg.pdf,,DA3314051,leeg.pdf,,DA3647917,leeg.pdf,,DA3174877,leeg.pdf,,DA3144240,leeg.pdf,,DA3159956,leeg.pdf,,DA3764938,leeg.pdf,,DA3987637,leeg.pdf,,DA3848600,leeg.pdf,,DA3612980,leeg.pdf,,DA3365619,leeg.pdf,,DA3180459,leeg.pdf,
DA3506889,leeg.pdf,,DA3726132,leeg.pdf,,DA3121318,leeg.pdf,,DA3307104,leeg.pdf,,DA3549163,leeg.pdf,,DA3457195,leeg.pdf,,DA3043184,leeg.pdf,,DA3689843,leeg.pdf,,DA3443167,leeg.pdf,,DA3488637,leeg.pdf,,DA3501145,leeg.pdf,,DA3912261,leeg.pdf,,DA3774403,leeg.pdf,,DA3382095,leeg.pdf,,DA3885255,leeg.pdf,
DA3424975,leeg.pdf,,DA3081877,leeg.pdf,,DA3800301,leeg.pdf,,DA3112301,leeg.pdf,,DA3811460,leeg.pdf,,DA3563654,leeg.pdf,,DA3717384,leeg.pdf,,DA3604020,leeg.pdf,,DA3274139,leeg.pdf,,DA3551232,leeg.pdf,,DA3943105,leeg.pdf,,DA3194507,leeg.pdf,,DA3053102,leeg.pdf,,DA3792906,leeg.pdf,,DA3964607,leeg.pdf,
DA3536708,leeg.pdf,,DA3101650,leeg.pdf,,DA3421724,leeg.pdf,,DA3613035,leeg.pdf,,DA3222685,leeg.pdf,,DA3537734,leeg.pdf,,DA3692437,leeg.pdf,,DA3658452,leeg.pdf,,DA3045409,leeg.pdf,,DA3277379,leeg.pdf,,DA3322001,leeg.pdf,,DA3133632,leeg.pdf,,DA3132187,leeg.pdf,,DA3501601,leeg.pdf,,DA3242545,leeg.pdf,
DA3153765,leeg.pdf,,DA3517436,leeg.pdf,,DA3515359,leeg.pdf,,DA3200161,leeg.pdf,,DA3074138,leeg.pdf,,DA3254171,leeg.pdf,,DA3641585,leeg.pdf,,DA3885610,leeg.pdf,,DA3837248,leeg.pdf,,DA3340494,leeg.pdf,,DA3041389,leeg.pdf,,DA3611763,leeg.pdf,,DA3276883,leeg.pdf,,DA3471743,leeg.pdf,,DA3635267,leeg.pdf,
DA3115852,leeg.pdf,,DA3280527,leeg.pdf,,DA3111073,leeg.pdf,,DA3971133,leeg.pdf,,DA3788146,leeg.pdf,,DA3559682,leeg.pdf,,DA3665069,leeg.pdf,,DA3851608,leeg.pdf,,DA3600100,leeg.pdf,,DA3221359,leeg.pdf,,DA3660871,leeg.pdf,,DA3335124,leeg.pdf,,DA3402159,leeg.pdf,,DA3599895,leeg.pdf,,DA3894899,leeg.pdf,
DA3064297,leeg.pdf,,DA3058559,leeg.pdf,,DA3690626,leeg.pdf,,DA3176276,leeg.pdf,,DA3680564,leeg.pdf,,DA3082010,leeg.pdf,,DA3424943,leeg.pdf,,DA3068136,leeg.pdf,,DA3279147,leeg.pdf,,DA3379513,leeg.pdf,,DA3788536,leeg.pdf,,DA3190943,leeg.pdf,,DA3058486,leeg.pdf,,DA3325671,leeg.pdf,,DA3342744,leeg.pdf,
DA3302800,leeg.pdf,,DA3132729,leeg.pdf,,DA3079619,leeg.pdf,,DA3532373,leeg.pdf,,DA3272891,leeg.pdf,,DA3615442,leeg.pdf,,DA3514472,leeg.pdf,,DA3336013,leeg.pdf,,DA3929574,leeg.pdf,,DA3119633,leeg.pdf,,DA3808928,leeg.pdf,,DA3490349,leeg.pdf,,DA3675547,leeg.pdf,,DA3090040,leeg.pdf,,DA3350690,leeg.pdf,
DA3352888,leeg.pdf,,DA3622971,leeg.pdf,,DA3408665,leeg.pdf,,DA3052950,leeg.pdf,,DA3507275,leeg.pdf,,DA3607169,leeg.pdf,,DA3623961,leeg.pdf,,DA3883666,leeg.pdf,,DA3817001,leeg.pdf,,DA3562763,leeg.pdf,,DA3424982,leeg.pdf,,DA3199536,leeg.pdf,,DA3201089,leeg.pdf,,DA3974678,leeg.pdf,,DA3717492,leeg.pdf,
DA3043784,leeg.pdf,,DA3610673,leeg.pdf,,DA3494963,leeg.pdf,,DA3107298,leeg.pdf,,DA3399130,leeg.pdf,,DA3381719,leeg.pdf,,DA3110809,leeg.pdf,,DA3682642,leeg.pdf,,DA3428591,leeg.pdf,,DA3155250,leeg.pdf,,DA3567425,leeg.pdf,,DA3143623,leeg.pdf,,DA3542576,leeg.pdf,,DA3453659,leeg.pdf,,DA3980934,leeg.pdf,
DA3887220,leeg.pdf,,DA3964377,leeg.pdf,,DA3244905,leeg.pdf,,DA3337230,leeg.pdf,,DA3499829,leeg.pdf,,DA3060180,leeg.pdf,,DA3216745,leeg.pdf,,DA3935741,leeg.pdf,,DA3110751,leeg.pdf,,DA3434573,leeg.pdf,,DA3967915,leeg.pdf,,DA3986611,leeg.pdf,,DA3575940,leeg.pdf,,DA3243880,leeg.pdf,,DA3292876,leeg.pdf,
DA3744637,leeg.pdf,,DA3931592,leeg.pdf,,DA3157786,leeg.pdf,,DA3694191,leeg.pdf,,DA3395709,leeg.pdf,,DA3232802,leeg.pdf,,DA3772632,leeg.pdf,,DA3192399,leeg.pdf,,DA3643691,leeg.pdf,,DA3689156,leeg.pdf,,DA3272793,leeg.pdf,,DA3947762,leeg.pdf,,DA3291854,leeg.pdf,,DA3487735,leeg.pdf,,DA3226592,leeg.pdf,
DA3903257,leeg.pdf,,DA3298863,leeg.pdf,,DA3547130,leeg.pdf,,DA3086342,leeg.pdf,,DA3091732,leeg.pdf,,DA3140856,leeg.pdf,,DA3151126,leeg.pdf,,DA3519132,leeg.pdf,,DA3634084,leeg.pdf,,DA3199202,leeg.pdf,,DA3925304,leeg.pdf,,DA3746143,leeg.pdf,,DA3229292,leeg.pdf,,DA3213930,leeg.pdf,,DA3198824,leeg.pdf,
DA3412776,leeg.pdf,,DA3107378,leeg.pdf,,DA3297072,leeg.pdf,,DA3582487,leeg.pdf,,DA3734988,leeg.pdf,,DA3536221,leeg.pdf,,DA3050681,leeg.pdf,,DA3680428,leeg.pdf,,DA3250035,leeg.pdf,,DA3034836,leeg.pdf,,DA3911190,leeg.pdf,,DA3802722,leeg.pdf,,DA3427008,leeg.pdf,,DA3773934,leeg.pdf,,DA3151703,leeg.pdf,
DA3071986,leeg.pdf,,DA3124965,leeg.pdf,,DA3916091,leeg.pdf,,DA3048958,leeg.pdf,,DA3376082,leeg.pdf,,DA3153300,leeg.pdf,,DA3452515,leeg.pdf,,DA3116203,leeg.pdf,,DA3168869,leeg.pdf,,DA3712521,leeg.pdf,,DA3767938,leeg.pdf,,DA3049168,leeg.pdf,,DA3855341,leeg.pdf,,DA3504842,leeg.pdf,,DA3909646,leeg.pdf,
DA3070661,leeg.pdf,,DA3234104,leeg.pdf,,DA3777797,leeg.pdf,,DA3339563,leeg.pdf,,DA3531981,leeg.pdf,,DA3086365,leeg.pdf,,DA3278900,leeg.pdf,,DA3292418,leeg.pdf,,DA3041735,leeg.pdf,,DA3301813,leeg.pdf,,DA3847599,leeg.pdf,,DA3737028,leeg.pdf,,DA3386026,leeg.pdf,,DA3131863,leeg.pdf,,DA3845675,leeg.pdf,
DA3626190,leeg.pdf,,DA3063024,leeg.pdf,,DA3381099,leeg.pdf,,DA3080396,leeg.pdf,,DA3463180,leeg.pdf,,DA3929256,leeg.pdf,,DA3456771,leeg.pdf,,DA3779427,leeg.pdf,,DA3912400,leeg.pdf,,DA3965409,leeg.pdf,,DA3118400,leeg.pdf,,DA3831691,leeg.pdf,,DA3342541,leeg.pdf,,DA3763179,leeg.pdf,,DA3241598,leeg.pdf,
DA3430414,leeg.pdf,,DA3454306,leeg.pdf,,DA3238476,leeg.pdf,,DA3145214,leeg.pdf,,DA3281432,leeg.pdf,,DA3210648,leeg.pdf,,DA3337126,leeg.pdf,,DA3330312,leeg.pdf,,DA3872218,leeg.pdf,,DA3044253,leeg.pdf,,DA3461355,leeg.pdf,,DA3157948,leeg.pdf,,DA3260662,leeg.pdf,,DA3266809,leeg.pdf,,DA3860226,leeg.pdf,
DA3132095,leeg.pdf,,DA3316249,leeg.pdf,,DA3802221,leeg.pdf,,DA3356318,leeg.pdf,,DA3057699,leeg.pdf,,DA3204371,leeg.pdf,,DA3594058,leeg.pdf,,DA3040398,leeg.pdf,,DA3910546,leeg.pdf,,DA3367474,leeg.pdf,,DA3353704,leeg.pdf,,DA3338640,leeg.pdf,,DA3167742,leeg.pdf,,DA3696280,leeg.pdf,,DA3494948,leeg.pdf,
DA3509156,leeg.pdf,,DA3810028,leeg.pdf,,DA3565262,leeg.pdf,,DA3083990,leeg.pdf,,DA3109675,leeg.pdf,,DA3818460,leeg.pdf,,DA3999740,leeg.pdf,,DA3346140,leeg.pdf,,DA3258497,leeg.pdf,,DA3221222,leeg.pdf,,DA3744549,leeg.pdf,,DA3221813,leeg.pdf,,DA3573781,leeg.pdf,,DA3985581,leeg.pdf,,DA3107652,leeg.pdf,
DA3474976,leeg.pdf,,DA3671438,leeg.pdf,,DA3359403,leeg.pdf,,DA3601549,leeg.pdf,,DA3290344,leeg.pdf,,DA3695382,leeg.pdf,,DA3280415,leeg.pdf,,DA3337572,leeg.pdf,,DA3106776,leeg.pdf,,DA3274429,leeg.pdf,,DA3667282,leeg.pdf,,DA3072883,leeg.pdf,,DA3157691,leeg.pdf,,DA3462847,leeg.pdf,,DA3545034,leeg.pdf,
DA3159512,leeg.pdf,,DA3620936,leeg.pdf,,DA3607733,leeg.pdf,,DA3313078,leeg.pdf,,DA3270378,leeg.pdf,,DA3734158,leeg.pdf,,DA3379299,leeg.pdf,,DA3999591,leeg.pdf,,DA3963278,leeg.pdf,,DA3247793,leeg.pdf,,DA3659266,leeg.pdf,,DA3217038,leeg.pdf,,DA3453835,leeg.pdf,,DA3229399,leeg.pdf,,DA3179781,leeg.pdf,
DA3234097,leeg.pdf,,DA3106075,leeg.pdf,,DA3814401,leeg.pdf,,DA3517092,leeg.pdf,,DA3276039,leeg.pdf,,DA3720315,leeg.pdf,,DA3453414,leeg.pdf,,DA3049474,leeg.pdf,,DA3090446,leeg.pdf,,DA3908460,leeg.pdf,,DA3755175,leeg.pdf,,DA3361700,leeg.pdf,,DA3191667,leeg.pdf,,DA3637852,leeg.pdf,,DA3998659,leeg.pdf,
DA3316606,leeg.pdf,,DA3318561,leeg.pdf,,DA3408727,leeg.pdf,,DA3147022,leeg.pdf,,DA3222534,leeg.pdf,,DA3142289,leeg.pdf,,DA3274390,leeg.pdf,,DA3816570,leeg.pdf,,DA3410773,leeg.pdf,,DA3145766,leeg.pdf,,DA3956344,leeg.pdf,,DA3175563,leeg.pdf,,DA3087372,leeg.pdf,,DA3311158,leeg.pdf,,DA3808397,leeg.pdf,
DA3308043,leeg.pdf,,DA3396998,leeg.pdf,,DA3163563,leeg.pdf,,DA3082350,leeg.pdf,,DA3289372,leeg.pdf,,DA3479606,leeg.pdf,,DA3779084,leeg.pdf,,DA3881353,leeg.pdf,,DA3090560,leeg.pdf,,DA3554001,leeg.pdf,,DA3236214,leeg.pdf,,DA3734406,leeg.pdf,,DA3271613,leeg.pdf,,DA3461424,leeg.pdf,,DA3045305,leeg.pdf,
DA3662580,leeg.pdf,,DA3354686,leeg.pdf,,DA3561422,leeg.pdf,,DA3806001,leeg.pdf,,DA3197586,leeg.pdf,,DA3251047,leeg.pdf,,DA3117140,leeg.pdf,,DA3169735,leeg.pdf,,DA3244358,leeg.pdf,,DA3267841,leeg.pdf,,DA3863043,leeg.pdf,,DA3725256,leeg.pdf,,DA3107820,leeg.pdf,,DA3147461,leeg.pdf,,DA3519437,leeg.pdf,
DA3055036,leeg.pdf,,DA3077506,leeg.pdf,,DA3422241,leeg.pdf,,DA3174007,leeg.pdf,,DA3173605,leeg.pdf,,DA3224891,leeg.pdf,,DA3562285,leeg.pdf,,DA3320762,leeg.pdf,,DA3795760,leeg.pdf,,DA3488156,leeg.pdf,,DA3748247,leeg.pdf,,DA3910779,leeg.pdf,,DA3644984,leeg.pdf,,DA3729043,leeg.pdf,,DA3879355,leeg.pdf,
DA3505770,leeg.pdf,,DA3380985,leeg.pdf,,DA3827870,leeg.pdf,,DA3266949,leeg.pdf,,DA3361713,leeg.pdf,,DA3141302,leeg.pdf,,DA3995892,leeg.pdf,,DA3118323,leeg.pdf,,DA3138257,leeg.pdf,,DA3433642,leeg.pdf,,DA3604978,leeg.pdf,,DA3195717,leeg.pdf,,DA3122997,leeg.pdf,,DA3122062,leeg.pdf,,DA3269880,leeg.pdf,
DA3577352,leeg.pdf,,DA3209850,leeg.pdf,,DA3321891,leeg.pdf,,DA3080958,leeg.pdf,,DA3196759,leeg.pdf,,DA3369198,leeg.pdf,,DA3062697,leeg.pdf,,DA3088690,leeg.pdf,,DA3826867,leeg.pdf,,DA3152573,leeg.pdf,,DA3689243,leeg.pdf,,DA3394998,leeg.pdf,,DA3384749,leeg.pdf,,DA3235456,leeg.pdf,,DA3119762,leeg.pdf,
DA3147326,leeg.pdf,,DA3745245,leeg.pdf,,DA3060538,leeg.pdf,,DA3320972,leeg.pdf,,DA3456402,leeg.pdf,,DA3825158,leeg.pdf,,DA3607182,leeg.pdf,,DA3364416,leeg.pdf,,DA3089543,leeg.pdf,,DA3241870,leeg.pdf,,DA3834591,leeg.pdf,,DA3922516,leeg.pdf,,DA3076479,leeg.pdf,,DA3751794,leeg.pdf,,DA3402544,leeg.pdf,
DA3031363,leeg.pdf,,DA3070168,leeg.pdf,,DA3466698,leeg.pdf,,DA3693280,leeg.pdf,,DA3093813,leeg.pdf,,DA3670476,leeg.pdf,,DA3711937,leeg.pdf,,DA3608577,leeg.pdf,,DA3719101,leeg.pdf,,DA3624401,leeg.pdf,,DA3210821,leeg.pdf,,DA3194898,leeg.pdf,,DA3706387,leeg.pdf,,DA3514718,leeg.pdf,,DA3953416,leeg.pdf,
DA3344170,leeg.pdf,,DA3608245,leeg.pdf,,DA3866821,leeg.pdf,,DA3805106,leeg.pdf,,DA3484287,leeg.pdf,,DA3122661,leeg.pdf,,DA3919834,leeg.pdf,,DA3500681,leeg.pdf,,DA3234047,leeg.pdf,,DA3148668,leeg.pdf,,DA3426019,leeg.pdf,,DA3823745,leeg.pdf,,DA3452248,leeg.pdf,,DA3116049,leeg.pdf,,DA3474355,leeg.pdf,
DA3065506,leeg.pdf,,DA3920761,leeg.pdf,,DA3580975,leeg.pdf,,DA3403422,leeg.pdf,,DA3243793,leeg.pdf,,DA3916529,leeg.pdf,,DA3521728,leeg.pdf,,DA3174761,leeg.pdf,,DA3384713,leeg.pdf,,DA3148299,leeg.pdf,,DA3316653,leeg.pdf,,DA3915008,leeg.pdf,,DA3548993,leeg.pdf,,DA3682386,leeg.pdf,,DA3252422,leeg.pdf,
DA3441955,leeg.pdf,,DA3062181,leeg.pdf,,DA3826495,leeg.pdf,,DA3150459,leeg.pdf,,DA3214143,leeg.pdf,,DA3621307,leeg.pdf,,DA3952627,leeg.pdf,,DA3800457,leeg.pdf,,DA3460722,leeg.pdf,,DA3076423,leeg.pdf,,DA3890332,leeg.pdf,,DA3208845,leeg.pdf,,DA3904109,leeg.pdf,,DA3124326,leeg.pdf,,DA3662721,leeg.pdf,
DA3578353,leeg.pdf,,DA3189912,leeg.pdf,,DA3454155,leeg.pdf,,DA3610886,leeg.pdf,,DA3702964,leeg.pdf,,DA3299291,leeg.pdf,,DA3808892,leeg.pdf,,DA3892637,leeg.pdf,,DA3164233,leeg.pdf,,DA3271939,leeg.pdf,,DA3654414,leeg.pdf,,DA3122261,leeg.pdf,,DA3746843,leeg.pdf,,DA3120771,leeg.pdf,,DA3469459,leeg.pdf,
DA3643978,leeg.pdf,,DA3575076,leeg.pdf,,DA3134520,leeg.pdf,,DA3799265,leeg.pdf,,DA3045121,leeg.pdf,,DA3346086,leeg.pdf,,DA3809386,leeg.pdf,,DA3484386,leeg.pdf,,DA3565390,leeg.pdf,,DA3151470,leeg.pdf,,DA3710216,leeg.pdf,,DA3059858,leeg.pdf,,DA3464791,leeg.pdf,,DA3673159,leeg.pdf,,DA3582332,leeg.pdf,
DA3225825,leeg.pdf,,DA3267341,leeg.pdf,,DA3099629,leeg.pdf,,DA3636348,leeg.pdf,,DA3236969,leeg.pdf,,DA3913736,leeg.pdf,,DA3291534,leeg.pdf,,DA3636608,leeg.pdf,,DA3292726,leeg.pdf,,DA3856457,leeg.pdf,,DA3781641,leeg.pdf,,DA3220601,leeg.pdf,,DA3357440,leeg.pdf,,DA3975692,leeg.pdf,,DA3489050,leeg.pdf,
DA3710577,leeg.pdf,,DA3480414,leeg.pdf,,DA3670895,leeg.pdf,,DA3225347,leeg.pdf,,DA3141426,leeg.pdf,,DA3604432,leeg.pdf,,DA3098017,leeg.pdf,,DA3384313,leeg.pdf,,DA3999532,leeg.pdf,,DA3453121,leeg.pdf,,DA3879280,leeg.pdf,,DA3243333,leeg.pdf,,DA3078953,leeg.pdf,,DA3059224,leeg.pdf,,DA3579706,leeg.pdf,
DA3651355,leeg.pdf,,DA3535646,leeg.pdf,,DA3315659,leeg.pdf,,DA3622932,leeg.pdf,,DA3164647,leeg.pdf,,DA3962350,leeg.pdf,,DA3478168,leeg.pdf,,DA3269422,leeg.pdf,,DA3177549,leeg.pdf,,DA3210402,leeg.pdf,,DA3358744,leeg.pdf,,DA3540426,leeg.pdf,,DA3105837,leeg.pdf,,DA3652668,leeg.pdf,,DA3169297,leeg.pdf,
DA3088672,leeg.pdf,,DA3105475,leeg.pdf,,DA3211134,leeg.pdf,,DA3351232,leeg.pdf,,DA3230657,leeg.pdf,,DA3500056,leeg.pdf,,DA3052367,leeg.pdf,,DA3659148,leeg.pdf,,DA3972138,leeg.pdf,,DA3748998,leeg.pdf,,DA3049888,leeg.pdf,,DA3469513,leeg.pdf,,DA3715224,leeg.pdf,,DA3458395,leeg.pdf,,DA3847279,leeg.pdf,
DA3672571,leeg.pdf,,DA3028839,leeg.pdf,,DA3221797,leeg.pdf,,DA3196493,leeg.pdf,,DA3402850,leeg.pdf,,DA3649668,leeg.pdf,,DA3129243,leeg.pdf,,DA3160468,leeg.pdf,,DA3903687,leeg.pdf,,DA3507944,leeg.pdf,,DA3139302,leeg.pdf,,DA3168317,leeg.pdf,,DA3580733,leeg.pdf,,DA3342486,leeg.pdf,,DA3444559,leeg.pdf,
DA3586059,leeg.pdf,,DA3599135,leeg.pdf,,DA3858787,leeg.pdf,,DA3132081,leeg.pdf,,DA3610497,leeg.pdf,,DA3171029,leeg.pdf,,DA3778149,leeg.pdf,,DA3139994,leeg.pdf,,DA3196699,leeg.pdf,,DA3673123,leeg.pdf,,DA3652865,leeg.pdf,,DA3686943,leeg.pdf,,DA3200244,leeg.pdf,,DA3895808,leeg.pdf,,DA3664460,leeg.pdf,
DA3514022,leeg.pdf,,DA3591434,leeg.pdf,,DA3868799,leeg.pdf,,DA3726016,leeg.pdf,,DA3193735,leeg.pdf,,DA3375175,leeg.pdf,,DA3115918,leeg.pdf,,DA3629644,leeg.pdf,,DA3698623,leeg.pdf,,DA3941120,leeg.pdf,,DA3271929,leeg.pdf,,DA3790618,leeg.pdf,,DA3124607,leeg.pdf,,DA3741746,leeg.pdf,,DA3671398,leeg.pdf,
DA3515779,leeg.pdf,,DA3372442,leeg.pdf,,DA3510638,leeg.pdf,,DA3663125,leeg.pdf,,DA3241299,leeg.pdf,,DA3968389,leeg.pdf,,DA3296112,leeg.pdf,,DA3275398,leeg.pdf,,DA3503215,leeg.pdf,,DA3118998,leeg.pdf,,DA3180818,leeg.pdf,,DA3175178,leeg.pdf,,DA3911083,leeg.pdf,,DA3115777,leeg.pdf,,DA3386486,leeg.pdf,
DA3588019,leeg.pdf,,DA3554547,leeg.pdf,,DA3308864,leeg.pdf,,DA3786332,leeg.pdf,,DA3360364,leeg.pdf,,DA3905241,leeg.pdf,,DA3233293,leeg.pdf,,DA3511804,leeg.pdf,,DA3474777,leeg.pdf,,DA3934003,leeg.pdf,,DA3289978,leeg.pdf,,DA3528454,leeg.pdf,,DA3250680,leeg.pdf,,DA3725705,leeg.pdf,,DA3571830,leeg.pdf,
DA3285679,leeg.pdf,,DA3886080,leeg.pdf,,DA3259980,leeg.pdf,,DA3488084,leeg.pdf,,DA3198729,leeg.pdf,,DA3586641,leeg.pdf,,DA3732524,leeg.pdf,,DA3125008,leeg.pdf,,DA3289485,leeg.pdf,,DA3731991,leeg.pdf,,DA3586285,leeg.pdf,,DA3812863,leeg.pdf,,DA3155134,leeg.pdf,,DA3099477,leeg.pdf,,DA3440092,leeg.pdf,
DA3094419,leeg.pdf,,DA3743798,leeg.pdf,,DA3748717,leeg.pdf,,DA3938955,leeg.pdf,,DA3226144,leeg.pdf,,DA3701439,leeg.pdf,,DA3776092,leeg.pdf,,DA3516838,leeg.pdf,,DA3195749,leeg.pdf,,DA3521070,leeg.pdf,,DA3338670,leeg.pdf,,DA3386353,leeg.pdf,,DA3580283,leeg.pdf,,DA3538685,leeg.pdf,,DA3725915,leeg.pdf,
DA3259363,leeg.pdf,,DA3411614,leeg.pdf,,DA3349319,leeg.pdf,,DA3338989,leeg.pdf,,DA3834002,leeg.pdf,,DA3247008,leeg.pdf,,DA3328637,leeg.pdf,,DA3087076,leeg.pdf,,DA3552701,leeg.pdf,,DA3637826,leeg.pdf,,DA3062225,leeg.pdf,,DA3504487,leeg.pdf,,DA3345110,leeg.pdf,,DA3793032,leeg.pdf,,DA3335601,leeg.pdf,
DA3071878,leeg.pdf,,DA3570654,leeg.pdf,,DA3772031,leeg.pdf,,DA3826469,leeg.pdf,,DA3772395,leeg.pdf,,DA3594392,leeg.pdf,,DA3898186,leeg.pdf,,DA3028411,leeg.pdf,,DA3441236,leeg.pdf,,DA3094004,leeg.pdf,,DA3930035,leeg.pdf,,DA3526255,leeg.pdf,,DA3670151,leeg.pdf,,DA3142498,leeg.pdf,,DA3429710,leeg.pdf,
DA3146276,leeg.pdf,,DA3339002,leeg.pdf,,DA3151996,leeg.pdf,,DA3403062,leeg.pdf,,DA3378999,leeg.pdf,,DA3698169,leeg.pdf,,DA3073167,leeg.pdf,,DA3473513,leeg.pdf,,DA3139491,leeg.pdf,,DA3174729,leeg.pdf,,DA3990733,leeg.pdf,,DA3851049,leeg.pdf,,DA3652309,leeg.pdf,,DA3459704,leeg.pdf,,DA3249078,leeg.pdf,
DA3124515,leeg.pdf,,DA3122436,leeg.pdf,,DA3461389,leeg.pdf,,DA3618713,leeg.pdf,,DA3315107,leeg.pdf,,DA3786671,leeg.pdf,,DA3247119,leeg.pdf,,DA3908761,leeg.pdf,,DA3232050,leeg.pdf,,DA3112502,leeg.pdf,,DA3138492,leeg.pdf,,DA3474446,leeg.pdf,,DA3950386,leeg.pdf,,DA3059040,leeg.pdf,,DA3527806,leeg.pdf,
DA3762160,leeg.pdf,,DA3236464,leeg.pdf,,DA3320097,leeg.pdf,,DA3055274,leeg.pdf,,DA3270611,leeg.pdf,,DA3418468,leeg.pdf,,DA3484746,leeg.pdf,,DA3244125,leeg.pdf,,DA3416462,leeg.pdf,,DA3154227,leeg.pdf,,DA3904174,leeg.pdf,,DA3339826,leeg.pdf,,DA3665037,leeg.pdf,,DA3284698,leeg.pdf,,DA3171326,leeg.pdf,
DA3060199,leeg.pdf,,DA3531782,leeg.pdf,,DA3322970,leeg.pdf,,DA3584559,leeg.pdf,,DA3350104,leeg.pdf,,DA3218508,leeg.pdf,,DA3495475,leeg.pdf,,DA3756692,leeg.pdf,,DA3726736,leeg.pdf,,DA3891511,leeg.pdf,,DA3843701,leeg.pdf,,DA3696405,leeg.pdf,,DA3680109,leeg.pdf,,DA3351993,leeg.pdf,,DA3501355,leeg.pdf,
DA3703901,leeg.pdf,,DA3097094,leeg.pdf,,DA3147232,leeg.pdf,,DA3546440,leeg.pdf,,DA3157622,leeg.pdf,,DA3073495,leeg.pdf,,DA3312158,leeg.pdf,,DA3403949,leeg.pdf,,DA3207131,leeg.pdf,,DA3387048,leeg.pdf,,DA3453342,leeg.pdf,,DA3300221,leeg.pdf,,DA3376346,leeg.pdf,,DA3829875,leeg.pdf,,DA3137021,leeg.pdf,
DA3150718,leeg.pdf,,DA3105828,leeg.pdf,,DA3574608,leeg.pdf,,DA3051943,leeg.pdf,,DA3520089,leeg.pdf,,DA3177866,leeg.pdf,,DA3752143,leeg.pdf,,DA3396797,leeg.pdf,,DA3157967,leeg.pdf,,DA3602996,leeg.pdf,,DA3775753,leeg.pdf,,DA3097905,leeg.pdf,,DA3676699,leeg.pdf,,DA3390409,leeg.pdf,,DA3190139,leeg.pdf,
DA3399462,leeg.pdf,,DA3471851,leeg.pdf,,DA3424438,leeg.pdf,,DA3951926,leeg.pdf,,DA3486255,leeg.pdf,,DA3149182,leeg.pdf,,DA3286974,leeg.pdf,,DA3703181,leeg.pdf,,DA3325732,leeg.pdf,,DA3924161,leeg.pdf,,DA3213020,leeg.pdf,,DA3572165,leeg.pdf,,DA3492221,leeg.pdf,,DA3458213,leeg.pdf,,DA3419395,leeg.pdf,
DA3683648,leeg.pdf,,DA3088797,leeg.pdf,,DA3662577,leeg.pdf,,DA3695637,leeg.pdf,,DA3923939,leeg.pdf,,DA3572870,leeg.pdf,,DA3590350,leeg.pdf,,DA3315319,leeg.pdf,,DA3633644,leeg.pdf,,DA3976332,leeg.pdf,,DA3633436,leeg.pdf,,DA3161649,leeg.pdf,,DA3351194,leeg.pdf,,DA3190730,leeg.pdf,,DA3919941,leeg.pdf,
DA3375308,leeg.pdf,,DA3278514,leeg.pdf,,DA3177109,leeg.pdf,,DA3336721,leeg.pdf,,DA3272204,leeg.pdf,,DA3614237,leeg.pdf,,DA3252664,leeg.pdf,,DA3051605,leeg.pdf,,DA3621532,leeg.pdf,,DA3526187,leeg.pdf,,DA3265075,leeg.pdf,,DA3316539,leeg.pdf,,DA3076758,leeg.pdf,,DA3739209,leeg.pdf,,DA3044788,leeg.pdf,
DA3242145,leeg.pdf,,DA3776886,leeg.pdf,,DA3581715,leeg.pdf,,DA3529398,leeg.pdf,,DA3232755,leeg.pdf,,DA3664563,leeg.pdf,,DA3166253,leeg.pdf,,DA3418730,leeg.pdf,,DA3601096,leeg.pdf,,DA3289674,leeg.pdf,,DA3504935,leeg.pdf,,DA3237151,leeg.pdf,,DA3963390,leeg.pdf,,DA3085277,leeg.pdf,,DA3289499,leeg.pdf,
DA3233075,leeg.pdf,,DA3629505,leeg.pdf,,DA3610526,leeg.pdf,,DA3634367,leeg.pdf,,DA3252808,leeg.pdf,,DA3261288,leeg.pdf,,DA3053618,leeg.pdf,,DA3705698,leeg.pdf,,DA3229500,leeg.pdf,,DA3344144,leeg.pdf,,DA3067470,leeg.pdf,,DA3211058,leeg.pdf,,DA3068606,leeg.pdf,,DA3760862,leeg.pdf,,DA3740038,leeg.pdf,
DA3635218,leeg.pdf,,DA3793492,leeg.pdf,,DA3320368,leeg.pdf,,DA3192478,leeg.pdf,,DA3295185,leeg.pdf,,DA3113671,leeg.pdf,,DA3614703,leeg.pdf,,DA3479784,leeg.pdf,,DA3649704,leeg.pdf,,DA3811267,leeg.pdf,,DA3787800,leeg.pdf,,DA3191416,leeg.pdf,,DA3396597,leeg.pdf,,DA3308275,leeg.pdf,,DA3846134,leeg.pdf,
DA3225203,leeg.pdf,,DA3180386,leeg.pdf,,DA3155877,leeg.pdf,,DA3453252,leeg.pdf,,DA3544297,leeg.pdf,,DA3513706,leeg.pdf,,DA3137487,leeg.pdf,,DA3339511,leeg.pdf,,DA3462434,leeg.pdf,,DA3272960,leeg.pdf,,DA3285975,leeg.pdf,,DA3434886,leeg.pdf,,DA3326763,leeg.pdf,,DA3129373,leeg.pdf,,DA3091922,leeg.pdf,
DA3954313,leeg.pdf,,DA3122912,leeg.pdf,,DA3533359,leeg.pdf,,DA3119319,leeg.pdf,,DA3499587,leeg.pdf,,DA3267724,leeg.pdf,,DA3650182,leeg.pdf,,DA3908486,leeg.pdf,,DA3319214,leeg.pdf,,DA3631154,leeg.pdf,,DA3482496,leeg.pdf,,DA3738537,leeg.pdf,,DA3099676,leeg.pdf,,DA3240725,leeg.pdf,,DA3540583,leeg.pdf,
DA3124816,leeg.pdf,,DA3146264,leeg.pdf,,DA3711341,leeg.pdf,,DA3103827,leeg.pdf,,DA3078664,leeg.pdf,,DA3094334,leeg.pdf,,DA3866996,leeg.pdf,,DA3899483,leeg.pdf,,DA3180352,leeg.pdf,,DA3199267,leeg.pdf,,DA3090904,leeg.pdf,,DA3841338,leeg.pdf,,DA3126768,leeg.pdf,,DA3920570,leeg.pdf,,DA3741212,leeg.pdf,
DA3925696,leeg.pdf,,DA3351002,leeg.pdf,,DA3618142,leeg.pdf,,DA3727907,leeg.pdf,,DA3982387,leeg.pdf,,DA3046249,leeg.pdf,,DA3237895,leeg.pdf,,DA3795824,leeg.pdf,,DA3766992,leeg.pdf,,DA3722894,leeg.pdf,,DA3460668,leeg.pdf,,DA3649480,leeg.pdf,,DA3507060,leeg.pdf,,DA3620003,leeg.pdf,,DA3039444,leeg.pdf,
DA3897825,leeg.pdf,,DA3470099,leeg.pdf,,DA3348927,leeg.pdf,,DA3356577,leeg.pdf,,DA3090228,leeg.pdf,,DA3070386,leeg.pdf,,DA3736163,leeg.pdf,,DA3707140,leeg.pdf,,DA3413582,leeg.pdf,,DA3639764,leeg.pdf,,DA3104789,leeg.pdf,,DA3248073,leeg.pdf,,DA3410953,leeg.pdf,,DA3933331,leeg.pdf,,DA3421735,leeg.pdf,
DA3494178,leeg.pdf,,DA3421171,leeg.pdf,,DA3857236,leeg.pdf,,DA3857814,leeg.pdf,,DA3949776,leeg.pdf,,DA3790800,leeg.pdf,,DA3236653,leeg.pdf,,DA3300232,leeg.pdf,,DA3173855,leeg.pdf,,DA3912581,leeg.pdf,,DA3475658,leeg.pdf,,DA3927471,leeg.pdf,,DA3999519,leeg.pdf,,DA3432873,leeg.pdf,,DA3693432,leeg.pdf,
DA3059904,leeg.pdf,,DA3101452,leeg.pdf,,DA3181056,leeg.pdf,,DA3343650,leeg.pdf,,DA3495098,leeg.pdf,,DA3891177,leeg.pdf,,DA3670458,leeg.pdf,,DA3961048,leeg.pdf,,DA3740668,leeg.pdf,,DA3180486,leeg.pdf,,DA3081312,leeg.pdf,,DA3630941,leeg.pdf,,DA3618544,leeg.pdf,,DA3249469,leeg.pdf,,DA3290657,leeg.pdf,
DA3180915,leeg.pdf,,DA3540805,leeg.pdf,,DA3227482,leeg.pdf,,DA3215837,leeg.pdf,,DA3658401,leeg.pdf,,DA3796898,leeg.pdf,,DA3048781,leeg.pdf,,DA3659929,leeg.pdf,,DA3173964,leeg.pdf,,DA3049052,leeg.pdf,,DA3351925,leeg.pdf,,DA3267536,leeg.pdf,,DA3163443,leeg.pdf,,DA3161359,leeg.pdf,,DA3417976,leeg.pdf,
DA3687552,leeg.pdf,,DA3450604,leeg.pdf,,DA3266252,leeg.pdf,,DA3607603,leeg.pdf,,DA3425223,leeg.pdf,,DA3148566,leeg.pdf,,DA3382068,leeg.pdf,,DA3187400,leeg.pdf,,DA3852614,leeg.pdf,,DA3382767,leeg.pdf,,DA3625641,leeg.pdf,,DA3677154,leeg.pdf,,DA3977169,leeg.pdf,,DA3399544,leeg.pdf,,DA3565410,leeg.pdf,
DA3233077,leeg.pdf,,DA3458174,leeg.pdf,,DA3268013,leeg.pdf,,DA3425279,leeg.pdf,,DA3191580,leeg.pdf,,DA3722729,leeg.pdf,,DA3301541,leeg.pdf,,DA3078878,leeg.pdf,,DA3373613,leeg.pdf,,DA3049285,leeg.pdf,,DA3800252,leeg.pdf,,DA3109210,leeg.pdf,,DA3347890,leeg.pdf,,DA3276564,leeg.pdf,,DA3598844,leeg.pdf,
DA3556557,leeg.pdf,,DA3269992,leeg.pdf,,DA3114936,leeg.pdf,,DA3735100,leeg.pdf,,DA3696059,leeg.pdf,,DA3999338,leeg.pdf,,DA3222837,leeg.pdf,,DA3596095,leeg.pdf,,DA3204349,leeg.pdf,,DA3330486,leeg.pdf,,DA3430395,leeg.pdf,,DA3859824,leeg.pdf,,DA3922622,leeg.pdf,,DA3352230,leeg.pdf,,DA3149370,leeg.pdf,
DA3306499,leeg.pdf,,DA3208917,leeg.pdf,,DA3640468,leeg.pdf,,DA3437057,leeg.pdf,,DA3123177,leeg.pdf,,DA3354006,leeg.pdf,,DA3582277,leeg.pdf,,DA3062218,leeg.pdf,,DA3905111,leeg.pdf,,DA3890430,leeg.pdf,,DA3860649,leeg.pdf,,DA3249340,leeg.pdf,,DA3532838,leeg.pdf,,DA3163638,leeg.pdf,,DA3848648,leeg.pdf,
DA3463253,leeg.pdf,,DA3166487,leeg.pdf,,DA3295320,leeg.pdf,,DA3597265,leeg.pdf,,DA3782285,leeg.pdf,,DA3550666,leeg.pdf,,DA3493831,leeg.pdf,,DA3624166,leeg.pdf,,DA3062838,leeg.pdf,,DA3109052,leeg.pdf,,DA3401003,leeg.pdf,,DA3360630,leeg.pdf,,DA3261518,leeg.pdf,,DA3394751,leeg.pdf,,DA3330398,leeg.pdf,
DA3073028,leeg.pdf,,DA3238164,leeg.pdf,,DA3776390,leeg.pdf,,DA3950049,leeg.pdf,,DA3888504,leeg.pdf,,DA3101458,leeg.pdf,,DA3378142,leeg.pdf,,DA3710554,leeg.pdf,,DA3787974,leeg.pdf,,DA3379067,leeg.pdf,,DA3608606,leeg.pdf,,DA3758723,leeg.pdf,,DA3330636,leeg.pdf,,DA3757712,leeg.pdf,,DA3288530,leeg.pdf,
DA3062486,leeg.pdf,,DA3109850,leeg.pdf,,DA3094029,leeg.pdf,,DA3415165,leeg.pdf,,DA3151094,leeg.pdf,,DA3256253,leeg.pdf,,DA3056120,leeg.pdf,,DA3303233,leeg.pdf,,DA3063793,leeg.pdf,,DA3273557,leeg.pdf,,DA3409006,leeg.pdf,,DA3489905,leeg.pdf,,DA3414997,leeg.pdf,,DA3795202,leeg.pdf,,DA3396669,leeg.pdf,
DA3211120,leeg.pdf,,DA3759901,leeg.pdf,,DA3553241,leeg.pdf,,DA3604040,leeg.pdf,,DA3553114,leeg.pdf,,DA3704744,leeg.pdf,,DA3301424,leeg.pdf,,DA3769287,leeg.pdf,,DA3891199,leeg.pdf,,DA3255223,leeg.pdf,,DA3299798,leeg.pdf,,DA3523982,leeg.pdf,,DA3453461,leeg.pdf,,DA3537965,leeg.pdf,,DA3875105,leeg.pdf,
DA3133994,leeg.pdf,,DA3974594,leeg.pdf,,DA3389181,leeg.pdf,,DA3220721,leeg.pdf,,DA3804920,leeg.pdf,,DA3942721,leeg.pdf,,DA3520112,leeg.pdf,,DA3154448,leeg.pdf,,DA3129742,leeg.pdf,,DA3340649,leeg.pdf,,DA3393758,leeg.pdf,,DA3533865,leeg.pdf,,DA3958171,leeg.pdf,,DA3807630,leeg.pdf,,DA3720156,leeg.pdf,
DA3831311,leeg.pdf,,DA3826110,leeg.pdf,,DA3488240,leeg.pdf,,DA3899447,leeg.pdf,,DA3722924,leeg.pdf,,DA3309498,leeg.pdf,,DA3271317,leeg.pdf,,DA3265644,leeg.pdf,,DA3264112,leeg.pdf,,DA3187266,leeg.pdf,,DA3619779,leeg.pdf,,DA3037502,leeg.pdf,,DA3223539,leeg.pdf,,DA3556494,leeg.pdf,,DA3192061,leeg.pdf,
DA3341825,leeg.pdf,,DA3280625,leeg.pdf,,DA3765420,leeg.pdf,,DA3900944,leeg.pdf,,DA3120923,leeg.pdf,,DA3434268,leeg.pdf,,DA3209681,leeg.pdf,,DA3305446,leeg.pdf,,DA3331757,leeg.pdf,,DA3242477,leeg.pdf,,DA3718314,leeg.pdf,,DA3269976,leeg.pdf,,DA3556526,leeg.pdf,,DA3605122,leeg.pdf,,DA3243707,leeg.pdf,
DA3151932,leeg.pdf,,DA3795944,leeg.pdf,,DA3111887,leeg.pdf,,DA3078832,leeg.pdf,,DA3466390,leeg.pdf,,DA3135320,leeg.pdf,,DA3577497,leeg.pdf,,DA3509432,leeg.pdf,,DA3400056,leeg.pdf,,DA3803856,leeg.pdf,,DA3485076,leeg.pdf,,DA3067930,leeg.pdf,,DA3353404,leeg.pdf,,DA3415320,leeg.pdf,,DA3121394,leeg.pdf,
DA3444862,leeg.pdf,,DA3262523,leeg.pdf,,DA3631386,leeg.pdf,,DA3305321,leeg.pdf,,DA3905942,leeg.pdf,,DA3382932,leeg.pdf,,DA3737131,leeg.pdf,,DA3415852,leeg.pdf,,DA3799195,leeg.pdf,,DA3317286,leeg.pdf,,DA3231531,leeg.pdf,,DA3562803,leeg.pdf,,DA3753442,leeg.pdf,,DA3598564,leeg.pdf,,DA3082545,leeg.pdf,
DA3344217,leeg.pdf,,DA3174212,leeg.pdf,,DA3974653,leeg.pdf,,DA3051507,leeg.pdf,,DA3202762,leeg.pdf,,DA3222549,leeg.pdf,,DA3503171,leeg.pdf,,DA3046555,leeg.pdf,,DA3373850,leeg.pdf,,DA3499281,leeg.pdf,,DA3610899,leeg.pdf,,DA3232386,leeg.pdf,,DA3727233,leeg.pdf,,DA3395516,leeg.pdf,,DA3855585,leeg.pdf,
DA3117672,leeg.pdf,,DA3237610,leeg.pdf,,DA3527944,leeg.pdf,,DA3525711,leeg.pdf,,DA3220849,leeg.pdf,,DA3770284,leeg.pdf,,DA3819786,leeg.pdf,,DA3128559,leeg.pdf,,DA3408863,leeg.pdf,,DA3610706,leeg.pdf,,DA3142645,leeg.pdf,,DA3417627,leeg.pdf,,DA3400466,leeg.pdf,,DA3331804,leeg.pdf,,DA3885635,leeg.pdf,
DA3425623,leeg.pdf,,DA3429570,leeg.pdf,,DA3593061,leeg.pdf,,DA3620409,leeg.pdf,,DA3718760,leeg.pdf,,DA3433716,leeg.pdf,,DA3131954,leeg.pdf,,DA3420318,leeg.pdf,,DA3775343,leeg.pdf,,DA3243409,leeg.pdf,,DA3223772,leeg.pdf,,DA3630938,leeg.pdf,,DA3161794,leeg.pdf,,DA3033915,leeg.pdf,,DA3497329,leeg.pdf,
DA3580221,leeg.pdf,,DA3360598,leeg.pdf,,DA3326544,leeg.pdf,,DA3635320,leeg.pdf,,DA3614354,leeg.pdf,,DA3173305,leeg.pdf,,DA3188044,leeg.pdf,,DA3759124,leeg.pdf,,DA3126700,leeg.pdf,,DA3345828,leeg.pdf,,DA3466623,leeg.pdf,,DA3703525,leeg.pdf,,DA3783564,leeg.pdf,,DA3158521,leeg.pdf,,DA3753031,leeg.pdf,
DA3813209,leeg.pdf,,DA3896997,leeg.pdf,,DA3726587,leeg.pdf,,DA3645072,leeg.pdf,,DA3310854,leeg.pdf,,DA3595047,leeg.pdf,,DA3821384,leeg.pdf,,DA3623823,leeg.pdf,,DA3666746,leeg.pdf,,DA3376328,leeg.pdf,,DA3685111,leeg.pdf,,DA3671363,leeg.pdf,,DA3152125,leeg.pdf,,DA3815239,leeg.pdf,,DA3243882,leeg.pdf,
DA3239583,leeg.pdf,,DA3637617,leeg.pdf,,DA3349297,leeg.pdf,,DA3937684,leeg.pdf,,DA3051701,leeg.pdf,,DA3859247,leeg.pdf,,DA3345458,leeg.pdf,,DA3560614,leeg.pdf,,DA3759931,leeg.pdf,,DA3577885,leeg.pdf,,DA3708188,leeg.pdf,,DA3203729,leeg.pdf,,DA3527364,leeg.pdf,,DA3591121,leeg.pdf,,DA3685325,leeg.pdf,
DA3085896,leeg.pdf,,DA3201640,leeg.pdf,,DA3283281,leeg.pdf,,DA3734296,leeg.pdf,,DA3828245,leeg.pdf,,DA3765577,leeg.pdf,,DA3169510,leeg.pdf,,DA3465178,leeg.pdf,,DA3482241,leeg.pdf,,DA3602680,leeg.pdf,,DA3530475,leeg.pdf,,DA3611800,leeg.pdf,,DA3167586,leeg.pdf,,DA3777296,leeg.pdf,,DA3679057,leeg.pdf,
DA3430270,leeg.pdf,,DA3717310,leeg.pdf,,DA3638499,leeg.pdf,,DA3241644,leeg.pdf,,DA3133441,leeg.pdf,,DA3992613,leeg.pdf,,DA3110900,leeg.pdf,,DA3852298,leeg.pdf,,DA3466542,leeg.pdf,,DA3053593,leeg.pdf,,DA3553811,leeg.pdf,,DA3238753,leeg.pdf,,DA3058995,leeg.pdf,,DA3235113,leeg.pdf,,DA3198082,leeg.pdf,
DA3075632,leeg.pdf,,DA3391070,leeg.pdf,,DA3360535,leeg.pdf,,DA3570443,leeg.pdf,,DA3410977,leeg.pdf,,DA3049166,leeg.pdf,,DA3595722,leeg.pdf,,DA3061539,leeg.pdf,,DA3111134,leeg.pdf,,DA3483277,leeg.pdf,,DA3193116,leeg.pdf,,DA3142845,leeg.pdf,,DA3144631,leeg.pdf,,DA3376017,leeg.pdf,,DA3103970,leeg.pdf,
DA3239707,leeg.pdf,,DA3891626,leeg.pdf,,DA3220323,leeg.pdf,,DA3495680,leeg.pdf,,DA3510830,leeg.pdf,,DA3554970,leeg.pdf,,DA3411857,leeg.pdf,,DA3557424,leeg.pdf,,DA3620373,leeg.pdf,,DA3286618,leeg.pdf,,DA3287857,leeg.pdf,,DA3511205,leeg.pdf,,DA3396898,leeg.pdf,,DA3681239,leeg.pdf,,DA3173141,leeg.pdf,
DA3594354,leeg.pdf,,DA3820340,leeg.pdf,,DA3782431,leeg.pdf,,DA3374829,leeg.pdf,,DA3150590,leeg.pdf,,DA3296119,leeg.pdf,,DA3066086,leeg.pdf,,DA3082896,leeg.pdf,,DA3458602,leeg.pdf,,DA3690298,leeg.pdf,,DA3828452,leeg.pdf,,DA3401559,leeg.pdf,,DA3462528,leeg.pdf,,DA3357474,leeg.pdf,,DA3927783,leeg.pdf,
DA3729094,leeg.pdf,,DA3582510,leeg.pdf,,DA3477512,leeg.pdf,,DA3041693,leeg.pdf,,DA3922507,leeg.pdf,,DA3073734,leeg.pdf,,DA3170555,leeg.pdf,,DA3705045,leeg.pdf,,DA3033266,leeg.pdf,,DA3954333,leeg.pdf,,DA3259478,leeg.pdf,,DA3890603,leeg.pdf,,DA3227778,leeg.pdf,,DA3208299,leeg.pdf,,DA3952233,leeg.pdf,
DA3833590,leeg.pdf,,DA3425902,leeg.pdf,,DA3765184,leeg.pdf,,DA3382238,leeg.pdf,,DA3176863,leeg.pdf,,DA3409257,leeg.pdf,,DA3786632,leeg.pdf,,DA3391039,leeg.pdf,,DA3064410,leeg.pdf,,DA3423115,leeg.pdf,,DA3498895,leeg.pdf,,DA3181023,leeg.pdf,,DA3780007,leeg.pdf,,DA3448707,leeg.pdf,,DA3443083,leeg.pdf,
DA3599840,leeg.pdf,,DA3977179,leeg.pdf,,DA3806172,leeg.pdf,,DA3878413,leeg.pdf,,DA3304122,leeg.pdf,,DA3232546,leeg.pdf,,DA3150362,leeg.pdf,,DA3649465,leeg.pdf,,DA3210296,leeg.pdf,,DA3852577,leeg.pdf,,DA3096884,leeg.pdf,,DA3237048,leeg.pdf,,DA3733687,leeg.pdf,,DA3244976,leeg.pdf,,DA3723978,leeg.pdf,
DA3796066,leeg.pdf,,DA3398231,leeg.pdf,,DA3257967,leeg.pdf,,DA3320969,leeg.pdf,,DA3230154,leeg.pdf,,DA3798599,leeg.pdf,,DA3714453,leeg.pdf,,DA3356609,leeg.pdf,,DA3407910,leeg.pdf,,DA3699692,leeg.pdf,,DA3327028,leeg.pdf,,DA3862995,leeg.pdf,,DA3520362,leeg.pdf,,DA3863190,leeg.pdf,,DA3439125,leeg.pdf,
DA3052654,leeg.pdf,,DA3319207,leeg.pdf,,DA3106117,leeg.pdf,,DA3122316,leeg.pdf,,DA3314154,leeg.pdf,,DA3808320,leeg.pdf,,DA3178989,leeg.pdf,,DA3481250,leeg.pdf,,DA3476184,leeg.pdf,,DA3132313,leeg.pdf,,DA3195103,leeg.pdf,,DA3881880,leeg.pdf,,DA3456997,leeg.pdf,,DA3197804,leeg.pdf,,DA3389455,leeg.pdf,
DA3836161,leeg.pdf,,DA3382987,leeg.pdf,,DA3603087,leeg.pdf,,DA3281154,leeg.pdf,,DA3104222,leeg.pdf,,DA3322739,leeg.pdf,,DA3235152,leeg.pdf,,DA3970732,leeg.pdf,,DA3747847,leeg.pdf,,DA3876783,leeg.pdf,,DA3315579,leeg.pdf,,DA3590970,leeg.pdf,,DA3168893,leeg.pdf,,DA3275259,leeg.pdf,,DA3860210,leeg.pdf,
DA3829236,leeg.pdf,,DA3134405,leeg.pdf,,DA3172098,leeg.pdf,,DA3941236,leeg.pdf,,DA3880018,leeg.pdf,,DA3230876,leeg.pdf,,DA3135355,leeg.pdf,,DA3400271,leeg.pdf,,DA3953753,leeg.pdf,,DA3048367,leeg.pdf,,DA3767457,leeg.pdf,,DA3926823,leeg.pdf,,DA3468877,leeg.pdf,,DA3165299,leeg.pdf,,DA3317387,leeg.pdf,
DA3107332,leeg.pdf,,DA3747328,leeg.pdf,,DA3148246,leeg.pdf,,DA3120146,leeg.pdf,,DA3618433,leeg.pdf,,DA3650677,leeg.pdf,,DA3751450,leeg.pdf,,DA3697052,leeg.pdf,,DA3644064,leeg.pdf,,DA3065718,leeg.pdf,,DA3339015,leeg.pdf,,DA3202536,leeg.pdf,,DA3579390,leeg.pdf,,DA3924088,leeg.pdf,,DA3075459,leeg.pdf,
DA3318416,leeg.pdf,,DA3519790,leeg.pdf,,DA3245669,leeg.pdf,,DA3681781,leeg.pdf,,DA3720291,leeg.pdf,,DA3793516,leeg.pdf,,DA3355473,leeg.pdf,,DA3288807,leeg.pdf,,DA3472929,leeg.pdf,,DA3688738,leeg.pdf,,DA3133753,leeg.pdf,,DA3365782,leeg.pdf,,DA3108688,leeg.pdf,,DA3691423,leeg.pdf,,DA3967587,leeg.pdf,
DA3240817,leeg.pdf,,DA3816769,leeg.pdf,,DA3559328,leeg.pdf,,DA3157488,leeg.pdf,,DA3457578,leeg.pdf,,DA3802106,leeg.pdf,,DA3101522,leeg.pdf,,DA3400728,leeg.pdf,,DA3327067,leeg.pdf,,DA3314134,leeg.pdf,,DA3263457,leeg.pdf,,DA3806321,leeg.pdf,,DA3421895,leeg.pdf,,DA3065887,leeg.pdf,,DA3400257,leeg.pdf,
DA3751877,leeg.pdf,,DA3797970,leeg.pdf,,DA3124753,leeg.pdf,,DA3796166,leeg.pdf,,DA3681545,leeg.pdf,,DA3405219,leeg.pdf,,DA3250640,leeg.pdf,,DA3187168,leeg.pdf,,DA3231958,leeg.pdf,,DA3398573,leeg.pdf,,DA3526152,leeg.pdf,,DA3166896,leeg.pdf,,DA3495747,leeg.pdf,,DA3442483,leeg.pdf,,DA3145926,leeg.pdf,
DA3287143,leeg.pdf,,DA3143920,leeg.pdf,,DA3216867,leeg.pdf,,DA3769491,leeg.pdf,,DA3110596,leeg.pdf,,DA3367689,leeg.pdf,,DA3516434,leeg.pdf,,DA3284984,leeg.pdf,,DA3452004,leeg.pdf,,DA3150709,leeg.pdf,,DA3612768,leeg.pdf,,DA3324438,leeg.pdf,,DA3244918,leeg.pdf,,DA3493589,leeg.pdf,,DA3957473,leeg.pdf,
DA3510897,leeg.pdf,,DA3106383,leeg.pdf,,DA3176086,leeg.pdf,,DA3077125,leeg.pdf,,DA3869266,leeg.pdf,,DA3675784,leeg.pdf,,DA3570392,leeg.pdf,,DA3141071,leeg.pdf,,DA3255128,leeg.pdf,,DA3883411,leeg.pdf,,DA3356415,leeg.pdf,,DA3986058,leeg.pdf,,DA3724475,leeg.pdf,,DA3855317,leeg.pdf,,DA3810953,leeg.pdf,
DA3069591,leeg.pdf,,DA3726939,leeg.pdf,,DA3965480,leeg.pdf,,DA3845327,leeg.pdf,,DA3709996,leeg.pdf,,DA3166992,leeg.pdf,,DA3259750,leeg.pdf,,DA3841254,leeg.pdf,,DA3728003,leeg.pdf,,DA3825176,leeg.pdf,,DA3128521,leeg.pdf,,DA3190109,leeg.pdf,,DA3205770,leeg.pdf,,DA3970411,leeg.pdf,,DA3750975,leeg.pdf,
DA3264298,leeg.pdf,,DA3243203,leeg.pdf,,DA3770430,leeg.pdf,,DA3598294,leeg.pdf,,DA3368232,leeg.pdf,,DA3581230,leeg.pdf,,DA3525417,leeg.pdf,,DA3417647,leeg.pdf,,DA3103502,leeg.pdf,,DA3770304,leeg.pdf,,DA3982934,leeg.pdf,,DA3141824,leeg.pdf,,DA3939305,leeg.pdf,,DA3636947,leeg.pdf,,DA3137557,leeg.pdf,
DA3511671,leeg.pdf,,DA3077330,leeg.pdf,,DA3560234,leeg.pdf,,DA3590252,leeg.pdf,,DA3113474,leeg.pdf,,DA3034561,leeg.pdf,,DA3156265,leeg.pdf,,DA3158726,leeg.pdf,,DA3359207,leeg.pdf,,DA3160291,leeg.pdf,,DA3462445,leeg.pdf,,DA3351916,leeg.pdf,,DA3057680,leeg.pdf,,DA3052608,leeg.pdf,,DA3830423,leeg.pdf,
DA3464786,leeg.pdf,,DA3412490,leeg.pdf,,DA3192822,leeg.pdf,,DA3475104,leeg.pdf,,DA3927898,leeg.pdf,,DA3186725,leeg.pdf,,DA3818399,leeg.pdf,,DA3438650,leeg.pdf,,DA3388466,leeg.pdf,,DA3452226,leeg.pdf,,DA3126758,leeg.pdf,,DA3129911,leeg.pdf,,DA3673412,leeg.pdf,,DA3469081,leeg.pdf,,DA3533725,leeg.pdf,
DA3429741,leeg.pdf,,DA3118827,leeg.pdf,,DA3780906,leeg.pdf,,DA3111534,leeg.pdf,,DA3082506,leeg.pdf,,DA3353299,leeg.pdf,,DA3902702,leeg.pdf,,DA3695700,leeg.pdf,,DA3443783,leeg.pdf,,DA3121806,leeg.pdf,,DA3333451,leeg.pdf,,DA3231969,leeg.pdf,,DA3845365,leeg.pdf,,DA3506657,leeg.pdf,,DA3176492,leeg.pdf,
DA3115152,leeg.pdf,,DA3814635,leeg.pdf,,DA3272555,leeg.pdf,,DA3643926,leeg.pdf,,DA3304732,leeg.pdf,,DA3215608,leeg.pdf,,DA3732388,leeg.pdf,,DA3981395,leeg.pdf,,DA3210504,leeg.pdf,,DA3343734,leeg.pdf,,DA3084376,leeg.pdf,,DA3378809,leeg.pdf,,DA3239067,leeg.pdf,,DA3908833,leeg.pdf,,DA3088267,leeg.pdf,
DA3551126,leeg.pdf,,DA3084876,leeg.pdf,,DA3717085,leeg.pdf,,DA3483948,leeg.pdf,,DA3125159,leeg.pdf,,DA3277005,leeg.pdf,,DA3146342,leeg.pdf,,DA3464612,leeg.pdf,,DA3740420,leeg.pdf,,DA3429675,leeg.pdf,,DA3341495,leeg.pdf,,DA3506939,leeg.pdf,,DA3246187,leeg.pdf,,DA3987847,leeg.pdf,,DA3842920,leeg.pdf,
DA3246756,leeg.pdf,,DA3844356,leeg.pdf,,DA3911934,leeg.pdf,,DA3109956,leeg.pdf,,DA3139747,leeg.pdf,,DA3115422,leeg.pdf,,DA3772243,leeg.pdf,,DA3506290,leeg.pdf,,DA3807061,leeg.pdf,,DA3058230,leeg.pdf,,DA3464176,leeg.pdf,,DA3580016,leeg.pdf,,DA3178027,leeg.pdf,,DA3158851,leeg.pdf,,DA3607349,leeg.pdf,
DA3364165,leeg.pdf,,DA3627078,leeg.pdf,,DA3784933,leeg.pdf,,DA3140119,leeg.pdf,,DA3209301,leeg.pdf,,DA3564812,leeg.pdf,,DA3165589,leeg.pdf,,DA3073647,leeg.pdf,,DA3246489,leeg.pdf,,DA3425117,leeg.pdf,,DA3971603,leeg.pdf,,DA3625108,leeg.pdf,,DA3469803,leeg.pdf,,DA3546374,leeg.pdf,,DA3353499,leeg.pdf,
DA3107631,leeg.pdf,,DA3107418,leeg.pdf,,DA3920671,leeg.pdf,,DA3616665,leeg.pdf,,DA3776288,leeg.pdf,,DA3062999,leeg.pdf,,DA3548956,leeg.pdf,,DA3108231,leeg.pdf,,DA3122730,leeg.pdf,,DA3625931,leeg.pdf,,DA3280654,leeg.pdf,,DA3559981,leeg.pdf,,DA3234309,leeg.pdf,,DA3699029,leeg.pdf,,DA3420512,leeg.pdf,
DA3292988,leeg.pdf,,DA3861737,leeg.pdf,,DA3918443,leeg.pdf,,DA3393338,leeg.pdf,,DA3558030,leeg.pdf,,DA3862084,leeg.pdf,,DA3060443,leeg.pdf,,DA3102680,leeg.pdf,,DA3919919,leeg.pdf,,DA3631107,leeg.pdf,,DA3259005,leeg.pdf,,DA3744204,leeg.pdf,,DA3398482,leeg.pdf,,DA3122628,leeg.pdf,,DA3113603,leeg.pdf,
DA3201043,leeg.pdf,,DA3350618,leeg.pdf,,DA3728277,leeg.pdf,,DA3932383,leeg.pdf,,DA3171113,leeg.pdf,,DA3059536,leeg.pdf,,DA3964293,leeg.pdf,,DA3912016,leeg.pdf,,DA3369828,leeg.pdf,,DA3046180,leeg.pdf,,DA3738301,leeg.pdf,,DA3838778,leeg.pdf,,DA3645508,leeg.pdf,,DA3608535,leeg.pdf,,DA3256228,leeg.pdf,
DA3206576,leeg.pdf,,DA3271366,leeg.pdf,,DA3161298,leeg.pdf,,DA3805783,leeg.pdf,,DA3991674,leeg.pdf,,DA3634487,leeg.pdf,,DA3129749,leeg.pdf,,DA3170369,leeg.pdf,,DA3851335,leeg.pdf,,DA3299483,leeg.pdf,,DA3845297,leeg.pdf,,DA3332129,leeg.pdf,,DA3705249,leeg.pdf,,DA3872746,leeg.pdf,,DA3678358,leeg.pdf,
DA3638947,leeg.pdf,,DA3554394,leeg.pdf,,DA3419474,leeg.pdf,,DA3289239,leeg.pdf,,DA3164389,leeg.pdf,,DA3112840,leeg.pdf,,DA3129470,leeg.pdf,,DA3184579,leeg.pdf,,DA3771270,leeg.pdf,,DA3073634,leeg.pdf,,DA3159954,leeg.pdf,,DA3081600,leeg.pdf,,DA3869513,leeg.pdf,,DA3649696,leeg.pdf,,DA3270320,leeg.pdf,
DA3037381,leeg.pdf,,DA3136923,leeg.pdf,,DA3202893,leeg.pdf,,DA3072942,leeg.pdf,,DA3368105,leeg.pdf,,DA3640519,leeg.pdf,,DA3276784,leeg.pdf,,DA3277886,leeg.pdf,,DA3207510,leeg.pdf,,DA3648348,leeg.pdf,,DA3372905,leeg.pdf,,DA3427331,leeg.pdf,,DA3153437,leeg.pdf,,DA3155475,leeg.pdf,,DA3285242,leeg.pdf,
DA3547883,leeg.pdf,,DA3892213,leeg.pdf,,DA3243659,leeg.pdf,,DA3106636,leeg.pdf,,DA3557672,leeg.pdf,,DA3135012,leeg.pdf,,DA3500334,leeg.pdf,,DA3619564,leeg.pdf,,DA3658398,leeg.pdf,,DA3434269,leeg.pdf,,DA3880658,leeg.pdf,,DA3142993,leeg.pdf,,DA3464458,leeg.pdf,,DA3247409,leeg.pdf,,DA3655180,leeg.pdf,
DA3955396,leeg.pdf,,DA3237060,leeg.pdf,,DA3564752,leeg.pdf,,DA3939543,leeg.pdf,,DA3222509,leeg.pdf,,DA3094188,leeg.pdf,,DA3041282,leeg.pdf,,DA3247006,leeg.pdf,,DA3282451,leeg.pdf,,DA3275047,leeg.pdf,,DA3777181,leeg.pdf,,DA3813683,leeg.pdf,,DA3057978,leeg.pdf,,DA3453518,leeg.pdf,,DA3510492,leeg.pdf,
DA3067312,leeg.pdf,,DA3241542,leeg.pdf,,DA3241946,leeg.pdf,,DA3391333,leeg.pdf,,DA3835589,leeg.pdf,,DA3797151,leeg.pdf,,DA3130576,leeg.pdf,,DA3338702,leeg.pdf,,DA3727017,leeg.pdf,,DA3080244,leeg.pdf,,DA3537019,leeg.pdf,,DA3851430,leeg.pdf,,DA3379880,leeg.pdf,,DA3638589,leeg.pdf,,DA3583344,leeg.pdf,
DA3793251,leeg.pdf,,DA3749144,leeg.pdf,,DA3213418,leeg.pdf,,DA3584100,leeg.pdf,,DA3870220,leeg.pdf,,DA3097960,leeg.pdf,,DA3250599,leeg.pdf,,DA3181366,leeg.pdf,,DA3829445,leeg.pdf,,DA3885960,leeg.pdf,,DA3252543,leeg.pdf,,DA3612757,leeg.pdf,,DA3990601,leeg.pdf,,DA3292761,leeg.pdf,,DA3094217,leeg.pdf,
DA3204049,leeg.pdf,,DA3545610,leeg.pdf,,DA3779453,leeg.pdf,,DA3264167,leeg.pdf,,DA3737375,leeg.pdf,,DA3283556,leeg.pdf,,DA3881939,leeg.pdf,,DA3107667,leeg.pdf,,DA3271071,leeg.pdf,,DA3490324,leeg.pdf,,DA3683730,leeg.pdf,,DA3076373,leeg.pdf,,DA3708192,leeg.pdf,,DA3354927,leeg.pdf,,DA3792564,leeg.pdf,
DA3072337,leeg.pdf,,DA3165913,leeg.pdf,,DA3090508,leeg.pdf,,DA3064002,leeg.pdf,,DA3051641,leeg.pdf,,DA3210539,leeg.pdf,,DA3593827,leeg.pdf,,DA3846247,leeg.pdf,,DA3185687,leeg.pdf,,DA3603765,leeg.pdf,,DA3889842,leeg.pdf,,DA3444252,leeg.pdf,,DA3446283,leeg.pdf,,DA3083308,leeg.pdf,,DA3861377,leeg.pdf,
DA3362057,leeg.pdf,,DA3791898,leeg.pdf,,DA3076149,leeg.pdf,,DA3420020,leeg.pdf,,DA3041729,leeg.pdf,,DA3596456,leeg.pdf,,DA3686723,leeg.pdf,,DA3170223,leeg.pdf,,DA3032326,leeg.pdf,,DA3488190,leeg.pdf,,DA3140677,leeg.pdf,,DA3428606,leeg.pdf,,DA3266271,leeg.pdf,,DA3731628,leeg.pdf,,DA3461326,leeg.pdf,
DA3501456,leeg.pdf,,DA3992560,leeg.pdf,,DA3377465,leeg.pdf,,DA3081781,leeg.pdf,,DA3657488,leeg.pdf,,DA3262219,leeg.pdf,,DA3383369,leeg.pdf,,DA3136506,leeg.pdf,,DA3290089,leeg.pdf,,DA3969882,leeg.pdf,,DA3267648,leeg.pdf,,DA3225510,leeg.pdf,,DA3432314,leeg.pdf,,DA3426285,leeg.pdf,,DA3105478,leeg.pdf,
DA3994217,leeg.pdf,,DA3272655,leeg.pdf,,DA3317860,leeg.pdf,,DA3044937,leeg.pdf,,DA3138874,leeg.pdf,,DA3227848,leeg.pdf,,DA3488270,leeg.pdf,,DA3074592,leeg.pdf,,DA3073333,leeg.pdf,,DA3590207,leeg.pdf,,DA3161800,leeg.pdf,,DA3193294,leeg.pdf,,DA3973248,leeg.pdf,,DA3901930,leeg.pdf,,DA3538264,leeg.pdf,
DA3042469,leeg.pdf,,DA3175507,leeg.pdf,,DA3762835,leeg.pdf,,DA3342809,leeg.pdf,,DA3471422,leeg.pdf,,DA3056067,leeg.pdf,,DA3851408,leeg.pdf,,DA3147274,leeg.pdf,,DA3361589,leeg.pdf,,DA3176375,leeg.pdf,,DA3693360,leeg.pdf,,DA3137036,leeg.pdf,,DA3181022,leeg.pdf,,DA3678290,leeg.pdf,,DA3236506,leeg.pdf,
DA3244667,leeg.pdf,,DA3280427,leeg.pdf,,DA3402573,leeg.pdf,,DA3528461,leeg.pdf,,DA3060524,leeg.pdf,,DA3468078,leeg.pdf,,DA3091718,leeg.pdf,,DA3589835,leeg.pdf,,DA3281921,leeg.pdf,,DA3074736,leeg.pdf,,DA3394647,leeg.pdf,,DA3076396,leeg.pdf,,DA3200634,leeg.pdf,,DA3611039,leeg.pdf,,DA3975581,leeg.pdf,
DA3683083,leeg.pdf,,DA3048073,leeg.pdf,,DA3355775,leeg.pdf,,DA3347387,leeg.pdf,,DA3896802,leeg.pdf,,DA3526173,leeg.pdf,,DA3651586,leeg.pdf,,DA3170487,leeg.pdf,,DA3227866,leeg.pdf,,DA3227921,leeg.pdf,,DA3475034,leeg.pdf,,DA3093353,leeg.pdf,,DA3332228,leeg.pdf,,DA3828706,leeg.pdf,,DA3203625,leeg.pdf,
DA3089122,leeg.pdf,,DA3541189,leeg.pdf,,DA3164246,leeg.pdf,,DA3357466,leeg.pdf,,DA3378079,leeg.pdf,,DA3235741,leeg.pdf,,DA3168889,leeg.pdf,,DA3281466,leeg.pdf,,DA3438012,leeg.pdf,,DA3760536,leeg.pdf,,DA3534206,leeg.pdf,,DA3770281,leeg.pdf,,DA3581028,leeg.pdf,,DA3534305,leeg.pdf,,DA3145928,leeg.pdf,
DA3796505,leeg.pdf,,DA3295299,leeg.pdf,,DA3139102,leeg.pdf,,DA3106945,leeg.pdf,,DA3241459,leeg.pdf,,DA3135655,leeg.pdf,,DA3842422,leeg.pdf,,DA3065793,leeg.pdf,,DA3491534,leeg.pdf,,DA3447484,leeg.pdf,,DA3567887,leeg.pdf,,DA3070816,leeg.pdf,,DA3449777,leeg.pdf,,DA3669719,leeg.pdf,,DA3893304,leeg.pdf,
DA3629408,leeg.pdf,,DA3132524,leeg.pdf,,DA3631868,leeg.pdf,,DA3583761,leeg.pdf,,DA3320589,leeg.pdf,,DA3424393,leeg.pdf,,DA3070973,leeg.pdf,,DA3352636,leeg.pdf,,DA3199162,leeg.pdf,,DA3157247,leeg.pdf,,DA3757249,leeg.pdf,,DA3204411,leeg.pdf,,DA3553579,leeg.pdf,,DA3861201,leeg.pdf,,DA3200741,leeg.pdf,
DA3699152,leeg.pdf,,DA3490385,leeg.pdf,,DA3252360,leeg.pdf,,DA3168885,leeg.pdf,,DA3105401,leeg.pdf,,DA3190675,leeg.pdf,,DA3092330,leeg.pdf,,DA3440707,leeg.pdf,,DA3932008,leeg.pdf,,DA3087946,leeg.pdf,,DA3453193,leeg.pdf,,DA3051293,leeg.pdf,,DA3903073,leeg.pdf,,DA3037538,leeg.pdf,,DA3264016,leeg.pdf,
DA3157834,leeg.pdf,,DA3445958,leeg.pdf,,DA3919005,leeg.pdf,,DA3617518,leeg.pdf,,DA3328128,leeg.pdf,,DA3402288,leeg.pdf,,DA3503126,leeg.pdf,,DA3669451,leeg.pdf,,DA3490568,leeg.pdf,,DA3668607,leeg.pdf,,DA3524126,leeg.pdf,,DA3673115,leeg.pdf,,DA3037726,leeg.pdf,,DA3376161,leeg.pdf,,DA3458470,leeg.pdf,
DA3984689,leeg.pdf,,DA3734955,leeg.pdf,,DA3111494,leeg.pdf,,DA3243099,leeg.pdf,,DA3874830,leeg.pdf,,DA3791984,leeg.pdf,,DA3169891,leeg.pdf,,DA3653253,leeg.pdf,,DA3824106,leeg.pdf,,DA3194152,leeg.pdf,,DA3650371,leeg.pdf,,DA3106850,leeg.pdf,,DA3985929,leeg.pdf,,DA3636891,leeg.pdf,,DA3341537,leeg.pdf,
DA3232453,leeg.pdf,,DA3394866,leeg.pdf,,DA3795028,leeg.pdf,,DA3586884,leeg.pdf,,DA3791327,leeg.pdf,,DA3239499,leeg.pdf,,DA3909697,leeg.pdf,,DA3068525,leeg.pdf,,DA3172384,leeg.pdf,,DA3091663,leeg.pdf,,DA3285205,leeg.pdf,,DA3722353,leeg.pdf,,DA3148459,leeg.pdf,,DA3197204,leeg.pdf,,DA3616512,leeg.pdf,
DA3566662,leeg.pdf,,DA3562317,leeg.pdf,,DA3296244,leeg.pdf,,DA3914137,leeg.pdf,,DA3438928,leeg.pdf,,DA3887707,leeg.pdf,,DA3915287,leeg.pdf,,DA3445073,leeg.pdf,,DA3347103,leeg.pdf,,DA3061750,leeg.pdf,,DA3304658,leeg.pdf,,DA3171365,leeg.pdf,,DA3051679,leeg.pdf,,DA3148441,leeg.pdf,,DA3108566,leeg.pdf,
DA3530222,leeg.pdf,,DA3192483,leeg.pdf,,DA3279743,leeg.pdf,,DA3813473,leeg.pdf,,DA3154847,leeg.pdf,,DA3062907,leeg.pdf,,DA3513922,leeg.pdf,,DA3089980,leeg.pdf,,DA3596504,leeg.pdf,,DA3519644,leeg.pdf,,DA3290914,leeg.pdf,,DA3070767,leeg.pdf,,DA3037461,leeg.pdf,,DA3865018,leeg.pdf,,DA3545494,leeg.pdf,
DA3029161,leeg.pdf,,DA3104138,leeg.pdf,,DA3128154,leeg.pdf,,DA3123255,leeg.pdf,,DA3146813,leeg.pdf,,DA3556921,leeg.pdf,,DA3412550,leeg.pdf,,DA3335185,leeg.pdf,,DA3342006,leeg.pdf,,DA3963106,leeg.pdf,,DA3493420,leeg.pdf,,DA3617280,leeg.pdf,,DA3361895,leeg.pdf,,DA3307077,leeg.pdf,,DA3299539,leeg.pdf,
DA3422433,leeg.pdf,,DA3281743,leeg.pdf,,DA3286211,leeg.pdf,,DA3139038,leeg.pdf,,DA3571802,leeg.pdf,,DA3786771,leeg.pdf,,DA3894936,leeg.pdf,,DA3075946,leeg.pdf,,DA3158624,leeg.pdf,,DA3043069,leeg.pdf,,DA3506248,leeg.pdf,,DA3078107,leeg.pdf,,DA3206549,leeg.pdf,,DA3186123,leeg.pdf,,DA3431447,leeg.pdf,
DA3789196,leeg.pdf,,DA3437448,leeg.pdf,,DA3715385,leeg.pdf,,DA3259729,leeg.pdf,,DA3228520,leeg.pdf,,DA3201455,leeg.pdf,,DA3908899,leeg.pdf,,DA3563859,leeg.pdf,,DA3547565,leeg.pdf,,DA3614506,leeg.pdf,,DA3552774,leeg.pdf,,DA3160537,leeg.pdf,,DA3598910,leeg.pdf,,DA3045974,leeg.pdf,,DA3098493,leeg.pdf,
DA3249517,leeg.pdf,,DA3834860,leeg.pdf,,DA3242230,leeg.pdf,,DA3196001,leeg.pdf,,DA3374768,leeg.pdf,,DA3760738,leeg.pdf,,DA3127670,leeg.pdf,,DA3152107,leeg.pdf,,DA3124156,leeg.pdf,,DA3584254,leeg.pdf,,DA3065033,leeg.pdf,,DA3650180,leeg.pdf,,DA3438924,leeg.pdf,,DA3605240,leeg.pdf,,DA3512201,leeg.pdf,
DA3054435,leeg.pdf,,DA3176822,leeg.pdf,,DA3572353,leeg.pdf,,DA3182093,leeg.pdf,,DA3122368,leeg.pdf,,DA3289153,leeg.pdf,,DA3523045,leeg.pdf,,DA3393027,leeg.pdf,,DA3181304,leeg.pdf,,DA3392765,leeg.pdf,,DA3263662,leeg.pdf,,DA3457339,leeg.pdf,,DA3088575,leeg.pdf,,DA3205265,leeg.pdf,,DA3565073,leeg.pdf,
DA3178951,leeg.pdf,,DA3572031,leeg.pdf,,DA3602473,leeg.pdf,,DA3385265,leeg.pdf,,DA3154201,leeg.pdf,,DA3684761,leeg.pdf,,DA3838553,leeg.pdf,,DA3860935,leeg.pdf,,DA3934950,leeg.pdf,,DA3231678,leeg.pdf,,DA3823034,leeg.pdf,,DA3536725,leeg.pdf,,DA3815886,leeg.pdf,,DA3700601,leeg.pdf,,DA3059733,leeg.pdf,
DA3340008,leeg.pdf,,DA3388404,leeg.pdf,,DA3095195,leeg.pdf,,DA3426095,leeg.pdf,,DA3463078,leeg.pdf,,DA3299835,leeg.pdf,,DA3164623,leeg.pdf,,DA3491019,leeg.pdf,,DA3826760,leeg.pdf,,DA3477682,leeg.pdf,,DA3365915,leeg.pdf,,DA3592203,leeg.pdf,,DA3569770,leeg.pdf,,DA3436586,leeg.pdf,,DA3664758,leeg.pdf,
DA3468568,leeg.pdf,,DA3248125,leeg.pdf,,DA3255468,leeg.pdf,,DA3620291,leeg.pdf,,DA3784923,leeg.pdf,,DA3169234,leeg.pdf,,DA3419614,leeg.pdf,,DA3159246,leeg.pdf,,DA3349136,leeg.pdf,,DA3278474,leeg.pdf,,DA3547009,leeg.pdf,,DA3156273,leeg.pdf,,DA3804355,leeg.pdf,,DA3597260,leeg.pdf,,DA3078382,leeg.pdf,
DA3522839,leeg.pdf,,DA3297164,leeg.pdf,,DA3983745,leeg.pdf,,DA3589414,leeg.pdf,,DA3379697,leeg.pdf,,DA3679316,leeg.pdf,,DA3893104,leeg.pdf,,DA3507177,leeg.pdf,,DA3480697,leeg.pdf,,DA3145414,leeg.pdf,,DA3355124,leeg.pdf,,DA3952781,leeg.pdf,,DA3920138,leeg.pdf,,DA3692280,leeg.pdf,,DA3507110,leeg.pdf,
DA3515210,leeg.pdf,,DA3054882,leeg.pdf,,DA3720128,leeg.pdf,,DA3409233,leeg.pdf,,DA3485931,leeg.pdf,,DA3816450,leeg.pdf,,DA3043100,leeg.pdf,,DA3885994,leeg.pdf,,DA3708507,leeg.pdf,,DA3518330,leeg.pdf,,DA3232555,leeg.pdf,,DA3057653,leeg.pdf,,DA3487092,leeg.pdf,,DA3217432,leeg.pdf,,DA3139602,leeg.pdf,
DA3442161,leeg.pdf,,DA3145648,leeg.pdf,,DA3453376,leeg.pdf,,DA3987817,leeg.pdf,,DA3111289,leeg.pdf,,DA3769057,leeg.pdf,,DA3303121,leeg.pdf,,DA3099435,leeg.pdf,,DA3412111,leeg.pdf,,DA3250194,leeg.pdf,,DA3866982,leeg.pdf,,DA3224091,leeg.pdf,,DA3470898,leeg.pdf,,DA3114938,leeg.pdf,,DA3906052,leeg.pdf,
DA3532443,leeg.pdf,,DA3972016,leeg.pdf,,DA3780587,leeg.pdf,,DA3729857,leeg.pdf,,DA3086363,leeg.pdf,,DA3612852,leeg.pdf,,DA3341269,leeg.pdf,,DA3854530,leeg.pdf,,DA3711824,leeg.pdf,,DA3094351,leeg.pdf,,DA3498739,leeg.pdf,,DA3256371,leeg.pdf,,DA3559991,leeg.pdf,,DA3808077,leeg.pdf,,DA3380119,leeg.pdf,
DA3240313,leeg.pdf,,DA3538042,leeg.pdf,,DA3211234,leeg.pdf,,DA3190278,leeg.pdf,,DA3786524,leeg.pdf,,DA3058969,leeg.pdf,,DA3291835,leeg.pdf,,DA3101526,leeg.pdf,,DA3820423,leeg.pdf,,DA3518831,leeg.pdf,,DA3177163,leeg.pdf,,DA3716559,leeg.pdf,,DA3367072,leeg.pdf,,DA3948910,leeg.pdf,,DA3345941,leeg.pdf,
DA3272945,leeg.pdf,,DA3438830,leeg.pdf,,DA3183667,leeg.pdf,,DA3054077,leeg.pdf,,DA3213442,leeg.pdf,,DA3440924,leeg.pdf,,DA3161760,leeg.pdf,,DA3990824,leeg.pdf,,DA3905216,leeg.pdf,,DA3374550,leeg.pdf,,DA3090735,leeg.pdf,,DA3213132,leeg.pdf,,DA3400585,leeg.pdf,,DA3170779,leeg.pdf,,DA3280007,leeg.pdf,
DA3861897,leeg.pdf,,DA3044768,leeg.pdf,,DA3190228,leeg.pdf,,DA3280477,leeg.pdf,,DA3722128,leeg.pdf,,DA3073733,leeg.pdf,,DA3266505,leeg.pdf,,DA3806299,leeg.pdf,,DA3717003,leeg.pdf,,DA3086779,leeg.pdf,,DA3578338,leeg.pdf,,DA3875025,leeg.pdf,,DA3336846,leeg.pdf,,DA3053699,leeg.pdf,,DA3354529,leeg.pdf,
DA3361822,leeg.pdf,,DA3949804,leeg.pdf,,DA3107707,leeg.pdf,,DA3050646,leeg.pdf,,DA3155027,leeg.pdf,,DA3094620,leeg.pdf,,DA3944460,leeg.pdf,,DA3271015,leeg.pdf,,DA3377099,leeg.pdf,,DA3205196,leeg.pdf,,DA3780911,leeg.pdf,,DA3142782,leeg.pdf,,DA3567864,leeg.pdf,,DA3382957,leeg.pdf,,DA3765108,leeg.pdf,
DA3097444,leeg.pdf,,DA3420268,leeg.pdf,,DA3793080,leeg.pdf,,DA3782425,leeg.pdf,,DA3145206,leeg.pdf,,DA3591362,leeg.pdf,,DA3785233,leeg.pdf,,DA3292957,leeg.pdf,,DA3980519,leeg.pdf,,DA3515836,leeg.pdf,,DA3101005,leeg.pdf,,DA3312429,leeg.pdf,,DA3134327,leeg.pdf,,DA3319797,leeg.pdf,,DA3085037,leeg.pdf,
DA3932265,leeg.pdf,,DA3251320,leeg.pdf,,DA3751763,leeg.pdf,,DA3602778,leeg.pdf,,DA3730933,leeg.pdf,,DA3145758,leeg.pdf,,DA3060970,leeg.pdf,,DA3163880,leeg.pdf,,DA3468534,leeg.pdf,,DA3196931,leeg.pdf,,DA3256146,leeg.pdf,,DA3625621,leeg.pdf,,DA3814214,leeg.pdf,,DA3848499,leeg.pdf,,DA3782319,leeg.pdf,
DA3088022,leeg.pdf,,DA3689064,leeg.pdf,,DA3522903,leeg.pdf,,DA3567900,leeg.pdf,,DA3295465,leeg.pdf,,DA3245529,leeg.pdf,,DA3964737,leeg.pdf,,DA3800016,leeg.pdf,,DA3078225,leeg.pdf,,DA3522956,leeg.pdf,,DA3177832,leeg.pdf,,DA3153748,leeg.pdf,,DA3763309,leeg.pdf,,DA3367659,leeg.pdf,,DA3675287,leeg.pdf,
DA3472144,leeg.pdf,,DA3558793,leeg.pdf,,DA3292262,leeg.pdf,,DA3565848,leeg.pdf,,DA3194203,leeg.pdf,,DA3204822,leeg.pdf,,DA3477492,leeg.pdf,,DA3704652,leeg.pdf,,DA3319889,leeg.pdf,,DA3076125,leeg.pdf,,DA3194156,leeg.pdf,,DA3488852,leeg.pdf,,DA3044740,leeg.pdf,,DA3112537,leeg.pdf,,DA3974547,leeg.pdf,
DA3392627,leeg.pdf,,DA3493604,leeg.pdf,,DA3220421,leeg.pdf,,DA3249567,leeg.pdf,,DA3543113,leeg.pdf,,DA3279628,leeg.pdf,,DA3237962,leeg.pdf,,DA3587602,leeg.pdf,,DA3841249,leeg.pdf,,DA3194494,leeg.pdf,,DA3371228,leeg.pdf,,DA3232716,leeg.pdf,,DA3968806,leeg.pdf,,DA3214274,leeg.pdf,,DA3313117,leeg.pdf,
DA3310773,leeg.pdf,,DA3325257,leeg.pdf,,DA3569982,leeg.pdf,,DA3470570,leeg.pdf,,DA3272852,leeg.pdf,,DA3598314,leeg.pdf,,DA3907766,leeg.pdf,,DA3514963,leeg.pdf,,DA3131498,leeg.pdf,,DA3193346,leeg.pdf,,DA3141673,leeg.pdf,,DA3214325,leeg.pdf,,DA3785772,leeg.pdf,,DA3754251,leeg.pdf,,DA3321473,leeg.pdf,
DA3688212,leeg.pdf,,DA3965343,leeg.pdf,,DA3391459,leeg.pdf,,DA3338773,leeg.pdf,,DA3787314,leeg.pdf,,DA3298866,leeg.pdf,,DA3990854,leeg.pdf,,DA3428986,leeg.pdf,,DA3393588,leeg.pdf,,DA3451614,leeg.pdf,,DA3901213,leeg.pdf,,DA3691526,leeg.pdf,,DA3115299,leeg.pdf,,DA3658367,leeg.pdf,,DA3921621,leeg.pdf,
DA3401633,leeg.pdf,,DA3052448,leeg.pdf,,DA3208052,leeg.pdf,,DA3526338,leeg.pdf,,DA3238698,leeg.pdf,,DA3464586,leeg.pdf,,DA3251996,leeg.pdf,,DA3302662,leeg.pdf,,DA3778810,leeg.pdf,,DA3196240,leeg.pdf,,DA3178871,leeg.pdf,,DA3241104,leeg.pdf,,DA3225399,leeg.pdf,,DA3085775,leeg.pdf,,DA3121104,leeg.pdf,
DA3351174,leeg.pdf,,DA3374998,leeg.pdf,,DA3207434,leeg.pdf,,DA3432181,leeg.pdf,,DA3035932,leeg.pdf,,DA3752499,leeg.pdf,,DA3035792,leeg.pdf,,DA3912282,leeg.pdf,,DA3566243,leeg.pdf,,DA3450142,leeg.pdf,,DA3132880,leeg.pdf,,DA3133666,leeg.pdf,,DA3165420,leeg.pdf,,DA3892391,leeg.pdf,,DA3815334,leeg.pdf,
DA3183377,leeg.pdf,,DA3302036,leeg.pdf,,DA3578928,leeg.pdf,,DA3251567,leeg.pdf,,DA3391877,leeg.pdf,,DA3722876,leeg.pdf,,DA3067407,leeg.pdf,,DA3774471,leeg.pdf,,DA3531552,leeg.pdf,,DA3094719,leeg.pdf,,DA3821270,leeg.pdf,,DA3084507,leeg.pdf,,DA3450102,leeg.pdf,,DA3421255,leeg.pdf,,DA3501859,leeg.pdf,
DA3195700,leeg.pdf,,DA3472454,leeg.pdf,,DA3114477,leeg.pdf,,DA3108698,leeg.pdf,,DA3464372,leeg.pdf,,DA3454752,leeg.pdf,,DA3995930,leeg.pdf,,DA3955731,leeg.pdf,,DA3864144,leeg.pdf,,DA3674243,leeg.pdf,,DA3314494,leeg.pdf,,DA3764874,leeg.pdf,,DA3645768,leeg.pdf,,DA3716187,leeg.pdf,,DA3379318,leeg.pdf,
DA3646898,leeg.pdf,,DA3290890,leeg.pdf,,DA3904205,leeg.pdf,,DA3335190,leeg.pdf,,DA3539402,leeg.pdf,,DA3926736,leeg.pdf,,DA3069029,leeg.pdf,,DA3833227,leeg.pdf,,DA3567290,leeg.pdf,,DA3990985,leeg.pdf,,DA3167571,leeg.pdf,,DA3517295,leeg.pdf,,DA3613003,leeg.pdf,,DA3113856,leeg.pdf,,DA3282630,leeg.pdf,
DA3473799,leeg.pdf,,DA3936558,leeg.pdf,,DA3292783,leeg.pdf,,DA3919233,leeg.pdf,,DA3750079,leeg.pdf,,DA3532300,leeg.pdf,,DA3156711,leeg.pdf,,DA3211855,leeg.pdf,,DA3834380,leeg.pdf,,DA3138133,leeg.pdf,,DA3327304,leeg.pdf,,DA3047555,leeg.pdf,,DA3366769,leeg.pdf,,DA3910964,leeg.pdf,,DA3745067,leeg.pdf,
DA3868041,leeg.pdf,,DA3329167,leeg.pdf,,DA3676189,leeg.pdf,,DA3682003,leeg.pdf,,DA3411867,leeg.pdf,,DA3581224,leeg.pdf,,DA3836593,leeg.pdf,,DA3631619,leeg.pdf,,DA3182526,leeg.pdf,,DA3318588,leeg.pdf,,DA3607583,leeg.pdf,,DA3402654,leeg.pdf,,DA3355769,leeg.pdf,,DA3088165,leeg.pdf,,DA3888066,leeg.pdf,
DA3819931,leeg.pdf,,DA3923169,leeg.pdf,,DA3197573,leeg.pdf,,DA3810473,leeg.pdf,,DA3037057,leeg.pdf,,DA3348279,leeg.pdf,,DA3788860,leeg.pdf,,DA3497057,leeg.pdf,,DA3800222,leeg.pdf,,DA3629641,leeg.pdf,,DA3754518,leeg.pdf,,DA3075415,leeg.pdf,,DA3473990,leeg.pdf,,DA3346231,leeg.pdf,,DA3191369,leeg.pdf,
DA3294709,leeg.pdf,,DA3340025,leeg.pdf,,DA3901106,leeg.pdf,,DA3239878,leeg.pdf,,DA3111881,leeg.pdf,,DA3338123,leeg.pdf,,DA3466252,leeg.pdf,,DA3687529,leeg.pdf,,DA3689174,leeg.pdf,,DA3433332,leeg.pdf,,DA3693138,leeg.pdf,,DA3113050,leeg.pdf,,DA3375545,leeg.pdf,,DA3815030,leeg.pdf,,DA3553850,leeg.pdf,
DA3176401,leeg.pdf,,DA3959468,leeg.pdf,,DA3698425,leeg.pdf,,DA3632600,leeg.pdf,,DA3144866,leeg.pdf,,DA3673753,leeg.pdf,,DA3176657,leeg.pdf,,DA3357667,leeg.pdf,,DA3939344,leeg.pdf,,DA3280999,leeg.pdf,,DA3875262,leeg.pdf,,DA3486005,leeg.pdf,,DA3645586,leeg.pdf,,DA3243889,leeg.pdf,,DA3161739,leeg.pdf,
DA3909732,leeg.pdf,,DA3359807,leeg.pdf,,DA3054046,leeg.pdf,,DA3557943,leeg.pdf,,DA3110341,leeg.pdf,,DA3269152,leeg.pdf,,DA3308280,leeg.pdf,,DA3859419,leeg.pdf,,DA3888578,leeg.pdf,,DA3565743,leeg.pdf,,DA3213025,leeg.pdf,,DA3881562,leeg.pdf,,DA3783595,leeg.pdf,,DA3146642,leeg.pdf,,DA3082106,leeg.pdf,
DA3323782,leeg.pdf,,DA3214958,leeg.pdf,,DA3087965,leeg.pdf,,DA3097732,leeg.pdf,,DA3950718,leeg.pdf,,DA3446297,leeg.pdf,,DA3352336,leeg.pdf,,DA3707986,leeg.pdf,,DA3325878,leeg.pdf,,DA3489012,leeg.pdf,,DA3562565,leeg.pdf,,DA3311844,leeg.pdf,,DA3403759,leeg.pdf,,DA3696058,leeg.pdf,,DA3936690,leeg.pdf,
DA3592864,leeg.pdf,,DA3884154,leeg.pdf,,DA3150318,leeg.pdf,,DA3943725,leeg.pdf,,DA3699695,leeg.pdf,,DA3281318,leeg.pdf,,DA3091313,leeg.pdf,,DA3369923,leeg.pdf,,DA3427975,leeg.pdf,,DA3801676,leeg.pdf,,DA3120140,leeg.pdf,,DA3827385,leeg.pdf,,DA3329054,leeg.pdf,,DA3664135,leeg.pdf,,DA3136317,leeg.pdf,
DA3827983,leeg.pdf,,DA3082309,leeg.pdf,,DA3067699,leeg.pdf,,DA3324370,leeg.pdf,,DA3575810,leeg.pdf,,DA3965294,leeg.pdf,,DA3205480,leeg.pdf,,DA3478937,leeg.pdf,,DA3130920,leeg.pdf,,DA3248362,leeg.pdf,,DA3514768,leeg.pdf,,DA3558387,leeg.pdf,,DA3349149,leeg.pdf,,DA3770346,leeg.pdf,,DA3571615,leeg.pdf,
DA3866160,leeg.pdf,,DA3386117,leeg.pdf,,DA3177637,leeg.pdf,,DA3662434,leeg.pdf,,DA3274198,leeg.pdf,,DA3301204,leeg.pdf,,DA3192697,leeg.pdf,,DA3847809,leeg.pdf,,DA3687993,leeg.pdf,,DA3289345,leeg.pdf,,DA3895419,leeg.pdf,,DA3279062,leeg.pdf,,DA3477033,leeg.pdf,,DA3720085,leeg.pdf,,DA3398313,leeg.pdf,
DA3998797,leeg.pdf,,DA3781604,leeg.pdf,,DA3211945,leeg.pdf,,DA3784736,leeg.pdf,,DA3967246,leeg.pdf,,DA3374340,leeg.pdf,,DA3089613,leeg.pdf,,DA3633424,leeg.pdf,,DA3737038,leeg.pdf,,DA3044264,leeg.pdf,,DA3769199,leeg.pdf,,DA3627884,leeg.pdf,,DA3079946,leeg.pdf,,DA3545560,leeg.pdf,,DA3820980,leeg.pdf,
DA3368669,leeg.pdf,,DA3589928,leeg.pdf,,DA3218142,leeg.pdf,,DA3363062,leeg.pdf,,DA3207983,leeg.pdf,,DA3559279,leeg.pdf,,DA3321285,leeg.pdf,,DA3540570,leeg.pdf,,DA3918330,leeg.pdf,,DA3984351,leeg.pdf,,DA3390793,leeg.pdf,,DA3062064,leeg.pdf,,DA3714114,leeg.pdf,,DA3877186,leeg.pdf,,DA3326204,leeg.pdf,
DA3507953,leeg.pdf,,DA3313638,leeg.pdf,,DA3282643,leeg.pdf,,DA3187414,leeg.pdf,,DA3166481,leeg.pdf,,DA3424723,leeg.pdf,,DA3213281,leeg.pdf,,DA3171130,leeg.pdf,,DA3294822,leeg.pdf,,DA3336748,leeg.pdf,,DA3473326,leeg.pdf,,DA3048643,leeg.pdf,,DA3659488,leeg.pdf,,DA3438611,leeg.pdf,,DA3248572,leeg.pdf,
DA3200850,leeg.pdf,,DA3143060,leeg.pdf,,DA3536368,leeg.pdf,,DA3074372,leeg.pdf,,DA3848593,leeg.pdf,,DA3884978,leeg.pdf,,DA3229720,leeg.pdf,,DA3883423,leeg.pdf,,DA3590142,leeg.pdf,,DA3887197,leeg.pdf,,DA3351590,leeg.pdf,,DA3271982,leeg.pdf,,DA3043238,leeg.pdf,,DA3533247,leeg.pdf,,DA3620523,leeg.pdf,
DA3437989,leeg.pdf,,DA3613133,leeg.pdf,,DA3319732,leeg.pdf,,DA3918664,leeg.pdf,,DA3201199,leeg.pdf,,DA3082007,leeg.pdf,,DA3789706,leeg.pdf,,DA3282654,leeg.pdf,,DA3207809,leeg.pdf,,DA3619191,leeg.pdf,,DA3796163,leeg.pdf,,DA3383758,leeg.pdf,,DA3800580,leeg.pdf,,DA3230205,leeg.pdf,,DA3607206,leeg.pdf,
DA3391312,leeg.pdf,,DA3099527,leeg.pdf,,DA3106157,leeg.pdf,,DA3223952,leeg.pdf,,DA3343987,leeg.pdf,,DA3432002,leeg.pdf,,DA3051511,leeg.pdf,,DA3517600,leeg.pdf,,DA3575799,leeg.pdf,,DA3544705,leeg.pdf,,DA3189941,leeg.pdf,,DA3746162,leeg.pdf,,DA3192745,leeg.pdf,,DA3407469,leeg.pdf,,DA3398667,leeg.pdf,
DA3695778,leeg.pdf,,DA3888301,leeg.pdf,,DA3987981,leeg.pdf,,DA3630510,leeg.pdf,,DA3953460,leeg.pdf,,DA3064232,leeg.pdf,,DA3405437,leeg.pdf,,DA3315355,leeg.pdf,,DA3431839,leeg.pdf,,DA3119185,leeg.pdf,,DA3550398,leeg.pdf,,DA3260374,leeg.pdf,,DA3484679,leeg.pdf,,DA3709750,leeg.pdf,,DA3635367,leeg.pdf,
DA3960787,leeg.pdf,,DA3177846,leeg.pdf,,DA3113463,leeg.pdf,,DA3184742,leeg.pdf,,DA3249354,leeg.pdf,,DA3882405,leeg.pdf,,DA3400544,leeg.pdf,,DA3926024,leeg.pdf,,DA3604316,leeg.pdf,,DA3265321,leeg.pdf,,DA3721929,leeg.pdf,,DA3082375,leeg.pdf,,DA3123946,leeg.pdf,,DA3255351,leeg.pdf,,DA3946032,leeg.pdf,
DA3351070,leeg.pdf,,DA3125412,leeg.pdf,,DA3780225,leeg.pdf,,DA3263760,leeg.pdf,,DA3492047,leeg.pdf,,DA3503626,leeg.pdf,,DA3353132,leeg.pdf,,DA3288852,leeg.pdf,,DA3392658,leeg.pdf,,DA3920941,leeg.pdf,,DA3835362,leeg.pdf,,DA3673654,leeg.pdf,,DA3727776,leeg.pdf,,DA3483917,leeg.pdf,,DA3248031,leeg.pdf,
DA3327798,leeg.pdf,,DA3052548,leeg.pdf,,DA3366232,leeg.pdf,,DA3318216,leeg.pdf,,DA3149054,leeg.pdf,,DA3057100,leeg.pdf,,DA3862442,leeg.pdf,,DA3467148,leeg.pdf,,DA3285472,leeg.pdf,,DA3523906,leeg.pdf,,DA3767405,leeg.pdf,,DA3432381,leeg.pdf,,DA3388106,leeg.pdf,,DA3096684,leeg.pdf,,DA3886992,leeg.pdf,
DA3188871,leeg.pdf,,DA3256951,leeg.pdf,,DA3750613,leeg.pdf,,DA3912764,leeg.pdf,,DA3956389,leeg.pdf,,DA3168059,leeg.pdf,,DA3174296,leeg.pdf,,DA3450737,leeg.pdf,,DA3126269,leeg.pdf,,DA3502611,leeg.pdf,,DA3561044,leeg.pdf,,DA3205943,leeg.pdf,,DA3728010,leeg.pdf,,DA3424171,leeg.pdf,,DA3889139,leeg.pdf,
DA3762288,leeg.pdf,,DA3302366,leeg.pdf,,DA3970171,leeg.pdf,,DA3296261,leeg.pdf,,DA3175498,leeg.pdf,,DA3699522,leeg.pdf,,DA3967082,leeg.pdf,,DA3444314,leeg.pdf,,DA3140703,leeg.pdf,,DA3276562,leeg.pdf,,DA3915159,leeg.pdf,,DA3167400,leeg.pdf,,DA3601512,leeg.pdf,,DA3318881,leeg.pdf,,DA3392094,leeg.pdf,
DA3271582,leeg.pdf,,DA3425391,leeg.pdf,,DA3123881,leeg.pdf,,DA3801357,leeg.pdf,,DA3100222,leeg.pdf,,DA3764400,leeg.pdf,,DA3848469,leeg.pdf,,DA3086397,leeg.pdf,,DA3938729,leeg.pdf,,DA3301346,leeg.pdf,,DA3597361,leeg.pdf,,DA3448114,leeg.pdf,,DA3556998,leeg.pdf,,DA3555893,leeg.pdf,,DA3575503,leeg.pdf,
DA3115991,leeg.pdf,,DA3926168,leeg.pdf,,DA3384476,leeg.pdf,,DA3096544,leeg.pdf,,DA3171133,leeg.pdf,,DA3818626,leeg.pdf,,DA3935582,leeg.pdf,,DA3383858,leeg.pdf,,DA3068220,leeg.pdf,,DA3367306,leeg.pdf,,DA3381664,leeg.pdf,,DA3277483,leeg.pdf,,DA3920322,leeg.pdf,,DA3940404,leeg.pdf,,DA3707632,leeg.pdf,
DA3062370,leeg.pdf,,DA3143391,leeg.pdf,,DA3909602,leeg.pdf,,DA3443294,leeg.pdf,,DA3578995,leeg.pdf,,DA3526300,leeg.pdf,,DA3077184,leeg.pdf,,DA3582743,leeg.pdf,,DA3129452,leeg.pdf,,DA3111657,leeg.pdf,,DA3508495,leeg.pdf,,DA3326714,leeg.pdf,,DA3698356,leeg.pdf,,DA3829407,leeg.pdf,,DA3726819,leeg.pdf,
DA3535102,leeg.pdf,,DA3825299,leeg.pdf,,DA3233957,leeg.pdf,,DA3575943,leeg.pdf,,DA3431475,leeg.pdf,,DA3553312,leeg.pdf,,DA3200599,leeg.pdf,,DA3276452,leeg.pdf,,DA3366252,leeg.pdf,,DA3119735,leeg.pdf,,DA3063936,leeg.pdf,,DA3896640,leeg.pdf,,DA3309004,leeg.pdf,,DA3473212,leeg.pdf,,DA3080589,leeg.pdf,
DA3509948,leeg.pdf,,DA3518204,leeg.pdf,,DA3358020,leeg.pdf,,DA3443824,leeg.pdf,,DA3039219,leeg.pdf,,DA3499000,leeg.pdf,,DA3398318,leeg.pdf,,DA3126857,leeg.pdf,,DA3668667,leeg.pdf,,DA3336272,leeg.pdf,,DA3516876,leeg.pdf,,DA3973653,leeg.pdf,,DA3417473,leeg.pdf,,DA3073645,leeg.pdf,,DA3352817,leeg.pdf,
DA3378653,leeg.pdf,,DA3845905,leeg.pdf,,DA3410660,leeg.pdf,,DA3313781,leeg.pdf,,DA3982936,leeg.pdf,,DA3068775,leeg.pdf,,DA3751789,leeg.pdf,,DA3297802,leeg.pdf,,DA3393485,leeg.pdf,,DA3914644,leeg.pdf,,DA3426354,leeg.pdf,,DA3326830,leeg.pdf,,DA3062209,leeg.pdf,,DA3914047,leeg.pdf,,DA3076510,leeg.pdf,
DA3272165,leeg.pdf,,DA3457060,leeg.pdf,,DA3985592,leeg.pdf,,DA3980387,leeg.pdf,,DA3810804,leeg.pdf,,DA3190497,leeg.pdf,,DA3965500,leeg.pdf,,DA3996568,leeg.pdf,,DA3613881,leeg.pdf,,DA3922083,leeg.pdf,,DA3313505,leeg.pdf,,DA3965466,leeg.pdf,,DA3344372,leeg.pdf,,DA3510129,leeg.pdf,,DA3878519,leeg.pdf,
DA3863989,leeg.pdf,,DA3645546,leeg.pdf,,DA3568654,leeg.pdf,,DA3113508,leeg.pdf,,DA3748251,leeg.pdf,,DA3120871,leeg.pdf,,DA3435374,leeg.pdf,,DA3084475,leeg.pdf,,DA3299730,leeg.pdf,,DA3730966,leeg.pdf,,DA3977113,leeg.pdf,,DA3387486,leeg.pdf,,DA3513024,leeg.pdf,,DA3039687,leeg.pdf,,DA3070353,leeg.pdf,
DA3651853,leeg.pdf,,DA3171248,leeg.pdf,,DA3261329,leeg.pdf,,DA3089077,leeg.pdf,,DA3847984,leeg.pdf,,DA3434011,leeg.pdf,,DA3691653,leeg.pdf,,DA3211652,leeg.pdf,,DA3363146,leeg.pdf,,DA3074361,leeg.pdf,,DA3762072,leeg.pdf,,DA3938264,leeg.pdf,,DA3670985,leeg.pdf,,DA3111621,leeg.pdf,,DA3304646,leeg.pdf,
DA3519491,leeg.pdf,,DA3714872,leeg.pdf,,DA3737130,leeg.pdf,,DA3726111,leeg.pdf,,DA3178044,leeg.pdf,,DA3076033,leeg.pdf,,DA3821665,leeg.pdf,,DA3632086,leeg.pdf,,DA3185075,leeg.pdf,,DA3925592,leeg.pdf,,DA3411985,leeg.pdf,,DA3883211,leeg.pdf,,DA3379928,leeg.pdf,,DA3343423,leeg.pdf,,DA3194735,leeg.pdf,
DA3269371,leeg.pdf,,DA3242980,leeg.pdf,,DA3959240,leeg.pdf,,DA3063419,leeg.pdf,,DA3774790,leeg.pdf,,DA3307711,leeg.pdf,,DA3246266,leeg.pdf,,DA3124154,leeg.pdf,,DA3438470,leeg.pdf,,DA3474869,leeg.pdf,,DA3112355,leeg.pdf,,DA3070929,leeg.pdf,,DA3448126,leeg.pdf,,DA3709523,leeg.pdf,,DA3508022,leeg.pdf,
DA3785406,leeg.pdf,,DA3079512,leeg.pdf,,DA3812923,leeg.pdf,,DA3729843,leeg.pdf,,DA3679193,leeg.pdf,,DA3307408,leeg.pdf,,DA3333415,leeg.pdf,,DA3218140,leeg.pdf,,DA3787813,leeg.pdf,,DA3342416,leeg.pdf,,DA3066701,leeg.pdf,,DA3633919,leeg.pdf,,DA3197337,leeg.pdf,,DA3493959,leeg.pdf,,DA3519428,leeg.pdf,
DA3483164,leeg.pdf,,DA3032873,leeg.pdf,,DA3140609,leeg.pdf,,DA3520947,leeg.pdf,,DA3657608,leeg.pdf,,DA3671531,leeg.pdf,,DA3442970,leeg.pdf,,DA3316629,leeg.pdf,,DA3067969,leeg.pdf,,DA3317536,leeg.pdf,,DA3610541,leeg.pdf,,DA3102357,leeg.pdf,,DA3623754,leeg.pdf,,DA3385137,leeg.pdf,,DA3996831,leeg.pdf,
DA3850829,leeg.pdf,,DA3652385,leeg.pdf,,DA3915608,leeg.pdf,,DA3668526,leeg.pdf,,DA3058954,leeg.pdf,,DA3060366,leeg.pdf,,DA3431429,leeg.pdf,,DA3585524,leeg.pdf,,DA3800321,leeg.pdf,,DA3655179,leeg.pdf,,DA3623485,leeg.pdf,,DA3588936,leeg.pdf,,DA3667652,leeg.pdf,,DA3997320,leeg.pdf,,DA3858394,leeg.pdf,
DA3114261,leeg.pdf,,DA3168822,leeg.pdf,,DA3920493,leeg.pdf,,DA3673623,leeg.pdf,,DA3101718,leeg.pdf,,DA3161822,leeg.pdf,,DA3201487,leeg.pdf,,DA3232237,leeg.pdf,,DA3436057,leeg.pdf,,DA3121958,leeg.pdf,,DA3269630,leeg.pdf,,DA3988614,leeg.pdf,,DA3055404,leeg.pdf,,DA3443012,leeg.pdf,,DA3310161,leeg.pdf,
DA3925907,leeg.pdf,,DA3197462,leeg.pdf,,DA3726578,leeg.pdf,,DA3499736,leeg.pdf,,DA3117574,leeg.pdf,,DA3517433,leeg.pdf,,DA3602069,leeg.pdf,,DA3237226,leeg.pdf,,DA3800507,leeg.pdf,,DA3834518,leeg.pdf,,DA3268855,leeg.pdf,,DA3245371,leeg.pdf,,DA3985761,leeg.pdf,,DA3443135,leeg.pdf,,DA3987788,leeg.pdf,
DA3075795,leeg.pdf,,DA3916506,leeg.pdf,,DA3463478,leeg.pdf,,DA3419136,leeg.pdf,,DA3672583,leeg.pdf,,DA3652365,leeg.pdf,,DA3070618,leeg.pdf,,DA3715251,leeg.pdf,,DA3709426,leeg.pdf,,DA3132795,leeg.pdf,,DA3465930,leeg.pdf,,DA3848847,leeg.pdf,,DA3254754,leeg.pdf,,DA3058032,leeg.pdf,,DA3911118,leeg.pdf,
DA3175978,leeg.pdf,,DA3928357,leeg.pdf,,DA3182665,leeg.pdf,,DA3691875,leeg.pdf,,DA3813786,leeg.pdf,,DA3152065,leeg.pdf,,DA3139913,leeg.pdf,,DA3957431,leeg.pdf,,DA3066830,leeg.pdf,,DA3951485,leeg.pdf,,DA3137719,leeg.pdf,,DA3346013,leeg.pdf,,DA3170256,leeg.pdf,,DA3094722,leeg.pdf,,DA3949446,leeg.pdf,
DA3640199,leeg.pdf,,DA3520502,leeg.pdf,,DA3148099,leeg.pdf,,DA3199756,leeg.pdf,,DA3938527,leeg.pdf,,DA3410450,leeg.pdf,,DA3467202,leeg.pdf,,DA3470235,leeg.pdf,,DA3471521,leeg.pdf,,DA3485026,leeg.pdf,,DA3037308,leeg.pdf,,DA3229651,leeg.pdf,,DA3526580,leeg.pdf,,DA3266249,leeg.pdf,,DA3309108,leeg.pdf,
DA3739583,leeg.pdf,,DA3636607,leeg.pdf,,DA3152109,leeg.pdf,,DA3138674,leeg.pdf,,DA3477553,leeg.pdf,,DA3428485,leeg.pdf,,DA3149922,leeg.pdf,,DA3806020,leeg.pdf,,DA3099497,leeg.pdf,,DA3881515,leeg.pdf,,DA3726336,leeg.pdf,,DA3332193,leeg.pdf,,DA3476272,leeg.pdf,,DA3134422,leeg.pdf,,DA3234423,leeg.pdf,
DA3418665,leeg.pdf,,DA3552032,leeg.pdf,,DA3816317,leeg.pdf,,DA3660698,leeg.pdf,,DA3194153,leeg.pdf,,DA3310144,leeg.pdf,,DA3122834,leeg.pdf,,DA3611371,leeg.pdf,,DA3600237,leeg.pdf,,DA3250747,leeg.pdf,,DA3969207,leeg.pdf,,DA3474979,leeg.pdf,,DA3115476,leeg.pdf,,DA3505188,leeg.pdf,,DA3844355,leeg.pdf,
DA3658094,leeg.pdf,,DA3382293,leeg.pdf,,DA3152498,leeg.pdf,,DA3085365,leeg.pdf,,DA3140202,leeg.pdf,,DA3785612,leeg.pdf,,DA3994445,leeg.pdf,,DA3093345,leeg.pdf,,DA3383760,leeg.pdf,,DA3705187,leeg.pdf,,DA3354269,leeg.pdf,,DA3989337,leeg.pdf,,DA3656066,leeg.pdf,,DA3910975,leeg.pdf,,DA3873447,leeg.pdf,
DA3322935,leeg.pdf,,DA3499688,leeg.pdf,,DA3172566,leeg.pdf,,DA3103230,leeg.pdf,,DA3847404,leeg.pdf,,DA3996515,leeg.pdf,,DA3066800,leeg.pdf,,DA3330279,leeg.pdf,,DA3551866,leeg.pdf,,DA3358084,leeg.pdf,,DA3613321,leeg.pdf,,DA3834955,leeg.pdf,,DA3596094,leeg.pdf,,DA3636871,leeg.pdf,,DA3149014,leeg.pdf,
DA3218948,leeg.pdf,,DA3300340,leeg.pdf,,DA3446218,leeg.pdf,,DA3423767,leeg.pdf,,DA3178663,leeg.pdf,,DA3334908,leeg.pdf,,DA3600078,leeg.pdf,,DA3570097,leeg.pdf,,DA3192117,leeg.pdf,,DA3374670,leeg.pdf,,DA3334580,leeg.pdf,,DA3381400,leeg.pdf,,DA3462079,leeg.pdf,,DA3306291,leeg.pdf,,DA3033207,leeg.pdf,
DA3963662,leeg.pdf,,DA3049287,leeg.pdf,,DA3952739,leeg.pdf,,DA3414578,leeg.pdf,,DA3515605,leeg.pdf,,DA3429127,leeg.pdf,,DA3714212,leeg.pdf,,DA3807462,leeg.pdf,,DA3832112,leeg.pdf,,DA3152180,leeg.pdf,,DA3268695,leeg.pdf,,DA3519348,leeg.pdf,,DA3891974,leeg.pdf,,DA3883231,leeg.pdf,,DA3659372,leeg.pdf,
DA3353993,leeg.pdf,,DA3181875,leeg.pdf,,DA3476802,leeg.pdf,,DA3098307,leeg.pdf,,DA3880935,leeg.pdf,,DA3495365,leeg.pdf,,DA3216393,leeg.pdf,,DA3301919,leeg.pdf,,DA3165438,leeg.pdf,,DA3138015,leeg.pdf,,DA3552020,leeg.pdf,,DA3673615,leeg.pdf,,DA3552484,leeg.pdf,,DA3571513,leeg.pdf,,DA3163973,leeg.pdf,
DA3222091,leeg.pdf,,DA3623734,leeg.pdf,,DA3432590,leeg.pdf,,DA3604829,leeg.pdf,,DA3689026,leeg.pdf,,DA3049459,leeg.pdf,,DA3527574,leeg.pdf,,DA3289365,leeg.pdf,,DA3082478,leeg.pdf,,DA3568155,leeg.pdf,,DA3673341,leeg.pdf,,DA3476157,leeg.pdf,,DA3986063,leeg.pdf,,DA3313533,leeg.pdf,,DA3368048,leeg.pdf,
DA3433709,leeg.pdf,,DA3337732,leeg.pdf,,DA3756945,leeg.pdf,,DA3099712,leeg.pdf,,DA3240150,leeg.pdf,,DA3369345,leeg.pdf,,DA3903478,leeg.pdf,,DA3215969,leeg.pdf,,DA3768155,leeg.pdf,,DA3973067,leeg.pdf,,DA3116572,leeg.pdf,,DA3648052,leeg.pdf,,DA3307564,leeg.pdf,,DA3517508,leeg.pdf,,DA3209757,leeg.pdf,
DA3352927,leeg.pdf,,DA3974199,leeg.pdf,,DA3168161,leeg.pdf,,DA3183261,leeg.pdf,,DA3951963,leeg.pdf,,DA3375458,leeg.pdf,,DA3295043,leeg.pdf,,DA3159296,leeg.pdf,,DA3357221,leeg.pdf,,DA3272537,leeg.pdf,,DA3332295,leeg.pdf,,DA3471459,leeg.pdf,,DA3080590,leeg.pdf,,DA3251716,leeg.pdf,,DA3387748,leeg.pdf,
DA3288399,leeg.pdf,,DA3295097,leeg.pdf,,DA3234640,leeg.pdf,,DA3183491,leeg.pdf,,DA3156815,leeg.pdf,,DA3648686,leeg.pdf,,DA3190528,leeg.pdf,,DA3723139,leeg.pdf,,DA3941820,leeg.pdf,,DA3949549,leeg.pdf,,DA3648455,leeg.pdf,,DA3326699,leeg.pdf,,DA3144124,leeg.pdf,,DA3163926,leeg.pdf,,DA3767586,leeg.pdf,
DA3217733,leeg.pdf,,DA3081107,leeg.pdf,,DA3717037,leeg.pdf,,DA3189503,leeg.pdf,,DA3746822,leeg.pdf,,DA3106862,leeg.pdf,,DA3608838,leeg.pdf,,DA3137806,leeg.pdf,,DA3532887,leeg.pdf,,DA3040218,leeg.pdf,,DA3518557,leeg.pdf,,DA3912478,leeg.pdf,,DA3187629,leeg.pdf,,DA3749419,leeg.pdf,,DA3102454,leeg.pdf,
DA3366954,leeg.pdf,,DA3618873,leeg.pdf,,DA3544472,leeg.pdf,,DA3335461,leeg.pdf,,DA3597696,leeg.pdf,,DA3059293,leeg.pdf,,DA3502376,leeg.pdf,,DA3899939,leeg.pdf,,DA3823998,leeg.pdf,,DA3879531,leeg.pdf,,DA3079134,leeg.pdf,,DA3874739,leeg.pdf,,DA3170354,leeg.pdf,,DA3512028,leeg.pdf,,DA3151222,leeg.pdf,
DA3302040,leeg.pdf,,DA3515983,leeg.pdf,,DA3333999,leeg.pdf,,DA3590627,leeg.pdf,,DA3998516,leeg.pdf,,DA3261967,leeg.pdf,,DA3182047,leeg.pdf,,DA3080077,leeg.pdf,,DA3396749,leeg.pdf,,DA3332288,leeg.pdf,,DA3186066,leeg.pdf,,DA3429581,leeg.pdf,,DA3276786,leeg.pdf,,DA3127669,leeg.pdf,,DA3294074,leeg.pdf,
DA3056359,leeg.pdf,,DA3500156,leeg.pdf,,DA3303946,leeg.pdf,,DA3425514,leeg.pdf,,DA3339191,leeg.pdf,,DA3896492,leeg.pdf,,DA3805677,leeg.pdf,,DA3782354,leeg.pdf,,DA3309254,leeg.pdf,,DA3563424,leeg.pdf,,DA3913162,leeg.pdf,,DA3361851,leeg.pdf,,DA3885834,leeg.pdf,,DA3831897,leeg.pdf,,DA3424545,leeg.pdf,
DA3347004,leeg.pdf,,DA3065145,leeg.pdf,,DA3157747,leeg.pdf,,DA3979975,leeg.pdf,,DA3131821,leeg.pdf,,DA3274805,leeg.pdf,,DA3383377,leeg.pdf,,DA3711623,leeg.pdf,,DA3146173,leeg.pdf,,DA3619609,leeg.pdf,,DA3530484,leeg.pdf,,DA3479851,leeg.pdf,,DA3218951,leeg.pdf,,DA3215805,leeg.pdf,,DA3818926,leeg.pdf,
DA3869666,leeg.pdf,,DA3033615,leeg.pdf,,DA3179538,leeg.pdf,,DA3277402,leeg.pdf,,DA3676082,leeg.pdf,,DA3316212,leeg.pdf,,DA3905703,leeg.pdf,,DA3187137,leeg.pdf,,DA3221030,leeg.pdf,,DA3968030,leeg.pdf,,DA3146885,leeg.pdf,,DA3714942,leeg.pdf,,DA3135228,leeg.pdf,,DA3334274,leeg.pdf,,DA3447167,leeg.pdf,
DA3943608,leeg.pdf,,DA3218830,leeg.pdf,,DA3165670,leeg.pdf,,DA3863310,leeg.pdf,,DA3555159,leeg.pdf,,DA3699397,leeg.pdf,,DA3478946,leeg.pdf,,DA3268607,leeg.pdf,,DA3216188,leeg.pdf,,DA3411726,leeg.pdf,,DA3195074,leeg.pdf,,DA3351197,leeg.pdf,,DA3293905,leeg.pdf,,DA3721155,leeg.pdf,,DA3321004,leeg.pdf,
DA3105161,leeg.pdf,,DA3212304,leeg.pdf,,DA3129680,leeg.pdf,,DA3926847,leeg.pdf,,DA3870197,leeg.pdf,,DA3286321,leeg.pdf,,DA3915187,leeg.pdf,,DA3229177,leeg.pdf,,DA3679604,leeg.pdf,,DA3088340,leeg.pdf,,DA3103036,leeg.pdf,,DA3096241,leeg.pdf,,DA3500053,leeg.pdf,,DA3437217,leeg.pdf,,DA3983075,leeg.pdf,
DA3546052,leeg.pdf,,DA3239315,leeg.pdf,,DA3938750,leeg.pdf,,DA3430692,leeg.pdf,,DA3389793,leeg.pdf,,DA3061957,leeg.pdf,,DA3141586,leeg.pdf,,DA3411533,leeg.pdf,,DA3055575,leeg.pdf,,DA3483385,leeg.pdf,,DA3072060,leeg.pdf,,DA3712697,leeg.pdf,,DA3452482,leeg.pdf,,DA3265437,leeg.pdf,,DA3158745,leeg.pdf,
DA3140812,leeg.pdf,,DA3528928,leeg.pdf,,DA3989584,leeg.pdf,,DA3167768,leeg.pdf,,DA3554169,leeg.pdf,,DA3134639,leeg.pdf,,DA3412998,leeg.pdf,,DA3414505,leeg.pdf,,DA3548122,leeg.pdf,,DA3275028,leeg.pdf,,DA3602597,leeg.pdf,,DA3475690,leeg.pdf,,DA3379961,leeg.pdf,,DA3704249,leeg.pdf,,DA3321434,leeg.pdf,
DA3066833,leeg.pdf,,DA3083013,leeg.pdf,,DA3218846,leeg.pdf,,DA3263417,leeg.pdf,,DA3119049,leeg.pdf,,DA3203098,leeg.pdf,,DA3600195,leeg.pdf,,DA3614138,leeg.pdf,,DA3938738,leeg.pdf,,DA3345103,leeg.pdf,,DA3761893,leeg.pdf,,DA3333117,leeg.pdf,,DA3982674,leeg.pdf,,DA3133782,leeg.pdf,,DA3836007,leeg.pdf,
DA3899771,leeg.pdf,,DA3103840,leeg.pdf,,DA3980850,leeg.pdf,,DA3075555,leeg.pdf,,DA3538302,leeg.pdf,,DA3100320,leeg.pdf,,DA3175171,leeg.pdf,,DA3078186,leeg.pdf,,DA3098584,leeg.pdf,,DA3565101,leeg.pdf,,DA3866535,leeg.pdf,,DA3587142,leeg.pdf,,DA3208633,leeg.pdf,,DA3526260,leeg.pdf,,DA3594206,leeg.pdf,
DA3199033,leeg.pdf,,DA3185604,leeg.pdf,,DA3053912,leeg.pdf,,DA3150123,leeg.pdf,,DA3486380,leeg.pdf,,DA3271310,leeg.pdf,,DA3318503,leeg.pdf,,DA3632174,leeg.pdf,,DA3242007,leeg.pdf,,DA3278289,leeg.pdf,,DA3657685,leeg.pdf,,DA3739947,leeg.pdf,,DA3846218,leeg.pdf,,DA3311923,leeg.pdf,,DA3284708,leeg.pdf,
DA3143487,leeg.pdf,,DA3381673,leeg.pdf,,DA3629415,leeg.pdf,,DA3967165,leeg.pdf,,DA3839832,leeg.pdf,,DA3400317,leeg.pdf,,DA3054391,leeg.pdf,,DA3171346,leeg.pdf,,DA3810561,leeg.pdf,,DA3246381,leeg.pdf,,DA3728454,leeg.pdf,,DA3703323,leeg.pdf,,DA3613835,leeg.pdf,,DA3053033,leeg.pdf,,DA3809460,leeg.pdf,
DA3858817,leeg.pdf,,DA3745198,leeg.pdf,,DA3680581,leeg.pdf,,DA3698336,leeg.pdf,,DA3957314,leeg.pdf,,DA3887726,leeg.pdf,,DA3196057,leeg.pdf,,DA3190596,leeg.pdf,,DA3965069,leeg.pdf,,DA3297498,leeg.pdf,,DA3085814,leeg.pdf,,DA3538424,leeg.pdf,,DA3311530,leeg.pdf,,DA3261381,leeg.pdf,,DA3515208,leeg.pdf,
DA3532256,leeg.pdf,,DA3542006,leeg.pdf,,DA3109390,leeg.pdf,,DA3623197,leeg.pdf,,DA3174090,leeg.pdf,,DA3234363,leeg.pdf,,DA3145008,leeg.pdf,,DA3342795,leeg.pdf,,DA3154704,leeg.pdf,,DA3177926,leeg.pdf,,DA3609612,leeg.pdf,,DA3159867,leeg.pdf,,DA3374857,leeg.pdf,,DA3840087,leeg.pdf,,DA3608196,leeg.pdf,
DA3092897,leeg.pdf,,DA3131035,leeg.pdf,,DA3951167,leeg.pdf,,DA3337107,leeg.pdf,,DA3697179,leeg.pdf,,DA3865201,leeg.pdf,,DA3402525,leeg.pdf,,DA3037101,leeg.pdf,,DA3042608,leeg.pdf,,DA3214840,leeg.pdf,,DA3961572,leeg.pdf,,DA3652307,leeg.pdf,,DA3096896,leeg.pdf,,DA3815636,leeg.pdf,,DA3865384,leeg.pdf,
DA3599657,leeg.pdf,,DA3653729,leeg.pdf,,DA3613284,leeg.pdf,,DA3557198,leeg.pdf,,DA3147757,leeg.pdf,,DA3804257,leeg.pdf,,DA3109375,leeg.pdf,,DA3781263,leeg.pdf,,DA3846460,leeg.pdf,,DA3450324,leeg.pdf,,DA3484566,leeg.pdf,,DA3922429,leeg.pdf,,DA3054712,leeg.pdf,,DA3693054,leeg.pdf,,DA3748935,leeg.pdf,
DA3233501,leeg.pdf,,DA3330633,leeg.pdf,,DA3749840,leeg.pdf,,DA3378196,leeg.pdf,,DA3665076,leeg.pdf,,DA3459606,leeg.pdf,,DA3567970,leeg.pdf,,DA3406237,leeg.pdf,,DA3712664,leeg.pdf,,DA3074748,leeg.pdf,,DA3928072,leeg.pdf,,DA3074538,leeg.pdf,,DA3932004,leeg.pdf,,DA3412020,leeg.pdf,,DA3089320,leeg.pdf,
DA3752956,leeg.pdf,,DA3925110,leeg.pdf,,DA3044313,leeg.pdf,,DA3794084,leeg.pdf,,DA3498950,leeg.pdf,,DA3071951,leeg.pdf,,DA3134623,leeg.pdf,,DA3716075,leeg.pdf,,DA3317080,leeg.pdf,,DA3931661,leeg.pdf,,DA3692839,leeg.pdf,,DA3372088,leeg.pdf,,DA3606542,leeg.pdf,,DA3541568,leeg.pdf,,DA3419319,leeg.pdf,
DA3046288,leeg.pdf,,DA3119569,leeg.pdf,,DA3899211,leeg.pdf,,DA3089489,leeg.pdf,,DA3420620,leeg.pdf,,DA3188050,leeg.pdf,,DA3220858,leeg.pdf,,DA3268078,leeg.pdf,,DA3701717,leeg.pdf,,DA3878483,leeg.pdf,,DA3137094,leeg.pdf,,DA3844695,leeg.pdf,,DA3466543,leeg.pdf,,DA3635568,leeg.pdf,,DA3827624,leeg.pdf,
DA3729051,leeg.pdf,,DA3990247,leeg.pdf,,DA3202152,leeg.pdf,,DA3865882,leeg.pdf,,DA3973109,leeg.pdf,,DA3482227,leeg.pdf,,DA3694885,leeg.pdf,,DA3317404,leeg.pdf,,DA3349262,leeg.pdf,,DA3940352,leeg.pdf,,DA3079861,leeg.pdf,,DA3426248,leeg.pdf,,DA3279388,leeg.pdf,,DA3412622,leeg.pdf,,DA3182440,leeg.pdf,
DA3971006,leeg.pdf,,DA3762978,leeg.pdf,,DA3516892,leeg.pdf,,DA3451476,leeg.pdf,,DA3474729,leeg.pdf,,DA3213342,leeg.pdf,,DA3740299,leeg.pdf,,DA3850522,leeg.pdf,,DA3771241,leeg.pdf,,DA3548629,leeg.pdf,,DA3944290,leeg.pdf,,DA3366039,leeg.pdf,,DA3916083,leeg.pdf,,DA3351792,leeg.pdf,,DA3573414,leeg.pdf,
DA3235533,leeg.pdf,,DA3567320,leeg.pdf,,DA3146155,leeg.pdf,,DA3567860,leeg.pdf,,DA3333469,leeg.pdf,,DA3065775,leeg.pdf,,DA3429298,leeg.pdf,,DA3487659,leeg.pdf,,DA3099276,leeg.pdf,,DA3787900,leeg.pdf,,DA3070988,leeg.pdf,,DA3388615,leeg.pdf,,DA3415608,leeg.pdf,,DA3080766,leeg.pdf,,DA3093209,leeg.pdf,
DA3356168,leeg.pdf,,DA3532942,leeg.pdf,,DA3441528,leeg.pdf,,DA3162942,leeg.pdf,,DA3297732,leeg.pdf,,DA3320242,leeg.pdf,,DA3277066,leeg.pdf,,DA3422553,leeg.pdf,,DA3907228,leeg.pdf,,DA3616361,leeg.pdf,,DA3942836,leeg.pdf,,DA3286313,leeg.pdf,,DA3365414,leeg.pdf,,DA3461970,leeg.pdf,,DA3230150,leeg.pdf,
DA3805748,leeg.pdf,,DA3055371,leeg.pdf,,DA3631692,leeg.pdf,,DA3453415,leeg.pdf,,DA3634242,leeg.pdf,,DA3135944,leeg.pdf,,DA3349498,leeg.pdf,,DA3131014,leeg.pdf,,DA3475867,leeg.pdf,,DA3735284,leeg.pdf,,DA3500607,leeg.pdf,,DA3251561,leeg.pdf,,DA3214185,leeg.pdf,,DA3849169,leeg.pdf,,DA3851116,leeg.pdf,
DA3730161,leeg.pdf,,DA3034784,leeg.pdf,,DA3836902,leeg.pdf,,DA3067544,leeg.pdf,,DA3382666,leeg.pdf,,DA3408536,leeg.pdf,,DA3402681,leeg.pdf,,DA3667415,leeg.pdf,,DA3525949,leeg.pdf,,DA3153638,leeg.pdf,,DA3164971,leeg.pdf,,DA3046296,leeg.pdf,,DA3089798,leeg.pdf,,DA3747926,leeg.pdf,,DA3984360,leeg.pdf,
DA3155325,leeg.pdf,,DA3638134,leeg.pdf,,DA3147639,leeg.pdf,,DA3514545,leeg.pdf,,DA3257447,leeg.pdf,,DA3688074,leeg.pdf,,DA3476308,leeg.pdf,,DA3274384,leeg.pdf,,DA3427072,leeg.pdf,,DA3368136,leeg.pdf,,DA3235258,leeg.pdf,,DA3548371,leeg.pdf,,DA3461190,leeg.pdf,,DA3568197,leeg.pdf,,DA3129777,leeg.pdf,
DA3857946,leeg.pdf,,DA3636932,leeg.pdf,,DA3354315,leeg.pdf,,DA3560457,leeg.pdf,,DA3459247,leeg.pdf,,DA3849040,leeg.pdf,,DA3619934,leeg.pdf,,DA3366184,leeg.pdf,,DA3436624,leeg.pdf,,DA3383284,leeg.pdf,,DA3685549,leeg.pdf,,DA3764198,leeg.pdf,,DA3228288,leeg.pdf,,DA3495591,leeg.pdf,,DA3380013,leeg.pdf,
DA3939984,leeg.pdf,,DA3324470,leeg.pdf,,DA3864483,leeg.pdf,,DA3740956,leeg.pdf,,DA3234554,leeg.pdf,,DA3771897,leeg.pdf,,DA3581404,leeg.pdf,,DA3221656,leeg.pdf,,DA3320615,leeg.pdf,,DA3553909,leeg.pdf,,DA3331848,leeg.pdf,,DA3597497,leeg.pdf,,DA3299693,leeg.pdf,,DA3082024,leeg.pdf,,DA3627494,leeg.pdf,
DA3468986,leeg.pdf,,DA3125679,leeg.pdf,,DA3167300,leeg.pdf,,DA3594908,leeg.pdf,,DA3697128,leeg.pdf,,DA3794234,leeg.pdf,,DA3829693,leeg.pdf,,DA3958296,leeg.pdf,,DA3639886,leeg.pdf,,DA3249011,leeg.pdf,,DA3625686,leeg.pdf,,DA3208843,leeg.pdf,,DA3542499,leeg.pdf,,DA3654011,leeg.pdf,,DA3340854,leeg.pdf,
DA3752617,leeg.pdf,,DA3816972,leeg.pdf,,DA3447858,leeg.pdf,,DA3208428,leeg.pdf,,DA3484030,leeg.pdf,,DA3935689,leeg.pdf,,DA3089478,leeg.pdf,,DA3590698,leeg.pdf,,DA3115932,leeg.pdf,,DA3655119,leeg.pdf,,DA3755466,leeg.pdf,,DA3587728,leeg.pdf,,DA3377748,leeg.pdf,,DA3140506,leeg.pdf,,DA3285284,leeg.pdf,
DA3698703,leeg.pdf,,DA3429672,leeg.pdf,,DA3229339,leeg.pdf,,DA3373400,leeg.pdf,,DA3964242,leeg.pdf,,DA3145531,leeg.pdf,,DA3329937,leeg.pdf,,DA3106070,leeg.pdf,,DA3763025,leeg.pdf,,DA3963444,leeg.pdf,,DA3295074,leeg.pdf,,DA3957030,leeg.pdf,,DA3446479,leeg.pdf,,DA3289088,leeg.pdf,,DA3228458,leeg.pdf,
DA3410472,leeg.pdf,,DA3190054,leeg.pdf,,DA3660834,leeg.pdf,,DA3353159,leeg.pdf,,DA3126058,leeg.pdf,,DA3531987,leeg.pdf,,DA3980373,leeg.pdf,,DA3302842,leeg.pdf,,DA3531344,leeg.pdf,,DA3081626,leeg.pdf,,DA3583965,leeg.pdf,,DA3627703,leeg.pdf,,DA3844374,leeg.pdf,,DA3986369,leeg.pdf,,DA3262412,leeg.pdf,
DA3825174,leeg.pdf,,DA3398530,leeg.pdf,,DA3032657,leeg.pdf,,DA3455511,leeg.pdf,,DA3737044,leeg.pdf,,DA3786614,leeg.pdf,,DA3183058,leeg.pdf,,DA3516319,leeg.pdf,,DA3826171,leeg.pdf,,DA3376612,leeg.pdf,,DA3817516,leeg.pdf,,DA3558149,leeg.pdf,,DA3906723,leeg.pdf,,DA3629792,leeg.pdf,,DA3043719,leeg.pdf,
DA3548206,leeg.pdf,,DA3891088,leeg.pdf,,DA3396087,leeg.pdf,,DA3799579,leeg.pdf,,DA3580776,leeg.pdf,,DA3278775,leeg.pdf,,DA3959645,leeg.pdf,,DA3106585,leeg.pdf,,DA3141674,leeg.pdf,,DA3996067,leeg.pdf,,DA3288804,leeg.pdf,,DA3077903,leeg.pdf,,DA3657423,leeg.pdf,,DA3351006,leeg.pdf,,DA3160309,leeg.pdf,
DA3359764,leeg.pdf,,DA3682018,leeg.pdf,,DA3907216,leeg.pdf,,DA3993375,leeg.pdf,,DA3388885,leeg.pdf,,DA3928200,leeg.pdf,,DA3045085,leeg.pdf,,DA3092341,leeg.pdf,,DA3507366,leeg.pdf,,DA3091957,leeg.pdf,,DA3056419,leeg.pdf,,DA3750724,leeg.pdf,,DA3495721,leeg.pdf,,DA3244517,leeg.pdf,,DA3630806,leeg.pdf,
DA3946109,leeg.pdf,,DA3973611,leeg.pdf,,DA3757897,leeg.pdf,,DA3170731,leeg.pdf,,DA3265440,leeg.pdf,,DA3307023,leeg.pdf,,DA3326865,leeg.pdf,,DA3323881,leeg.pdf,,DA3328452,leeg.pdf,,DA3760725,leeg.pdf,,DA3681354,leeg.pdf,,DA3800783,leeg.pdf,,DA3735039,leeg.pdf,,DA3388113,leeg.pdf,,DA3812290,leeg.pdf,
DA3587169,leeg.pdf,,DA3092835,leeg.pdf,,DA3049437,leeg.pdf,,DA3078432,leeg.pdf,,DA3167414,leeg.pdf,,DA3758069,leeg.pdf,,DA3282330,leeg.pdf,,DA3377519,leeg.pdf,,DA3853026,leeg.pdf,,DA3106409,leeg.pdf,,DA3090387,leeg.pdf,,DA3348916,leeg.pdf,,DA3197931,leeg.pdf,,DA3771646,leeg.pdf,,DA3241735,leeg.pdf,
DA3216843,leeg.pdf,,DA3322851,leeg.pdf,,DA3289828,leeg.pdf,,DA3868332,leeg.pdf,,DA3334187,leeg.pdf,,DA3046909,leeg.pdf,,DA3486315,leeg.pdf,,DA3895091,leeg.pdf,,DA3417356,leeg.pdf,,DA3420190,leeg.pdf,,DA3209990,leeg.pdf,,DA3370374,leeg.pdf,,DA3384115,leeg.pdf,,DA3703740,leeg.pdf,,DA3605029,leeg.pdf,
DA3743706,leeg.pdf,,DA3794038,leeg.pdf,,DA3807207,leeg.pdf,,DA3329875,leeg.pdf,,DA3606741,leeg.pdf,,DA3602455,leeg.pdf,,DA3568317,leeg.pdf,,DA3048461,leeg.pdf,,DA3405590,leeg.pdf,,DA3273928,leeg.pdf,,DA3903158,leeg.pdf,,DA3885639,leeg.pdf,,DA3305405,leeg.pdf,,DA3418331,leeg.pdf,,DA3309039,leeg.pdf,
DA3324537,leeg.pdf,,DA3116188,leeg.pdf,,DA3882520,leeg.pdf,,DA3253556,leeg.pdf,,DA3096317,leeg.pdf,,DA3066873,leeg.pdf,,DA3911559,leeg.pdf,,DA3880769,leeg.pdf,,DA3860068,leeg.pdf,,DA3103694,leeg.pdf,,DA3089726,leeg.pdf,,DA3407728,leeg.pdf,,DA3915558,leeg.pdf,,DA3591782,leeg.pdf,,DA3095173,leeg.pdf,
DA3200230,leeg.pdf,,DA3347286,leeg.pdf,,DA3579747,leeg.pdf,,DA3776238,leeg.pdf,,DA3292077,leeg.pdf,,DA3153986,leeg.pdf,,DA3295395,leeg.pdf,,DA3728758,leeg.pdf,,DA3161805,leeg.pdf,,DA3867870,leeg.pdf,,DA3180878,leeg.pdf,,DA3106559,leeg.pdf,,DA3377722,leeg.pdf,,DA3457183,leeg.pdf,,DA3192374,leeg.pdf,
DA3265865,leeg.pdf,,DA3140370,leeg.pdf,,DA3549570,leeg.pdf,,DA3733754,leeg.pdf,,DA3444371,leeg.pdf,,DA3920794,leeg.pdf,,DA3712934,leeg.pdf,,DA3091554,leeg.pdf,,DA3139274,leeg.pdf,,DA3110026,leeg.pdf,,DA3396098,leeg.pdf,,DA3058099,leeg.pdf,,DA3163467,leeg.pdf,,DA3980710,leeg.pdf,,DA3684411,leeg.pdf,
DA3350886,leeg.pdf,,DA3035748,leeg.pdf,,DA3431406,leeg.pdf,,DA3113470,leeg.pdf,,DA3665649,leeg.pdf,,DA3307096,leeg.pdf,,DA3299325,leeg.pdf,,DA3295625,leeg.pdf,,DA3245539,leeg.pdf,,DA3253333,leeg.pdf,,DA3127345,leeg.pdf,,DA3574409,leeg.pdf,,DA3634918,leeg.pdf,,DA3690504,leeg.pdf,,DA3560661,leeg.pdf,
DA3123710,leeg.pdf,,DA3202392,leeg.pdf,,DA3096503,leeg.pdf,,DA3319455,leeg.pdf,,DA3327413,leeg.pdf,,DA3239277,leeg.pdf,,DA3192495,leeg.pdf,,DA3959837,leeg.pdf,,DA3743711,leeg.pdf,,DA3870569,leeg.pdf,,DA3987881,leeg.pdf,,DA3107772,leeg.pdf,,DA3683158,leeg.pdf,,DA3363479,leeg.pdf,,DA3094232,leeg.pdf,
DA3726321,leeg.pdf,,DA3142646,leeg.pdf,,DA3132460,leeg.pdf,,DA3183428,leeg.pdf,,DA3256584,leeg.pdf,,DA3353418,leeg.pdf,,DA3112658,leeg.pdf,,DA3651515,leeg.pdf,,DA3289476,leeg.pdf,,DA3113888,leeg.pdf,,DA3825887,leeg.pdf,,DA3577334,leeg.pdf,,DA3641405,leeg.pdf,,DA3498139,leeg.pdf,,DA3594964,leeg.pdf,
DA3218497,leeg.pdf,,DA3739510,leeg.pdf,,DA3358762,leeg.pdf,,DA3673838,leeg.pdf,,DA3632855,leeg.pdf,,DA3733704,leeg.pdf,,DA3304875,leeg.pdf,,DA3205857,leeg.pdf,,DA3383127,leeg.pdf,,DA3981568,leeg.pdf,,DA3519079,leeg.pdf,,DA3730784,leeg.pdf,,DA3701312,leeg.pdf,,DA3157050,leeg.pdf,,DA3251091,leeg.pdf,
DA3202540,leeg.pdf,,DA3032761,leeg.pdf,,DA3283098,leeg.pdf,,DA3532174,leeg.pdf,,DA3187241,leeg.pdf,,DA3077537,leeg.pdf,,DA3192580,leeg.pdf,,DA3871771,leeg.pdf,,DA3280926,leeg.pdf,,DA3900407,leeg.pdf,,DA3877374,leeg.pdf,,DA3511360,leeg.pdf,,DA3243183,leeg.pdf,,DA3398783,leeg.pdf,,DA3297251,leeg.pdf,
DA3190207,leeg.pdf,,DA3249729,leeg.pdf,,DA3287881,leeg.pdf,,DA3389207,leeg.pdf,,DA3615483,leeg.pdf,,DA3388641,leeg.pdf,,DA3449811,leeg.pdf,,DA3783058,leeg.pdf,,DA3391565,leeg.pdf,,DA3058631,leeg.pdf,,DA3569681,leeg.pdf,,DA3550535,leeg.pdf,,DA3446772,leeg.pdf,,DA3287893,leeg.pdf,,DA3469876,leeg.pdf,
DA3390382,leeg.pdf,,DA3723953,leeg.pdf,,DA3338990,leeg.pdf,,DA3561026,leeg.pdf,,DA3172526,leeg.pdf,,DA3097168,leeg.pdf,,DA3601784,leeg.pdf,,DA3172665,leeg.pdf,,DA3499125,leeg.pdf,,DA3678474,leeg.pdf,,DA3345005,leeg.pdf,,DA3243624,leeg.pdf,,DA3751646,leeg.pdf,,DA3710049,leeg.pdf,,DA3320799,leeg.pdf,
DA3208668,leeg.pdf,,DA3438362,leeg.pdf,,DA3835327,leeg.pdf,,DA3923834,leeg.pdf,,DA3109436,leeg.pdf,,DA3583232,leeg.pdf,,DA3097118,leeg.pdf,,DA3212330,leeg.pdf,,DA3807802,leeg.pdf,,DA3253850,leeg.pdf,,DA3371688,leeg.pdf,,DA3391189,leeg.pdf,,DA3505543,leeg.pdf,,DA3841933,leeg.pdf,,DA3224279,leeg.pdf,
DA3185840,leeg.pdf,,DA3042614,leeg.pdf,,DA3262349,leeg.pdf,,DA3071897,leeg.pdf,,DA3411368,leeg.pdf,,DA3252332,leeg.pdf,,DA3989130,leeg.pdf,,DA3721661,leeg.pdf,,DA3195140,leeg.pdf,,DA3197023,leeg.pdf,,DA3711743,leeg.pdf,,DA3294327,leeg.pdf,,DA3202791,leeg.pdf,,DA3859095,leeg.pdf,,DA3393369,leeg.pdf,
DA3143210,leeg.pdf,,DA3081602,leeg.pdf,,DA3597032,leeg.pdf,,DA3273165,leeg.pdf,,DA3835591,leeg.pdf,,DA3185055,leeg.pdf,,DA3253920,leeg.pdf,,DA3346130,leeg.pdf,,DA3543419,leeg.pdf,,DA3736598,leeg.pdf,,DA3270186,leeg.pdf,,DA3322640,leeg.pdf,,DA3169591,leeg.pdf,,DA3599297,leeg.pdf,,DA3319918,leeg.pdf,
DA3098496,leeg.pdf,,DA3274179,leeg.pdf,,DA3763990,leeg.pdf,,DA3950679,leeg.pdf,,DA3486943,leeg.pdf,,DA3329809,leeg.pdf,,DA3873340,leeg.pdf,,DA3862522,leeg.pdf,,DA3713260,leeg.pdf,,DA3331693,leeg.pdf,,DA3915506,leeg.pdf,,DA3400286,leeg.pdf,,DA3877346,leeg.pdf,,DA3055979,leeg.pdf,,DA3033899,leeg.pdf,
DA3260379,leeg.pdf,,DA3088730,leeg.pdf,,DA3046525,leeg.pdf,,DA3296105,leeg.pdf,,DA3713186,leeg.pdf,,DA3735087,leeg.pdf,,DA3560126,leeg.pdf,,DA3598338,leeg.pdf,,DA3116145,leeg.pdf,,DA3659233,leeg.pdf,,DA3334546,leeg.pdf,,DA3271322,leeg.pdf,,DA3708221,leeg.pdf,,DA3641152,leeg.pdf,,DA3388302,leeg.pdf,
DA3595477,leeg.pdf,,DA3868566,leeg.pdf,,DA3274718,leeg.pdf,,DA3545699,leeg.pdf,,DA3404246,leeg.pdf,,DA3765692,leeg.pdf,,DA3186064,leeg.pdf,,DA3330231,leeg.pdf,,DA3874496,leeg.pdf,,DA3720488,leeg.pdf,,DA3092151,leeg.pdf,,DA3248725,leeg.pdf,,DA3290778,leeg.pdf,,DA3074537,leeg.pdf,,DA3632128,leeg.pdf,
DA3596070,leeg.pdf,,DA3336018,leeg.pdf,,DA3277475,leeg.pdf,,DA3373507,leeg.pdf,,DA3882943,leeg.pdf,,DA3734362,leeg.pdf,,DA3030025,leeg.pdf,,DA3448059,leeg.pdf,,DA3270239,leeg.pdf,,DA3840297,leeg.pdf,,DA3479362,leeg.pdf,,DA3067517,leeg.pdf,,DA3212058,leeg.pdf,,DA3651500,leeg.pdf,,DA3364159,leeg.pdf,
DA3541689,leeg.pdf,,DA3518605,leeg.pdf,,DA3287120,leeg.pdf,,DA3931643,leeg.pdf,,DA3307272,leeg.pdf,,DA3216971,leeg.pdf,,DA3111089,leeg.pdf,,DA3241365,leeg.pdf,,DA3646329,leeg.pdf,,DA3656252,leeg.pdf,,DA3363422,leeg.pdf,,DA3839823,leeg.pdf,,DA3842174,leeg.pdf,,DA3741231,leeg.pdf,,DA3910361,leeg.pdf,
DA3333130,leeg.pdf,,DA3571688,leeg.pdf,,DA3311254,leeg.pdf,,DA3269442,leeg.pdf,,DA3452951,leeg.pdf,,DA3895389,leeg.pdf,,DA3932876,leeg.pdf,,DA3108825,leeg.pdf,,DA3137625,leeg.pdf,,DA3878496,leeg.pdf,,DA3771569,leeg.pdf,,DA3644168,leeg.pdf,,DA3727792,leeg.pdf,,DA3907377,leeg.pdf,,DA3090609,leeg.pdf,
DA3274750,leeg.pdf,,DA3332970,leeg.pdf,,DA3767449,leeg.pdf,,DA3432493,leeg.pdf,,DA3166226,leeg.pdf,,DA3851573,leeg.pdf,,DA3801548,leeg.pdf,,DA3273526,leeg.pdf,,DA3361599,leeg.pdf,,DA3038687,leeg.pdf,,DA3304898,leeg.pdf,,DA3549596,leeg.pdf,,DA3526349,leeg.pdf,,DA3400909,leeg.pdf,,DA3495142,leeg.pdf,
DA3763770,leeg.pdf,,DA3886450,leeg.pdf,,DA3633140,leeg.pdf,,DA3079847,leeg.pdf,,DA3619342,leeg.pdf,,DA3537063,leeg.pdf,,DA3934159,leeg.pdf,,DA3528641,leeg.pdf,,DA3403256,leeg.pdf,,DA3456205,leeg.pdf,,DA3060760,leeg.pdf,,DA3168181,leeg.pdf,,DA3146930,leeg.pdf,,DA3351374,leeg.pdf,,DA3784527,leeg.pdf,
DA3373458,leeg.pdf,,DA3303511,leeg.pdf,,DA3845920,leeg.pdf,,DA3125077,leeg.pdf,,DA3641831,leeg.pdf,,DA3265837,leeg.pdf,,DA3649275,leeg.pdf,,DA3093897,leeg.pdf,,DA3231996,leeg.pdf,,DA3924065,leeg.pdf,,DA3054750,leeg.pdf,,DA3835897,leeg.pdf,,DA3848903,leeg.pdf,,DA3725492,leeg.pdf,,DA3648250,leeg.pdf,
DA3578513,leeg.pdf,,DA3263414,leeg.pdf,,DA3355092,leeg.pdf,,DA3502797,leeg.pdf,,DA3500846,leeg.pdf,,DA3255214,leeg.pdf,,DA3689578,leeg.pdf,,DA3387265,leeg.pdf,,DA3388561,leeg.pdf,,DA3699849,leeg.pdf,,DA3455928,leeg.pdf,,DA3855078,leeg.pdf,,DA3601906,leeg.pdf,,DA3088501,leeg.pdf,,DA3196119,leeg.pdf,
DA3247414,leeg.pdf,,DA3502943,leeg.pdf,,DA3107848,leeg.pdf,,DA3127934,leeg.pdf,,DA3268095,leeg.pdf,,DA3133277,leeg.pdf,,DA3149263,leeg.pdf,,DA3292809,leeg.pdf,,DA3567034,leeg.pdf,,DA3417439,leeg.pdf,,DA3816428,leeg.pdf,,DA3530237,leeg.pdf,,DA3756593,leeg.pdf,,DA3050799,leeg.pdf,,DA3172258,leeg.pdf,
DA3504033,leeg.pdf,,DA3350175,leeg.pdf,,DA3252262,leeg.pdf,,DA3634282,leeg.pdf,,DA3213531,leeg.pdf,,DA3423449,leeg.pdf,,DA3370156,leeg.pdf,,DA3343972,leeg.pdf,,DA3173372,leeg.pdf,,DA3167220,leeg.pdf,,DA3837372,leeg.pdf,,DA3050020,leeg.pdf,,DA3201337,leeg.pdf,,DA3702569,leeg.pdf,,DA3966505,leeg.pdf,
DA3955594,leeg.pdf,,DA3787973,leeg.pdf,,DA3816677,leeg.pdf,,DA3236262,leeg.pdf,,DA3998919,leeg.pdf,,DA3348190,leeg.pdf,,DA3222532,leeg.pdf,,DA3206900,leeg.pdf,,DA3632912,leeg.pdf,,DA3765782,leeg.pdf,,DA3873537,leeg.pdf,,DA3319511,leeg.pdf,,DA3132176,leeg.pdf,,DA3161568,leeg.pdf,,DA3351450,leeg.pdf,
DA3416084,leeg.pdf,,DA3518487,leeg.pdf,,DA3122164,leeg.pdf,,DA3305619,leeg.pdf,,DA3143489,leeg.pdf,,DA3090951,leeg.pdf,,DA3474071,leeg.pdf,,DA3594405,leeg.pdf,,DA3709936,leeg.pdf,,DA3661514,leeg.pdf,,DA3679935,leeg.pdf,,DA3224773,leeg.pdf,,DA3730079,leeg.pdf,,DA3293368,leeg.pdf,,DA3080507,leeg.pdf,
DA3992631,leeg.pdf,,DA3383014,leeg.pdf,,DA3178932,leeg.pdf,,DA3085191,leeg.pdf,,DA3136580,leeg.pdf,,DA3809855,leeg.pdf,,DA3872810,leeg.pdf,,DA3510383,leeg.pdf,,DA3199021,leeg.pdf,,DA3315547,leeg.pdf,,DA3920510,leeg.pdf,,DA3979841,leeg.pdf,,DA3479490,leeg.pdf,,DA3780333,leeg.pdf,,DA3515418,leeg.pdf,
DA3705909,leeg.pdf,,DA3783530,leeg.pdf,,DA3762101,leeg.pdf,,DA3650064,leeg.pdf,,DA3397716,leeg.pdf,,DA3630042,leeg.pdf,,DA3069199,leeg.pdf,,DA3143466,leeg.pdf,,DA3812069,leeg.pdf,,DA3205594,leeg.pdf,,DA3182101,leeg.pdf,,DA3613703,leeg.pdf,,DA3904172,leeg.pdf,,DA3979116,leeg.pdf,,DA3092764,leeg.pdf,
DA3266508,leeg.pdf,,DA3605698,leeg.pdf,,DA3175531,leeg.pdf,,DA3114711,leeg.pdf,,DA3338886,leeg.pdf,,DA3111549,leeg.pdf,,DA3306262,leeg.pdf,,DA3529920,leeg.pdf,,DA3128505,leeg.pdf,,DA3407361,leeg.pdf,,DA3728527,leeg.pdf,,DA3803483,leeg.pdf,,DA3450254,leeg.pdf,,DA3998502,leeg.pdf,,DA3324382,leeg.pdf,
DA3689475,leeg.pdf,,DA3214916,leeg.pdf,,DA3266967,leeg.pdf,,DA3213163,leeg.pdf,,DA3393034,leeg.pdf,,DA3293164,leeg.pdf,,DA3842162,leeg.pdf,,DA3282522,leeg.pdf,,DA3736758,leeg.pdf,,DA3799027,leeg.pdf,,DA3685602,leeg.pdf,,DA3596521,leeg.pdf,,DA3191869,leeg.pdf,,DA3320914,leeg.pdf,,DA3726029,leeg.pdf,
DA3617551,leeg.pdf,,DA3832646,leeg.pdf,,DA3989177,leeg.pdf,,DA3662449,leeg.pdf,,DA3080272,leeg.pdf,,DA3356112,leeg.pdf,,DA3638773,leeg.pdf,,DA3315403,leeg.pdf,,DA3327961,leeg.pdf,,DA3769566,leeg.pdf,,DA3469565,leeg.pdf,,DA3205937,leeg.pdf,,DA3298260,leeg.pdf,,DA3189987,leeg.pdf,,DA3272072,leeg.pdf,
DA3348610,leeg.pdf,,DA3996342,leeg.pdf,,DA3181819,leeg.pdf,,DA3873348,leeg.pdf,,DA3834568,leeg.pdf,,DA3718365,leeg.pdf,,DA3749959,leeg.pdf,,DA3359863,leeg.pdf,,DA3768775,leeg.pdf,,DA3096700,leeg.pdf,,DA3352101,leeg.pdf,,DA3298530,leeg.pdf,,DA3658670,leeg.pdf,,DA3339868,leeg.pdf,,DA3748483,leeg.pdf,
DA3073365,leeg.pdf,,DA3598915,leeg.pdf,,DA3472750,leeg.pdf,,DA3045428,leeg.pdf,,DA3339761,leeg.pdf,,DA3185153,leeg.pdf,,DA3813405,leeg.pdf,,DA3855044,leeg.pdf,,DA3078450,leeg.pdf,,DA3350330,leeg.pdf,,DA3069118,leeg.pdf,,DA3944765,leeg.pdf,,DA3641823,leeg.pdf,,DA3136757,leeg.pdf,,DA3310368,leeg.pdf,
DA3130763,leeg.pdf,,DA3848340,leeg.pdf,,DA3207244,leeg.pdf,,DA3830298,leeg.pdf,,DA3067708,leeg.pdf,,DA3556699,leeg.pdf,,DA3085278,leeg.pdf,,DA3235707,leeg.pdf,,DA3809974,leeg.pdf,,DA3568852,leeg.pdf,,DA3523418,leeg.pdf,,DA3132898,leeg.pdf,,DA3115388,leeg.pdf,,DA3404303,leeg.pdf,,DA3146496,leeg.pdf,
DA3932655,leeg.pdf,,DA3347409,leeg.pdf,,DA3281860,leeg.pdf,,DA3915928,leeg.pdf,,DA3944276,leeg.pdf,,DA3931348,leeg.pdf,,DA3815370,leeg.pdf,,DA3255167,leeg.pdf,,DA3465958,leeg.pdf,,DA3570201,leeg.pdf,,DA3733120,leeg.pdf,,DA3644876,leeg.pdf,,DA3811128,leeg.pdf,,DA3215246,leeg.pdf,,DA3085368,leeg.pdf,
DA3134340,leeg.pdf,,DA3111384,leeg.pdf,,DA3650472,leeg.pdf,,DA3459275,leeg.pdf,,DA3978315,leeg.pdf,,DA3312113,leeg.pdf,,DA3925851,leeg.pdf,,DA3273467,leeg.pdf,,DA3759387,leeg.pdf,,DA3058476,leeg.pdf,,DA3444588,leeg.pdf,,DA3957069,leeg.pdf,,DA3189852,leeg.pdf,,DA3464247,leeg.pdf,,DA3830371,leeg.pdf,
DA3245867,leeg.pdf,,DA3431059,leeg.pdf,,DA3492395,leeg.pdf,,DA3745555,leeg.pdf,,DA3286610,leeg.pdf,,DA3112592,leeg.pdf,,DA3546744,leeg.pdf,,DA3315850,leeg.pdf,,DA3140680,leeg.pdf,,DA3976221,leeg.pdf,,DA3103888,leeg.pdf,,DA3864037,leeg.pdf,,DA3379946,leeg.pdf,,DA3534902,leeg.pdf,,DA3076753,leeg.pdf,
DA3153885,leeg.pdf,,DA3872123,leeg.pdf,,DA3225409,leeg.pdf,,DA3875137,leeg.pdf,,DA3282205,leeg.pdf,,DA3930523,leeg.pdf,,DA3639574,leeg.pdf,,DA3083084,leeg.pdf,,DA3930834,leeg.pdf,,DA3231093,leeg.pdf,,DA3853411,leeg.pdf,,DA3955454,leeg.pdf,,DA3187658,leeg.pdf,,DA3408770,leeg.pdf,,DA3508350,leeg.pdf,
DA3637522,leeg.pdf,,DA3268764,leeg.pdf,,DA3569864,leeg.pdf,,DA3104635,leeg.pdf,,DA3062477,leeg.pdf,,DA3397148,leeg.pdf,,DA3126198,leeg.pdf,,DA3163870,leeg.pdf,,DA3210833,leeg.pdf,,DA3152845,leeg.pdf,,DA3885599,leeg.pdf,,DA3540535,leeg.pdf,,DA3573107,leeg.pdf,,DA3098457,leeg.pdf,,DA3305113,leeg.pdf,
DA3112353,leeg.pdf,,DA3269228,leeg.pdf,,DA3457512,leeg.pdf,,DA3299770,leeg.pdf,,DA3352748,leeg.pdf,,DA3242386,leeg.pdf,,DA3656808,leeg.pdf,,DA3273658,leeg.pdf,,DA3284138,leeg.pdf,,DA3345549,leeg.pdf,,DA3147298,leeg.pdf,,DA3641353,leeg.pdf,,DA3456800,leeg.pdf,,DA3194557,leeg.pdf,,DA3703707,leeg.pdf,
DA3073347,leeg.pdf,,DA3610077,leeg.pdf,,DA3754203,leeg.pdf,,DA3857969,leeg.pdf,,DA3204914,leeg.pdf,,DA3377543,leeg.pdf,,DA3683577,leeg.pdf,,DA3778409,leeg.pdf,,DA3467164,leeg.pdf,,DA3170423,leeg.pdf,,DA3709509,leeg.pdf,,DA3223561,leeg.pdf,,DA3921750,leeg.pdf,,DA3729295,leeg.pdf,,DA3818343,leeg.pdf,
DA3041837,leeg.pdf,,DA3905124,leeg.pdf,,DA3366708,leeg.pdf,,DA3912085,leeg.pdf,,DA3356538,leeg.pdf,,DA3659458,leeg.pdf,,DA3932540,leeg.pdf,,DA3454629,leeg.pdf,,DA3142408,leeg.pdf,,DA3997168,leeg.pdf,,DA3287655,leeg.pdf,,DA3296753,leeg.pdf,,DA3852362,leeg.pdf,,DA3633103,leeg.pdf,,DA3373564,leeg.pdf,
DA3569206,leeg.pdf,,DA3884725,leeg.pdf,,DA3060980,leeg.pdf,,DA3405908,leeg.pdf,,DA3183745,leeg.pdf,,DA3121453,leeg.pdf,,DA3123585,leeg.pdf,,DA3313375,leeg.pdf,,DA3194581,leeg.pdf,,DA3796817,leeg.pdf,,DA3235052,leeg.pdf,,DA3448524,leeg.pdf,,DA3524730,leeg.pdf,,DA3787177,leeg.pdf,,DA3385829,leeg.pdf,
DA3363171,leeg.pdf,,DA3348348,leeg.pdf,,DA3923137,leeg.pdf,,DA3327327,leeg.pdf,,DA3337236,leeg.pdf,,DA3875426,leeg.pdf,,DA3095298,leeg.pdf,,DA3428075,leeg.pdf,,DA3227135,leeg.pdf,,DA3288519,leeg.pdf,,DA3143840,leeg.pdf,,DA3483777,leeg.pdf,,DA3216960,leeg.pdf,,DA3695724,leeg.pdf,,DA3590929,leeg.pdf,
DA3744464,leeg.pdf,,DA3841123,leeg.pdf,,DA3043623,leeg.pdf,,DA3953154,leeg.pdf,,DA3826430,leeg.pdf,,DA3519892,leeg.pdf,,DA3930770,leeg.pdf,,DA3242820,leeg.pdf,,DA3992293,leeg.pdf,,DA3137818,leeg.pdf,,DA3802812,leeg.pdf,,DA3783133,leeg.pdf,,DA3993027,leeg.pdf,,DA3323322,leeg.pdf,,DA3608053,leeg.pdf,
DA3129484,leeg.pdf,,DA3158769,leeg.pdf,,DA3993519,leeg.pdf,,DA3365616,leeg.pdf,,DA3037225,leeg.pdf,,DA3734830,leeg.pdf,,DA3988052,leeg.pdf,,DA3957768,leeg.pdf,,DA3881410,leeg.pdf,,DA3454358,leeg.pdf,,DA3140217,leeg.pdf,,DA3902738,leeg.pdf,,DA3059448,leeg.pdf,,DA3698091,leeg.pdf,,DA3339197,leeg.pdf,
DA3253620,leeg.pdf,,DA3614766,leeg.pdf,,DA3730221,leeg.pdf,,DA3312131,leeg.pdf,,DA3088816,leeg.pdf,,DA3872629,leeg.pdf,,DA3902615,leeg.pdf,,DA3275687,leeg.pdf,,DA3515453,leeg.pdf,,DA3454891,leeg.pdf,,DA3241866,leeg.pdf,,DA3237326,leeg.pdf,,DA3674843,leeg.pdf,,DA3988579,leeg.pdf,,DA3739399,leeg.pdf,
DA3717585,leeg.pdf,,DA3557015,leeg.pdf,,DA3238572,leeg.pdf,,DA3670231,leeg.pdf,,DA3039137,leeg.pdf,,DA3677075,leeg.pdf,,DA3159469,leeg.pdf,,DA3476753,leeg.pdf,,DA3275761,leeg.pdf,,DA3163011,leeg.pdf,,DA3349323,leeg.pdf,,DA3469667,leeg.pdf,,DA3221305,leeg.pdf,,DA3207049,leeg.pdf,,DA3259548,leeg.pdf,
DA3711998,leeg.pdf,,DA3879217,leeg.pdf,,DA3531765,leeg.pdf,,DA3578264,leeg.pdf,,DA3425114,leeg.pdf,,DA3079711,leeg.pdf,,DA3339324,leeg.pdf,,DA3894141,leeg.pdf,,DA3531999,leeg.pdf,,DA3046885,leeg.pdf,,DA3878535,leeg.pdf,,DA3477835,leeg.pdf,,DA3906399,leeg.pdf,,DA3195991,leeg.pdf,,DA3290334,leeg.pdf,
DA3263321,leeg.pdf,,DA3589100,leeg.pdf,,DA3287462,leeg.pdf,,DA3639753,leeg.pdf,,DA3462973,leeg.pdf,,DA3694961,leeg.pdf,,DA3135121,leeg.pdf,,DA3358622,leeg.pdf,,DA3462483,leeg.pdf,,DA3246428,leeg.pdf,,DA3557320,leeg.pdf,,DA3826825,leeg.pdf,,DA3607994,leeg.pdf,,DA3746289,leeg.pdf,,DA3326084,leeg.pdf,
DA3165140,leeg.pdf,,DA3093645,leeg.pdf,,DA3180641,leeg.pdf,,DA3155052,leeg.pdf,,DA3225734,leeg.pdf,,DA3416176,leeg.pdf,,DA3889871,leeg.pdf,,DA3248674,leeg.pdf,,DA3473532,leeg.pdf,,DA3741602,leeg.pdf,,DA3091041,leeg.pdf,,DA3064132,leeg.pdf,,DA3109157,leeg.pdf,,DA3981905,leeg.pdf,,DA3565723,leeg.pdf,
DA3808632,leeg.pdf,,DA3114019,leeg.pdf,,DA3719331,leeg.pdf,,DA3147894,leeg.pdf,,DA3585061,leeg.pdf,,DA3261177,leeg.pdf,,DA3188004,leeg.pdf,,DA3989507,leeg.pdf,,DA3984367,leeg.pdf,,DA3590459,leeg.pdf,,DA3654334,leeg.pdf,,DA3865618,leeg.pdf,,DA3390449,leeg.pdf,,DA3261123,leeg.pdf,,DA3528293,leeg.pdf,
DA3316965,leeg.pdf,,DA3121595,leeg.pdf,,DA3532488,leeg.pdf,,DA3879534,leeg.pdf,,DA3159665,leeg.pdf,,DA3578487,leeg.pdf,,DA3282946,leeg.pdf,,DA3081489,leeg.pdf,,DA3695643,leeg.pdf,,DA3107090,leeg.pdf,,DA3086358,leeg.pdf,,DA3226748,leeg.pdf,,DA3761763,leeg.pdf,,DA3905080,leeg.pdf,,DA3700381,leeg.pdf,
DA3922533,leeg.pdf,,DA3484676,leeg.pdf,,DA3273739,leeg.pdf,,DA3753417,leeg.pdf,,DA3204939,leeg.pdf,,DA3217787,leeg.pdf,,DA3969515,leeg.pdf,,DA3145967,leeg.pdf,,DA3635762,leeg.pdf,,DA3961203,leeg.pdf,,DA3563808,leeg.pdf,,DA3454620,leeg.pdf,,DA3840890,leeg.pdf,,DA3309922,leeg.pdf,,DA3156320,leeg.pdf,
DA3604949,leeg.pdf,,DA3297348,leeg.pdf,,DA3301921,leeg.pdf,,DA3073452,leeg.pdf,,DA3329048,leeg.pdf,,DA3120145,leeg.pdf,,DA3917057,leeg.pdf,,DA3459004,leeg.pdf,,DA3098454,leeg.pdf,,DA3921943,leeg.pdf,,DA3551965,leeg.pdf,,DA3109544,leeg.pdf,,DA3161460,leeg.pdf,,DA3152682,leeg.pdf,,DA3701254,leeg.pdf,
DA3263651,leeg.pdf,,DA3528380,leeg.pdf,,DA3899872,leeg.pdf,,DA3076132,leeg.pdf,,DA3213206,leeg.pdf,,DA3353722,leeg.pdf,,DA3358266,leeg.pdf,,DA3141907,leeg.pdf,,DA3833612,leeg.pdf,,DA3144773,leeg.pdf,,DA3998639,leeg.pdf,,DA3176141,leeg.pdf,,DA3185394,leeg.pdf,,DA3085555,leeg.pdf,,DA3209566,leeg.pdf,
DA3072790,leeg.pdf,,DA3061707,leeg.pdf,,DA3036445,leeg.pdf,,DA3245233,leeg.pdf,,DA3979578,leeg.pdf,,DA3277520,leeg.pdf,,DA3753972,leeg.pdf,,DA3586555,leeg.pdf,,DA3489903,leeg.pdf,,DA3876715,leeg.pdf,,DA3253684,leeg.pdf,,DA3349399,leeg.pdf,,DA3124795,leeg.pdf,,DA3295063,leeg.pdf,,DA3070499,leeg.pdf,
DA3145806,leeg.pdf,,DA3910698,leeg.pdf,,DA3898494,leeg.pdf,,DA3522115,leeg.pdf,,DA3453847,leeg.pdf,,DA3600573,leeg.pdf,,DA3887610,leeg.pdf,,DA3173181,leeg.pdf,,DA3722640,leeg.pdf,,DA3532785,leeg.pdf,,DA3498810,leeg.pdf,,DA3197372,leeg.pdf,,DA3692192,leeg.pdf,,DA3248796,leeg.pdf,,DA3658116,leeg.pdf,
DA3137813,leeg.pdf,,DA3461180,leeg.pdf,,DA3337529,leeg.pdf,,DA3080100,leeg.pdf,,DA3214888,leeg.pdf,,DA3560091,leeg.pdf,,DA3600368,leeg.pdf,,DA3166146,leeg.pdf,,DA3625854,leeg.pdf,,DA3679720,leeg.pdf,,DA3315027,leeg.pdf,,DA3074682,leeg.pdf,,DA3421519,leeg.pdf,,DA3941398,leeg.pdf,,DA3284513,leeg.pdf,
DA3733730,leeg.pdf,,DA3346227,leeg.pdf,,DA3260714,leeg.pdf,,DA3212941,leeg.pdf,,DA3760955,leeg.pdf,,DA3117108,leeg.pdf,,DA3831669,leeg.pdf,,DA3189467,leeg.pdf,,DA3142098,leeg.pdf,,DA3524387,leeg.pdf,,DA3377361,leeg.pdf,,DA3464465,leeg.pdf,,DA3113353,leeg.pdf,,DA3195023,leeg.pdf,,DA3669680,leeg.pdf,
DA3422223,leeg.pdf,,DA3067260,leeg.pdf,,DA3406024,leeg.pdf,,DA3051769,leeg.pdf,,DA3349724,leeg.pdf,,DA3192531,leeg.pdf,,DA3899159,leeg.pdf,,DA3347442,leeg.pdf,,DA3293860,leeg.pdf,,DA3797021,leeg.pdf,,DA3547257,leeg.pdf,,DA3076070,leeg.pdf,,DA3629036,leeg.pdf,,DA3290704,leeg.pdf,,DA3664074,leeg.pdf,
DA3163783,leeg.pdf,,DA3751814,leeg.pdf,,DA3552965,leeg.pdf,,DA3214338,leeg.pdf,,DA3152937,leeg.pdf,,DA3292210,leeg.pdf,,DA3103444,leeg.pdf,,DA3695082,leeg.pdf,,DA3895789,leeg.pdf,,DA3093388,leeg.pdf,,DA3523827,leeg.pdf,,DA3079194,leeg.pdf,,DA3135664,leeg.pdf,,DA3904120,leeg.pdf,,DA3338501,leeg.pdf,
DA3756115,leeg.pdf,,DA3517525,leeg.pdf,,DA3890042,leeg.pdf,,DA3605719,leeg.pdf,,DA3706198,leeg.pdf,,DA3149474,leeg.pdf,,DA3328606,leeg.pdf,,DA3503728,leeg.pdf,,DA3786902,leeg.pdf,,DA3108893,leeg.pdf,,DA3179577,leeg.pdf,,DA3495090,leeg.pdf,,DA3892450,leeg.pdf,,DA3729608,leeg.pdf,,DA3067008,leeg.pdf,
DA3393501,leeg.pdf,,DA3626910,leeg.pdf,,DA3031021,leeg.pdf,,DA3069897,leeg.pdf,,DA3575251,leeg.pdf,,DA3373193,leeg.pdf,,DA3984168,leeg.pdf,,DA3900800,leeg.pdf,,DA3372697,leeg.pdf,,DA3303033,leeg.pdf,,DA3543386,leeg.pdf,,DA3112374,leeg.pdf,,DA3225209,leeg.pdf,,DA3304040,leeg.pdf,,DA3102620,leeg.pdf,
DA3142405,leeg.pdf,,DA3100646,leeg.pdf,,DA3756802,leeg.pdf,,DA3255952,leeg.pdf,,DA3608406,leeg.pdf,,DA3997587,leeg.pdf,,DA3234231,leeg.pdf,,DA3808700,leeg.pdf,,DA3786174,leeg.pdf,,DA3148545,leeg.pdf,,DA3331654,leeg.pdf,,DA3659626,leeg.pdf,,DA3145932,leeg.pdf,,DA3485705,leeg.pdf,,DA3458507,leeg.pdf,
DA3521563,leeg.pdf,,DA3291503,leeg.pdf,,DA3059850,leeg.pdf,,DA3516828,leeg.pdf,,DA3444498,leeg.pdf,,DA3687885,leeg.pdf,,DA3541609,leeg.pdf,,DA3473639,leeg.pdf,,DA3371194,leeg.pdf,,DA3889692,leeg.pdf,,DA3770654,leeg.pdf,,DA3102568,leeg.pdf,,DA3481579,leeg.pdf,,DA3412175,leeg.pdf,,DA3462386,leeg.pdf,
DA3688319,leeg.pdf,,DA3298696,leeg.pdf,,DA3399752,leeg.pdf,,DA3165362,leeg.pdf,,DA3279317,leeg.pdf,,DA3599537,leeg.pdf,,DA3295073,leeg.pdf,,DA3329528,leeg.pdf,,DA3186302,leeg.pdf,,DA3920772,leeg.pdf,,DA3650543,leeg.pdf,,DA3134421,leeg.pdf,,DA3140810,leeg.pdf,,DA3683812,leeg.pdf,,DA3644791,leeg.pdf,
DA3352916,leeg.pdf,,DA3370217,leeg.pdf,,DA3453558,leeg.pdf,,DA3315555,leeg.pdf,,DA3849994,leeg.pdf,,DA3394178,leeg.pdf,,DA3675111,leeg.pdf,,DA3260612,leeg.pdf,,DA3080911,leeg.pdf,,DA3897645,leeg.pdf,,DA3533941,leeg.pdf,,DA3792220,leeg.pdf,,DA3566739,leeg.pdf,,DA3602908,leeg.pdf,,DA3179542,leeg.pdf,
DA3291325,leeg.pdf,,DA3183452,leeg.pdf,,DA3583871,leeg.pdf,,DA3663044,leeg.pdf,,DA3145598,leeg.pdf,,DA3413808,leeg.pdf,,DA3690625,leeg.pdf,,DA3285198,leeg.pdf,,DA3044001,leeg.pdf,,DA3570716,leeg.pdf,,DA3190015,leeg.pdf,,DA3781054,leeg.pdf,,DA3081387,leeg.pdf,,DA3209311,leeg.pdf,,DA3457624,leeg.pdf,
DA3081108,leeg.pdf,,DA3121706,leeg.pdf,,DA3085132,leeg.pdf,,DA3770836,leeg.pdf,,DA3900730,leeg.pdf,,DA3067767,leeg.pdf,,DA3050423,leeg.pdf,,DA3426128,leeg.pdf,,DA3796100,leeg.pdf,,DA3519128,leeg.pdf,,DA3073765,leeg.pdf,,DA3373602,leeg.pdf,,DA3911917,leeg.pdf,,DA3854854,leeg.pdf,,DA3712815,leeg.pdf,
DA3067648,leeg.pdf,,DA3622985,leeg.pdf,,DA3379176,leeg.pdf,,DA3418304,leeg.pdf,,DA3216563,leeg.pdf,,DA3729852,leeg.pdf,,DA3533190,leeg.pdf,,DA3114276,leeg.pdf,,DA3366467,leeg.pdf,,DA3179700,leeg.pdf,,DA3047922,leeg.pdf,,DA3863897,leeg.pdf,,DA3241423,leeg.pdf,,DA3819755,leeg.pdf,,DA3456670,leeg.pdf,
DA3160717,leeg.pdf,,DA3222902,leeg.pdf,,DA3134652,leeg.pdf,,DA3427315,leeg.pdf,,DA3490328,leeg.pdf,,DA3549130,leeg.pdf,,DA3516539,leeg.pdf,,DA3151852,leeg.pdf,,DA3972440,leeg.pdf,,DA3682764,leeg.pdf,,DA3961693,leeg.pdf,,DA3593862,leeg.pdf,,DA3186033,leeg.pdf,,DA3209040,leeg.pdf,,DA3928032,leeg.pdf,
DA3264693,leeg.pdf,,DA3773805,leeg.pdf,,DA3563134,leeg.pdf,,DA3982721,leeg.pdf,,DA3043120,leeg.pdf,,DA3253350,leeg.pdf,,DA3808188,leeg.pdf,,DA3737598,leeg.pdf,,DA3760820,leeg.pdf,,DA3290809,leeg.pdf,,DA3385517,leeg.pdf,,DA3545042,leeg.pdf,,DA3312672,leeg.pdf,,DA3541904,leeg.pdf,,DA3614409,leeg.pdf,
DA3777227,leeg.pdf,,DA3902855,leeg.pdf,,DA3980315,leeg.pdf,,DA3389398,leeg.pdf,,DA3486360,leeg.pdf,,DA3073040,leeg.pdf,,DA3820573,leeg.pdf,,DA3105956,leeg.pdf,,DA3684079,leeg.pdf,,DA3144723,leeg.pdf,,DA3542622,leeg.pdf,,DA3529077,leeg.pdf,,DA3354343,leeg.pdf,,DA3970381,leeg.pdf,,DA3608700,leeg.pdf,
DA3078743,leeg.pdf,,DA3040743,leeg.pdf,,DA3384166,leeg.pdf,,DA3526486,leeg.pdf,,DA3086965,leeg.pdf,,DA3848540,leeg.pdf,,DA3334059,leeg.pdf,,DA3913700,leeg.pdf,,DA3065411,leeg.pdf,,DA3175665,leeg.pdf,,DA3988762,leeg.pdf,,DA3263468,leeg.pdf,,DA3739318,leeg.pdf,,DA3590790,leeg.pdf,,DA3312343,leeg.pdf,
DA3753961,leeg.pdf,,DA3742295,leeg.pdf,,DA3680471,leeg.pdf,,DA3964175,leeg.pdf,,DA3384820,leeg.pdf,,DA3041337,leeg.pdf,,DA3143333,leeg.pdf,,DA3144620,leeg.pdf,,DA3467304,leeg.pdf,,DA3339553,leeg.pdf,,DA3395558,leeg.pdf,,DA3725033,leeg.pdf,,DA3513901,leeg.pdf,,DA3036459,leeg.pdf,,DA3230532,leeg.pdf,
DA3628672,leeg.pdf,,DA3840418,leeg.pdf,,DA3611192,leeg.pdf,,DA3794380,leeg.pdf,,DA3355897,leeg.pdf,,DA3892321,leeg.pdf,,DA3338614,leeg.pdf,,DA3096452,leeg.pdf,,DA3344375,leeg.pdf,,DA3897301,leeg.pdf,,DA3341252,leeg.pdf,,DA3286869,leeg.pdf,,DA3583848,leeg.pdf,,DA3510269,leeg.pdf,,DA3121007,leeg.pdf,
DA3123666,leeg.pdf,,DA3357653,leeg.pdf,,DA3904447,leeg.pdf,,DA3102393,leeg.pdf,,DA3425559,leeg.pdf,,DA3258828,leeg.pdf,,DA3595793,leeg.pdf,,DA3526444,leeg.pdf,,DA3300198,leeg.pdf,,DA3424084,leeg.pdf,,DA3980006,leeg.pdf,,DA3877938,leeg.pdf,,DA3673344,leeg.pdf,,DA3793336,leeg.pdf,,DA3104277,leeg.pdf,
DA3336304,leeg.pdf,,DA3576731,leeg.pdf,,DA3676698,leeg.pdf,,DA3232070,leeg.pdf,,DA3086972,leeg.pdf,,DA3180457,leeg.pdf,,DA3507300,leeg.pdf,,DA3206358,leeg.pdf,,DA3184687,leeg.pdf,,DA3953272,leeg.pdf,,DA3658018,leeg.pdf,,DA3868717,leeg.pdf,,DA3415100,leeg.pdf,,DA3419925,leeg.pdf,,DA3332802,leeg.pdf,
DA3676160,leeg.pdf,,DA3457367,leeg.pdf,,DA3350733,leeg.pdf,,DA3813058,leeg.pdf,,DA3615097,leeg.pdf,,DA3489390,leeg.pdf,,DA3560170,leeg.pdf,,DA3109657,leeg.pdf,,DA3851231,leeg.pdf,,DA3255113,leeg.pdf,,DA3406761,leeg.pdf,,DA3080553,leeg.pdf,,DA3712161,leeg.pdf,,DA3099176,leeg.pdf,,DA3831037,leeg.pdf,
DA3786382,leeg.pdf,,DA3357457,leeg.pdf,,DA3888768,leeg.pdf,,DA3179665,leeg.pdf,,DA3794266,leeg.pdf,,DA3754816,leeg.pdf,,DA3475208,leeg.pdf,,DA3172006,leeg.pdf,,DA3955879,leeg.pdf,,DA3605994,leeg.pdf,,DA3086941,leeg.pdf,,DA3130329,leeg.pdf,,DA3258270,leeg.pdf,,DA3353953,leeg.pdf,,DA3894787,leeg.pdf,
DA3892453,leeg.pdf,,DA3916041,leeg.pdf,,DA3348109,leeg.pdf,,DA3319233,leeg.pdf,,DA3966096,leeg.pdf,,DA3395268,leeg.pdf,,DA3821084,leeg.pdf,,DA3155210,leeg.pdf,,DA3125431,leeg.pdf,,DA3055520,leeg.pdf,,DA3871898,leeg.pdf,,DA3401916,leeg.pdf,,DA3303560,leeg.pdf,,DA3114801,leeg.pdf,,DA3129229,leeg.pdf,
DA3084227,leeg.pdf,,DA3108055,leeg.pdf,,DA3580544,leeg.pdf,,DA3586212,leeg.pdf,,DA3190789,leeg.pdf,,DA3286449,leeg.pdf,,DA3792958,leeg.pdf,,DA3604384,leeg.pdf,,DA3683184,leeg.pdf,,DA3603926,leeg.pdf,,DA3287060,leeg.pdf,,DA3725718,leeg.pdf,,DA3818019,leeg.pdf,,DA3387915,leeg.pdf,,DA3532318,leeg.pdf,
DA3493349,leeg.pdf,,DA3816000,leeg.pdf,,DA3345532,leeg.pdf,,DA3926710,leeg.pdf,,DA3399581,leeg.pdf,,DA3922791,leeg.pdf,,DA3268625,leeg.pdf,,DA3775783,leeg.pdf,,DA3253792,leeg.pdf,,DA3239503,leeg.pdf,,DA3265498,leeg.pdf,,DA3883153,leeg.pdf,,DA3147185,leeg.pdf,,DA3206023,leeg.pdf,,DA3672807,leeg.pdf,
DA3956469,leeg.pdf,,DA3028550,leeg.pdf,,DA3299677,leeg.pdf,,DA3306696,leeg.pdf,,DA3708272,leeg.pdf,,DA3222388,leeg.pdf,,DA3253180,leeg.pdf,,DA3146115,leeg.pdf,,DA3398167,leeg.pdf,,DA3169604,leeg.pdf,,DA3164305,leeg.pdf,,DA3471213,leeg.pdf,,DA3226332,leeg.pdf,,DA3182411,leeg.pdf,,DA3151124,leeg.pdf,
DA3496779,leeg.pdf,,DA3467642,leeg.pdf,,DA3168191,leeg.pdf,,DA3440898,leeg.pdf,,DA3179440,leeg.pdf,,DA3067552,leeg.pdf,,DA3461652,leeg.pdf,,DA3145946,leeg.pdf,,DA3233262,leeg.pdf,,DA3575668,leeg.pdf,,DA3728683,leeg.pdf,,DA3576468,leeg.pdf,,DA3174005,leeg.pdf,,DA3247466,leeg.pdf,,DA3586947,leeg.pdf,
DA3521994,leeg.pdf,,DA3465977,leeg.pdf,,DA3072972,leeg.pdf,,DA3860562,leeg.pdf,,DA3352745,leeg.pdf,,DA3573530,leeg.pdf,,DA3565955,leeg.pdf,,DA3120200,leeg.pdf,,DA3258210,leeg.pdf,,DA3201951,leeg.pdf,,DA3288673,leeg.pdf,,DA3758061,leeg.pdf,,DA3608997,leeg.pdf,,DA3093408,leeg.pdf,,DA3556550,leeg.pdf,
DA3468684,leeg.pdf,,DA3449729,leeg.pdf,,DA3161215,leeg.pdf,,DA3494541,leeg.pdf,,DA3383279,leeg.pdf,,DA3319667,leeg.pdf,,DA3567224,leeg.pdf,,DA3163095,leeg.pdf,,DA3488893,leeg.pdf,,DA3367264,leeg.pdf,,DA3490665,leeg.pdf,,DA3946035,leeg.pdf,,DA3125467,leeg.pdf,,DA3054131,leeg.pdf,,DA3220181,leeg.pdf,
DA3727597,leeg.pdf,,DA3399798,leeg.pdf,,DA3969842,leeg.pdf,,DA3275903,leeg.pdf,,DA3905423,leeg.pdf,,DA3402740,leeg.pdf,,DA3429807,leeg.pdf,,DA3151985,leeg.pdf,,DA3290810,leeg.pdf,,DA3694955,leeg.pdf,,DA3882074,leeg.pdf,,DA3965792,leeg.pdf,,DA3365428,leeg.pdf,,DA3736706,leeg.pdf,,DA3404337,leeg.pdf,
DA3471193,leeg.pdf,,DA3416374,leeg.pdf,,DA3540008,leeg.pdf,,DA3309153,leeg.pdf,,DA3248734,leeg.pdf,,DA3643994,leeg.pdf,,DA3127432,leeg.pdf,,DA3685243,leeg.pdf,,DA3678738,leeg.pdf,,DA3487528,leeg.pdf,,DA3303962,leeg.pdf,,DA3341971,leeg.pdf,,DA3673197,leeg.pdf,,DA3760423,leeg.pdf,,DA3280852,leeg.pdf,
DA3629575,leeg.pdf,,DA3915036,leeg.pdf,,DA3750287,leeg.pdf,,DA3046723,leeg.pdf,,DA3872301,leeg.pdf,,DA3181061,leeg.pdf,,DA3681126,leeg.pdf,,DA3129310,leeg.pdf,,DA3521725,leeg.pdf,,DA3126998,leeg.pdf,,DA3228463,leeg.pdf,,DA3829545,leeg.pdf,,DA3581850,leeg.pdf,,DA3151179,leeg.pdf,,DA3186703,leeg.pdf,
DA3797129,leeg.pdf,,DA3654805,leeg.pdf,,DA3590570,leeg.pdf,,DA3056594,leeg.pdf,,DA3863853,leeg.pdf,,DA3399688,leeg.pdf,,DA3056019,leeg.pdf,,DA3879003,leeg.pdf,,DA3089383,leeg.pdf,,DA3292928,leeg.pdf,,DA3322654,leeg.pdf,,DA3969726,leeg.pdf,,DA3408491,leeg.pdf,,DA3163621,leeg.pdf,,DA3449108,leeg.pdf,
DA3719064,leeg.pdf,,DA3174618,leeg.pdf,,DA3265375,leeg.pdf,,DA3940257,leeg.pdf,,DA3536567,leeg.pdf,,DA3262148,leeg.pdf,,DA3271986,leeg.pdf,,DA3521648,leeg.pdf,,DA3446205,leeg.pdf,,DA3529293,leeg.pdf,,DA3079323,leeg.pdf,,DA3675214,leeg.pdf,,DA3200811,leeg.pdf,,DA3357970,leeg.pdf,,DA3676935,leeg.pdf,
DA3054765,leeg.pdf,,DA3760920,leeg.pdf,,DA3144151,leeg.pdf,,DA3306569,leeg.pdf,,DA3447379,leeg.pdf,,DA3946712,leeg.pdf,,DA3329534,leeg.pdf,,DA3041152,leeg.pdf,,DA3411595,leeg.pdf,,DA3185716,leeg.pdf,,DA3924794,leeg.pdf,,DA3501809,leeg.pdf,,DA3069950,leeg.pdf,,DA3132650,leeg.pdf,,DA3245622,leeg.pdf,
DA3458693,leeg.pdf,,DA3318304,leeg.pdf,,DA3160713,leeg.pdf,,DA3147187,leeg.pdf,,DA3115572,leeg.pdf,,DA3832961,leeg.pdf,,DA3721623,leeg.pdf,,DA3889647,leeg.pdf,,DA3708393,leeg.pdf,,DA3114571,leeg.pdf,,DA3293039,leeg.pdf,,DA3261996,leeg.pdf,,DA3373124,leeg.pdf,,DA3258930,leeg.pdf,,DA3460381,leeg.pdf,
DA3805058,leeg.pdf,,DA3826269,leeg.pdf,,DA3265103,leeg.pdf,,DA3619265,leeg.pdf,,DA3396563,leeg.pdf,,DA3317309,leeg.pdf,,DA3284885,leeg.pdf,,DA3201032,leeg.pdf,,DA3321157,leeg.pdf,,DA3960156,leeg.pdf,,DA3102527,leeg.pdf,,DA3166824,leeg.pdf,,DA3757624,leeg.pdf,,DA3123079,leeg.pdf,,DA3081170,leeg.pdf,
DA3178382,leeg.pdf,,DA3397498,leeg.pdf,,DA3343175,leeg.pdf,,DA3592850,leeg.pdf,,DA3945341,leeg.pdf,,DA3570968,leeg.pdf,,DA3075155,leeg.pdf,,DA3282099,leeg.pdf,,DA3486802,leeg.pdf,,DA3071329,leeg.pdf,,DA3188715,leeg.pdf,,DA3728307,leeg.pdf,,DA3620281,leeg.pdf,,DA3382093,leeg.pdf,,DA3514219,leeg.pdf,
DA3886164,leeg.pdf,,DA3580582,leeg.pdf,,DA3388564,leeg.pdf,,DA3190234,leeg.pdf,,DA3664706,leeg.pdf,,DA3763929,leeg.pdf,,DA3124513,leeg.pdf,,DA3134326,leeg.pdf,,DA3279980,leeg.pdf,,DA3554731,leeg.pdf,,DA3632436,leeg.pdf,,DA3975883,leeg.pdf,,DA3705575,leeg.pdf,,DA3249525,leeg.pdf,,DA3114459,leeg.pdf,
DA3385470,leeg.pdf,,DA3374439,leeg.pdf,,DA3161483,leeg.pdf,,DA3949098,leeg.pdf,,DA3879843,leeg.pdf,,DA3423887,leeg.pdf,,DA3051707,leeg.pdf,,DA3185311,leeg.pdf,,DA3090481,leeg.pdf,,DA3633133,leeg.pdf,,DA3412603,leeg.pdf,,DA3089886,leeg.pdf,,DA3287041,leeg.pdf,,DA3815700,leeg.pdf,,DA3616278,leeg.pdf,
DA3606670,leeg.pdf,,DA3984787,leeg.pdf,,DA3038396,leeg.pdf,,DA3296393,leeg.pdf,,DA3127583,leeg.pdf,,DA3039614,leeg.pdf,,DA3374981,leeg.pdf,,DA3569978,leeg.pdf,,DA3834630,leeg.pdf,,DA3042279,leeg.pdf,,DA3515786,leeg.pdf,,DA3778904,leeg.pdf,,DA3297136,leeg.pdf,,DA3083443,leeg.pdf,,DA3206203,leeg.pdf,
DA3144856,leeg.pdf,,DA3052973,leeg.pdf,,DA3701531,leeg.pdf,,DA3582087,leeg.pdf,,DA3514654,leeg.pdf,,DA3403440,leeg.pdf,,DA3114458,leeg.pdf,,DA3972576,leeg.pdf,,DA3430437,leeg.pdf,,DA3690007,leeg.pdf,,DA3323087,leeg.pdf,,DA3286978,leeg.pdf,,DA3366062,leeg.pdf,,DA3229805,leeg.pdf,,DA3087986,leeg.pdf,
DA3416032,leeg.pdf,,DA3273000,leeg.pdf,,DA3507038,leeg.pdf,,DA3789316,leeg.pdf,,DA3842750,leeg.pdf,,DA3562044,leeg.pdf,,DA3155922,leeg.pdf,,DA3106231,leeg.pdf,,DA3827207,leeg.pdf,,DA3332369,leeg.pdf,,DA3628724,leeg.pdf,,DA3228615,leeg.pdf,,DA3414780,leeg.pdf,,DA3365489,leeg.pdf,,DA3854847,leeg.pdf,
DA3043441,leeg.pdf,,DA3761941,leeg.pdf,,DA3141392,leeg.pdf,,DA3211719,leeg.pdf,,DA3831624,leeg.pdf,,DA3053607,leeg.pdf,,DA3372838,leeg.pdf,,DA3945178,leeg.pdf,,DA3344517,leeg.pdf,,DA3327622,leeg.pdf,,DA3830243,leeg.pdf,,DA3449444,leeg.pdf,,DA3060940,leeg.pdf,,DA3688334,leeg.pdf,,DA3181790,leeg.pdf,
DA3211247,leeg.pdf,,DA3768716,leeg.pdf,,DA3341060,leeg.pdf,,DA3287282,leeg.pdf,,DA3176237,leeg.pdf,,DA3415576,leeg.pdf,,DA3969525,leeg.pdf,,DA3207746,leeg.pdf,,DA3316922,leeg.pdf,,DA3492839,leeg.pdf,,DA3968188,leeg.pdf,,DA3326197,leeg.pdf,,DA3902445,leeg.pdf,,DA3605751,leeg.pdf,,DA3479766,leeg.pdf,
DA3283652,leeg.pdf,,DA3373601,leeg.pdf,,DA3344099,leeg.pdf,,DA3721357,leeg.pdf,,DA3324820,leeg.pdf,,DA3867987,leeg.pdf,,DA3538270,leeg.pdf,,DA3960888,leeg.pdf,,DA3383263,leeg.pdf,,DA3484391,leeg.pdf,,DA3101519,leeg.pdf,,DA3544979,leeg.pdf,,DA3080184,leeg.pdf,,DA3439853,leeg.pdf,,DA3276502,leeg.pdf,
DA3878327,leeg.pdf,,DA3600254,leeg.pdf,,DA3954265,leeg.pdf,,DA3333994,leeg.pdf,,DA3222884,leeg.pdf,,DA3959203,leeg.pdf,,DA3818500,leeg.pdf,,DA3053136,leeg.pdf,,DA3809577,leeg.pdf,,DA3583864,leeg.pdf,,DA3384589,leeg.pdf,,DA3831919,leeg.pdf,,DA3529721,leeg.pdf,,DA3183522,leeg.pdf,,DA3059235,leeg.pdf,
DA3091995,leeg.pdf,,DA3034735,leeg.pdf,,DA3588509,leeg.pdf,,DA3832740,leeg.pdf,,DA3088088,leeg.pdf,,DA3860150,leeg.pdf,,DA3515556,leeg.pdf,,DA3593376,leeg.pdf,,DA3088393,leeg.pdf,,DA3893751,leeg.pdf,,DA3406734,leeg.pdf,,DA3542230,leeg.pdf,,DA3319801,leeg.pdf,,DA3853076,leeg.pdf,,DA3292666,leeg.pdf,
DA3581246,leeg.pdf,,DA3265140,leeg.pdf,,DA3155126,leeg.pdf,,DA3540809,leeg.pdf,,DA3767597,leeg.pdf,,DA3341585,leeg.pdf,,DA3101712,leeg.pdf,,DA3281216,leeg.pdf,,DA3127633,leeg.pdf,,DA3761167,leeg.pdf,,DA3626916,leeg.pdf,,DA3844833,leeg.pdf,,DA3181722,leeg.pdf,,DA3512379,leeg.pdf,,DA3478993,leeg.pdf,
DA3535174,leeg.pdf,,DA3175784,leeg.pdf,,DA3089538,leeg.pdf,,DA3121480,leeg.pdf,,DA3853299,leeg.pdf,,DA3227902,leeg.pdf,,DA3519145,leeg.pdf,,DA3076857,leeg.pdf,,DA3189796,leeg.pdf,,DA3594899,leeg.pdf,,DA3977460,leeg.pdf,,DA3103286,leeg.pdf,,DA3317463,leeg.pdf,,DA3061654,leeg.pdf,,DA3267095,leeg.pdf,
DA3881150,leeg.pdf,,DA3535527,leeg.pdf,,DA3138697,leeg.pdf,,DA3721883,leeg.pdf,,DA3300966,leeg.pdf,,DA3973282,leeg.pdf,,DA3435747,leeg.pdf,,DA3055646,leeg.pdf,,DA3498045,leeg.pdf,,DA3708232,leeg.pdf,,DA3107635,leeg.pdf,,DA3931209,leeg.pdf,,DA3340347,leeg.pdf,,DA3090954,leeg.pdf,,DA3501569,leeg.pdf,
DA3983966,leeg.pdf,,DA3859381,leeg.pdf,,DA3446186,leeg.pdf,,DA3477870,leeg.pdf,,DA3371366,leeg.pdf,,DA3616622,leeg.pdf,,DA3474365,leeg.pdf,,DA3499005,leeg.pdf,,DA3376153,leeg.pdf,,DA3580576,leeg.pdf,,DA3062658,leeg.pdf,,DA3527485,leeg.pdf,,DA3140736,leeg.pdf,,DA3174231,leeg.pdf,,DA3417582,leeg.pdf,
DA3047013,leeg.pdf,,DA3775534,leeg.pdf,,DA3783451,leeg.pdf,,DA3239631,leeg.pdf,,DA3262169,leeg.pdf,,DA3507204,leeg.pdf,,DA3448761,leeg.pdf,,DA3852509,leeg.pdf,,DA3036527,leeg.pdf,,DA3380863,leeg.pdf,,DA3805924,leeg.pdf,,DA3339813,leeg.pdf,,DA3879999,leeg.pdf,,DA3418049,leeg.pdf,,DA3567386,leeg.pdf,
DA3118136,leeg.pdf,,DA3095015,leeg.pdf,,DA3360332,leeg.pdf,,DA3337099,leeg.pdf,,DA3608801,leeg.pdf,,DA3122735,leeg.pdf,,DA3986768,leeg.pdf,,DA3877426,leeg.pdf,,DA3431068,leeg.pdf,,DA3531195,leeg.pdf,,DA3431781,leeg.pdf,,DA3570098,leeg.pdf,,DA3784452,leeg.pdf,,DA3224164,leeg.pdf,,DA3165860,leeg.pdf,
DA3317579,leeg.pdf,,DA3155842,leeg.pdf,,DA3148918,leeg.pdf,,DA3813309,leeg.pdf,,DA3954336,leeg.pdf,,DA3335898,leeg.pdf,,DA3279159,leeg.pdf,,DA3636899,leeg.pdf,,DA3243737,leeg.pdf,,DA3720669,leeg.pdf,,DA3437834,leeg.pdf,,DA3991130,leeg.pdf,,DA3071364,leeg.pdf,,DA3500138,leeg.pdf,,DA3335581,leeg.pdf,
DA3704601,leeg.pdf,,DA3124418,leeg.pdf,,DA3786089,leeg.pdf,,DA3054978,leeg.pdf,,DA3490735,leeg.pdf,,DA3316733,leeg.pdf,,DA3850612,leeg.pdf,,DA3631957,leeg.pdf,,DA3120547,leeg.pdf,,DA3117240,leeg.pdf,,DA3934421,leeg.pdf,,DA3176439,leeg.pdf,,DA3105501,leeg.pdf,,DA3371537,leeg.pdf,,DA3455378,leeg.pdf,
DA3245326,leeg.pdf,,DA3662958,leeg.pdf,,DA3534384,leeg.pdf,,DA3282523,leeg.pdf,,DA3273277,leeg.pdf,,DA3292827,leeg.pdf,,DA3615487,leeg.pdf,,DA3100832,leeg.pdf,,DA3205674,leeg.pdf,,DA3318590,leeg.pdf,,DA3164399,leeg.pdf,,DA3433574,leeg.pdf,,DA3825461,leeg.pdf,,DA3620414,leeg.pdf,,DA3193975,leeg.pdf,
DA3093603,leeg.pdf,,DA3387936,leeg.pdf,,DA3535371,leeg.pdf,,DA3637298,leeg.pdf,,DA3579373,leeg.pdf,,DA3357991,leeg.pdf,,DA3388531,leeg.pdf,,DA3463506,leeg.pdf,,DA3437091,leeg.pdf,,DA3613272,leeg.pdf,,DA3763304,leeg.pdf,,DA3749230,leeg.pdf,,DA3242487,leeg.pdf,,DA3400474,leeg.pdf,,DA3638562,leeg.pdf,
DA3048344,leeg.pdf,,DA3549184,leeg.pdf,,DA3381005,leeg.pdf,,DA3458068,leeg.pdf,,DA3760421,leeg.pdf,,DA3708132,leeg.pdf,,DA3142686,leeg.pdf,,DA3715366,leeg.pdf,,DA3693831,leeg.pdf,,DA3239978,leeg.pdf,,DA3078163,leeg.pdf,,DA3795494,leeg.pdf,,DA3260566,leeg.pdf,,DA3135142,leeg.pdf,,DA3737677,leeg.pdf,
DA3485372,leeg.pdf,,DA3525665,leeg.pdf,,DA3648444,leeg.pdf,,DA3550772,leeg.pdf,,DA3109759,leeg.pdf,,DA3737253,leeg.pdf,,DA3339264,leeg.pdf,,DA3812376,leeg.pdf,,DA3978953,leeg.pdf,,DA3650092,leeg.pdf,,DA3580678,leeg.pdf,,DA3342184,leeg.pdf,,DA3225674,leeg.pdf,,DA3454119,leeg.pdf,,DA3277722,leeg.pdf,
DA3959928,leeg.pdf,,DA3998386,leeg.pdf,,DA3110705,leeg.pdf,,DA3094374,leeg.pdf,,DA3079380,leeg.pdf,,DA3203018,leeg.pdf,,DA3069173,leeg.pdf,,DA3050267,leeg.pdf,,DA3398020,leeg.pdf,,DA3765377,leeg.pdf,,DA3278528,leeg.pdf,,DA3944200,leeg.pdf,,DA3572298,leeg.pdf,,DA3248430,leeg.pdf,,DA3399005,leeg.pdf,
DA3275873,leeg.pdf,,DA3392173,leeg.pdf,,DA3210294,leeg.pdf,,DA3449289,leeg.pdf,,DA3274431,leeg.pdf,,DA3068960,leeg.pdf,,DA3162484,leeg.pdf,,DA3202921,leeg.pdf,,DA3400252,leeg.pdf,,DA3254854,leeg.pdf,,DA3070911,leeg.pdf,,DA3114118,leeg.pdf,,DA3982491,leeg.pdf,,DA3986710,leeg.pdf,,DA3108749,leeg.pdf,
DA3929195,leeg.pdf,,DA3865059,leeg.pdf,,DA3192984,leeg.pdf,,DA3622395,leeg.pdf,,DA3112004,leeg.pdf,,DA3754749,leeg.pdf,,DA3470869,leeg.pdf,,DA3503830,leeg.pdf,,DA3074489,leeg.pdf,,DA3227399,leeg.pdf,,DA3887383,leeg.pdf,,DA3087090,leeg.pdf,,DA3147013,leeg.pdf,,DA3201859,leeg.pdf,,DA3980924,leeg.pdf,
DA3758347,leeg.pdf,,DA3513235,leeg.pdf,,DA3445652,leeg.pdf,,DA3406338,leeg.pdf,,DA3240670,leeg.pdf,,DA3692051,leeg.pdf,,DA3263847,leeg.pdf,,DA3864515,leeg.pdf,,DA3616951,leeg.pdf,,DA3260436,leeg.pdf,,DA3962839,leeg.pdf,,DA3548931,leeg.pdf,,DA3955876,leeg.pdf,,DA3828268,leeg.pdf,,DA3373485,leeg.pdf,
DA3153330,leeg.pdf,,DA3372005,leeg.pdf,,DA3616200,leeg.pdf,,DA3469840,leeg.pdf,,DA3685995,leeg.pdf,,DA3249736,leeg.pdf,,DA3050614,leeg.pdf,,DA3158929,leeg.pdf,,DA3216741,leeg.pdf,,DA3351576,leeg.pdf,,DA3685341,leeg.pdf,,DA3527792,leeg.pdf,,DA3529383,leeg.pdf,,DA3395892,leeg.pdf,,DA3772284,leeg.pdf,
DA3263971,leeg.pdf,,DA3053536,leeg.pdf,,DA3060921,leeg.pdf,,DA3478098,leeg.pdf,,DA3045063,leeg.pdf,,DA3075800,leeg.pdf,,DA3221196,leeg.pdf,,DA3321703,leeg.pdf,,DA3046415,leeg.pdf,,DA3598713,leeg.pdf,,DA3533192,leeg.pdf,,DA3921093,leeg.pdf,,DA3990685,leeg.pdf,,DA3919666,leeg.pdf,,DA3094803,leeg.pdf,
DA3336600,leeg.pdf,,DA3823786,leeg.pdf,,DA3040122,leeg.pdf,,DA3525784,leeg.pdf,,DA3549900,leeg.pdf,,DA3085245,leeg.pdf,,DA3204952,leeg.pdf,,DA3093816,leeg.pdf,,DA3495458,leeg.pdf,,DA3556125,leeg.pdf,,DA3994283,leeg.pdf,,DA3384448,leeg.pdf,,DA3327772,leeg.pdf,,DA3126002,leeg.pdf,,DA3385810,leeg.pdf,
DA3063975,leeg.pdf,,DA3180506,leeg.pdf,,DA3174233,leeg.pdf,,DA3179885,leeg.pdf,,DA3367274,leeg.pdf,,DA3573753,leeg.pdf,,DA3437425,leeg.pdf,,DA3906405,leeg.pdf,,DA3926510,leeg.pdf,,DA3833351,leeg.pdf,,DA3553617,leeg.pdf,,DA3595206,leeg.pdf,,DA3054982,leeg.pdf,,DA3606894,leeg.pdf,,DA3178191,leeg.pdf,
DA3744185,leeg.pdf,,DA3137967,leeg.pdf,,DA3352680,leeg.pdf,,DA3593774,leeg.pdf,,DA3478490,leeg.pdf,,DA3506382,leeg.pdf,,DA3942212,leeg.pdf,,DA3055416,leeg.pdf,,DA3390195,leeg.pdf,,DA3085679,leeg.pdf,,DA3984761,leeg.pdf,,DA3524848,leeg.pdf,,DA3293911,leeg.pdf,,DA3906061,leeg.pdf,,DA3132440,leeg.pdf,
DA3588203,leeg.pdf,,DA3295628,leeg.pdf,,DA3145748,leeg.pdf,,DA3066425,leeg.pdf,,DA3907198,leeg.pdf,,DA3343595,leeg.pdf,,DA3943036,leeg.pdf,,DA3869539,leeg.pdf,,DA3333553,leeg.pdf,,DA3779397,leeg.pdf,,DA3539429,leeg.pdf,,DA3469934,leeg.pdf,,DA3601766,leeg.pdf,,DA3045719,leeg.pdf,,DA3548601,leeg.pdf,
DA3151162,leeg.pdf,,DA3912469,leeg.pdf,,DA3579551,leeg.pdf,,DA3947805,leeg.pdf,,DA3299518,leeg.pdf,,DA3139431,leeg.pdf,,DA3657741,leeg.pdf,,DA3755784,leeg.pdf,,DA3384473,leeg.pdf,,DA3729704,leeg.pdf,,DA3751078,leeg.pdf,,DA3806579,leeg.pdf,,DA3609853,leeg.pdf,,DA3053757,leeg.pdf,,DA3576015,leeg.pdf,
DA3673506,leeg.pdf,,DA3852623,leeg.pdf,,DA3797283,leeg.pdf,,DA3433658,leeg.pdf,,DA3768610,leeg.pdf,,DA3203228,leeg.pdf,,DA3394918,leeg.pdf,,DA3262043,leeg.pdf,,DA3583024,leeg.pdf,,DA3869354,leeg.pdf,,DA3655914,leeg.pdf,,DA3048465,leeg.pdf,,DA3838685,leeg.pdf,,DA3078005,leeg.pdf,,DA3188601,leeg.pdf,
DA3062053,leeg.pdf,,DA3947403,leeg.pdf,,DA3168186,leeg.pdf,,DA3065450,leeg.pdf,,DA3401417,leeg.pdf,,DA3913058,leeg.pdf,,DA3819851,leeg.pdf,,DA3114846,leeg.pdf,,DA3429072,leeg.pdf,,DA3276621,leeg.pdf,,DA3054728,leeg.pdf,,DA3052589,leeg.pdf,,DA3367017,leeg.pdf,,DA3796501,leeg.pdf,,DA3229388,leeg.pdf,
DA3253938,leeg.pdf,,DA3055518,leeg.pdf,,DA3646221,leeg.pdf,,DA3301426,leeg.pdf,,DA3333278,leeg.pdf,,DA3081474,leeg.pdf,,DA3711856,leeg.pdf,,DA3551872,leeg.pdf,,DA3104008,leeg.pdf,,DA3986633,leeg.pdf,,DA3771492,leeg.pdf,,DA3040436,leeg.pdf,,DA3058207,leeg.pdf,,DA3434906,leeg.pdf,,DA3375641,leeg.pdf,
DA3686340,leeg.pdf,,DA3685476,leeg.pdf,,DA3263481,leeg.pdf,,DA3204930,leeg.pdf,,DA3400932,leeg.pdf,,DA3544460,leeg.pdf,,DA3451994,leeg.pdf,,DA3883441,leeg.pdf,,DA3940828,leeg.pdf,,DA3360597,leeg.pdf,,DA3641733,leeg.pdf,,DA3419998,leeg.pdf,,DA3419953,leeg.pdf,,DA3190071,leeg.pdf,,DA3674226,leeg.pdf,
DA3789801,leeg.pdf,,DA3747560,leeg.pdf,,DA3825881,leeg.pdf,,DA3074754,leeg.pdf,,DA3983999,leeg.pdf,,DA3723874,leeg.pdf,,DA3291057,leeg.pdf,,DA3452315,leeg.pdf,,DA3277363,leeg.pdf,,DA3536021,leeg.pdf,,DA3798648,leeg.pdf,,DA3395562,leeg.pdf,,DA3675879,leeg.pdf,,DA3449679,leeg.pdf,,DA3815494,leeg.pdf,
DA3936829,leeg.pdf,,DA3642905,leeg.pdf,,DA3485434,leeg.pdf,,DA3131016,leeg.pdf,,DA3567200,leeg.pdf,,DA3301911,leeg.pdf,,DA3571237,leeg.pdf,,DA3481673,leeg.pdf,,DA3126352,leeg.pdf,,DA3561107,leeg.pdf,,DA3122345,leeg.pdf,,DA3114444,leeg.pdf,,DA3638879,leeg.pdf,,DA3963837,leeg.pdf,,DA3408634,leeg.pdf,
DA3587122,leeg.pdf,,DA3858728,leeg.pdf,,DA3520615,leeg.pdf,,DA3149825,leeg.pdf,,DA3420943,leeg.pdf,,DA3326963,leeg.pdf,,DA3296027,leeg.pdf,,DA3754103,leeg.pdf,,DA3170273,leeg.pdf,,DA3532606,leeg.pdf,,DA3171587,leeg.pdf,,DA3125970,leeg.pdf,,DA3173686,leeg.pdf,,DA3042827,leeg.pdf,,DA3096321,leeg.pdf,
DA3664184,leeg.pdf,,DA3530046,leeg.pdf,,DA3421718,leeg.pdf,,DA3089001,leeg.pdf,,DA3802385,leeg.pdf,,DA3421411,leeg.pdf,,DA3379356,leeg.pdf,,DA3743766,leeg.pdf,,DA3219495,leeg.pdf,,DA3295782,leeg.pdf,,DA3641833,leeg.pdf,,DA3963382,leeg.pdf,,DA3412850,leeg.pdf,,DA3041927,leeg.pdf,,DA3613360,leeg.pdf,
DA3449797,leeg.pdf,,DA3463364,leeg.pdf,,DA3059160,leeg.pdf,,DA3139989,leeg.pdf,,DA3290424,leeg.pdf,,DA3131702,leeg.pdf,,DA3649206,leeg.pdf,,DA3649542,leeg.pdf,,DA3209349,leeg.pdf,,DA3198593,leeg.pdf,,DA3490819,leeg.pdf,,DA3558010,leeg.pdf,,DA3673554,leeg.pdf,,DA3501552,leeg.pdf,,DA3273417,leeg.pdf,
DA3508487,leeg.pdf,,DA3395027,leeg.pdf,,DA3963194,leeg.pdf,,DA3206478,leeg.pdf,,DA3531656,leeg.pdf,,DA3283372,leeg.pdf,,DA3803399,leeg.pdf,,DA3476816,leeg.pdf,,DA3102032,leeg.pdf,,DA3188375,leeg.pdf,,DA3164976,leeg.pdf,,DA3752611,leeg.pdf,,DA3252617,leeg.pdf,,DA3863696,leeg.pdf,,DA3623784,leeg.pdf,
DA3587398,leeg.pdf,,DA3584425,leeg.pdf,,DA3633241,leeg.pdf,,DA3259600,leeg.pdf,,DA3114719,leeg.pdf,,DA3898049,leeg.pdf,,DA3713917,leeg.pdf,,DA3541171,leeg.pdf,,DA3031487,leeg.pdf,,DA3847187,leeg.pdf,,DA3328735,leeg.pdf,,DA3656576,leeg.pdf,,DA3702088,leeg.pdf,,DA3075169,leeg.pdf,,DA3547149,leeg.pdf,
DA3338456,leeg.pdf,,DA3891221,leeg.pdf,,DA3060570,leeg.pdf,,DA3809049,leeg.pdf,,DA3042144,leeg.pdf,,DA3082177,leeg.pdf,,DA3328788,leeg.pdf,,DA3069330,leeg.pdf,,DA3499291,leeg.pdf,,DA3870237,leeg.pdf,,DA3935180,leeg.pdf,,DA3159123,leeg.pdf,,DA3442539,leeg.pdf,,DA3146446,leeg.pdf,,DA3446971,leeg.pdf,
DA3852211,leeg.pdf,,DA3977853,leeg.pdf,,DA3629875,leeg.pdf,,DA3907589,leeg.pdf,,DA3809424,leeg.pdf,,DA3220461,leeg.pdf,,DA3906494,leeg.pdf,,DA3373647,leeg.pdf,,DA3946917,leeg.pdf,,DA3910367,leeg.pdf,,DA3145424,leeg.pdf,,DA3806649,leeg.pdf,,DA3143541,leeg.pdf,,DA3965711,leeg.pdf,,DA3156812,leeg.pdf,
DA3146157,leeg.pdf,,DA3076722,leeg.pdf,,DA3896121,leeg.pdf,,DA3652651,leeg.pdf,,DA3703959,leeg.pdf,,DA3206604,leeg.pdf,,DA3313102,leeg.pdf,,DA3151953,leeg.pdf,,DA3158948,leeg.pdf,,DA3212700,leeg.pdf,,DA3183346,leeg.pdf,,DA3323846,leeg.pdf,,DA3334087,leeg.pdf,,DA3322638,leeg.pdf,,DA3418102,leeg.pdf,
DA3095010,leeg.pdf,,DA3258617,leeg.pdf,,DA3306461,leeg.pdf,,DA3070342,leeg.pdf,,DA3269159,leeg.pdf,,DA3728164,leeg.pdf,,DA3053627,leeg.pdf,,DA3168545,leeg.pdf,,DA3426578,leeg.pdf,,DA3157656,leeg.pdf,,DA3451129,leeg.pdf,,DA3607394,leeg.pdf,,DA3728169,leeg.pdf,,DA3333575,leeg.pdf,,DA3941719,leeg.pdf,
DA3854043,leeg.pdf,,DA3449478,leeg.pdf,,DA3692922,leeg.pdf,,DA3152572,leeg.pdf,,DA3274283,leeg.pdf,,DA3153507,leeg.pdf,,DA3867710,leeg.pdf,,DA3597699,leeg.pdf,,DA3402701,leeg.pdf,,DA3942800,leeg.pdf,,DA3378442,leeg.pdf,,DA3783982,leeg.pdf,,DA3986974,leeg.pdf,,DA3232806,leeg.pdf,,DA3226359,leeg.pdf,
DA3079643,leeg.pdf,,DA3073745,leeg.pdf,,DA3958262,leeg.pdf,,DA3094472,leeg.pdf,,DA3041598,leeg.pdf,,DA3090548,leeg.pdf,,DA3217580,leeg.pdf,,DA3339574,leeg.pdf,,DA3239461,leeg.pdf,,DA3293340,leeg.pdf,,DA3238880,leeg.pdf,,DA3984754,leeg.pdf,,DA3674034,leeg.pdf,,DA3465310,leeg.pdf,,DA3198468,leeg.pdf,
DA3648961,leeg.pdf,,DA3948114,leeg.pdf,,DA3130560,leeg.pdf,,DA3429725,leeg.pdf,,DA3097147,leeg.pdf,,DA3551754,leeg.pdf,,DA3527435,leeg.pdf,,DA3080423,leeg.pdf,,DA3317713,leeg.pdf,,DA3942416,leeg.pdf,,DA3082713,leeg.pdf,,DA3345175,leeg.pdf,,DA3525359,leeg.pdf,,DA3274029,leeg.pdf,,DA3606125,leeg.pdf,
DA3286854,leeg.pdf,,DA3625541,leeg.pdf,,DA3814802,leeg.pdf,,DA3273474,leeg.pdf,,DA3236401,leeg.pdf,,DA3184800,leeg.pdf,,DA3678012,leeg.pdf,,DA3810290,leeg.pdf,,DA3268720,leeg.pdf,,DA3632958,leeg.pdf,,DA3278740,leeg.pdf,,DA3306407,leeg.pdf,,DA3604470,leeg.pdf,,DA3783873,leeg.pdf,,DA3643465,leeg.pdf,
DA3112190,leeg.pdf,,DA3592758,leeg.pdf,,DA3632781,leeg.pdf,,DA3956098,leeg.pdf,,DA3082314,leeg.pdf,,DA3411611,leeg.pdf,,DA3211322,leeg.pdf,,DA3479604,leeg.pdf,,DA3063934,leeg.pdf,,DA3131168,leeg.pdf,,DA3361688,leeg.pdf,,DA3603849,leeg.pdf,,DA3664014,leeg.pdf,,DA3866754,leeg.pdf,,DA3304540,leeg.pdf,
DA3130936,leeg.pdf,,DA3030218,leeg.pdf,,DA3542766,leeg.pdf,,DA3069726,leeg.pdf,,DA3400153,leeg.pdf,,DA3355344,leeg.pdf,,DA3070046,leeg.pdf,,DA3828868,leeg.pdf,,DA3837666,leeg.pdf,,DA3586737,leeg.pdf,,DA3683377,leeg.pdf,,DA3668981,leeg.pdf,,DA3177944,leeg.pdf,,DA3081974,leeg.pdf,,DA3826655,leeg.pdf,
DA3228182,leeg.pdf,,DA3677495,leeg.pdf,,DA3381873,leeg.pdf,,DA3077051,leeg.pdf,,DA3186971,leeg.pdf,,DA3150533,leeg.pdf,,DA3481279,leeg.pdf,,DA3750385,leeg.pdf,,DA3065517,leeg.pdf,,DA3966955,leeg.pdf,,DA3125115,leeg.pdf,,DA3415479,leeg.pdf,,DA3237106,leeg.pdf,,DA3457124,leeg.pdf,,DA3998586,leeg.pdf,
DA3584417,leeg.pdf,,DA3718130,leeg.pdf,,DA3305077,leeg.pdf,,DA3814441,leeg.pdf,,DA3797826,leeg.pdf,,DA3443733,leeg.pdf,,DA3433057,leeg.pdf,,DA3076495,leeg.pdf,,DA3693868,leeg.pdf,,DA3318792,leeg.pdf,,DA3410257,leeg.pdf,,DA3550713,leeg.pdf,,DA3945565,leeg.pdf,,DA3926161,leeg.pdf,,DA3498493,leeg.pdf,
DA3099408,leeg.pdf,,DA3121994,leeg.pdf,,DA3974055,leeg.pdf,,DA3688675,leeg.pdf,,DA3446885,leeg.pdf,,DA3615272,leeg.pdf,,DA3581657,leeg.pdf,,DA3510593,leeg.pdf,,DA3454875,leeg.pdf,,DA3166162,leeg.pdf,,DA3267990,leeg.pdf,,DA3680538,leeg.pdf,,DA3595813,leeg.pdf,,DA3195439,leeg.pdf,,DA3508588,leeg.pdf,
DA3142975,leeg.pdf,,DA3734372,leeg.pdf,,DA3430923,leeg.pdf,,DA3079440,leeg.pdf,,DA3625494,leeg.pdf,,DA3426906,leeg.pdf,,DA3416418,leeg.pdf,,DA3890006,leeg.pdf,,DA3181032,leeg.pdf,,DA3185419,leeg.pdf,,DA3205953,leeg.pdf,,DA3179513,leeg.pdf,,DA3485360,leeg.pdf,,DA3206461,leeg.pdf,,DA3335871,leeg.pdf,
DA3185952,leeg.pdf,,DA3192905,leeg.pdf,,DA3061185,leeg.pdf,,DA3698736,leeg.pdf,,DA3115465,leeg.pdf,,DA3257630,leeg.pdf,,DA3834761,leeg.pdf,,DA3034610,leeg.pdf,,DA3736445,leeg.pdf,,DA3427430,leeg.pdf,,DA3591093,leeg.pdf,,DA3401859,leeg.pdf,,DA3513318,leeg.pdf,,DA3200607,leeg.pdf,,DA3156784,leeg.pdf,
DA3513678,leeg.pdf,,DA3049325,leeg.pdf,,DA3712756,leeg.pdf,,DA3434803,leeg.pdf,,DA3412064,leeg.pdf,,DA3359127,leeg.pdf,,DA3702846,leeg.pdf,,DA3181422,leeg.pdf,,DA3032653,leeg.pdf,,DA3691660,leeg.pdf,,DA3227473,leeg.pdf,,DA3885515,leeg.pdf,,DA3771275,leeg.pdf,,DA3082344,leeg.pdf,,DA3117437,leeg.pdf,
DA3317400,leeg.pdf,,DA3748032,leeg.pdf,,DA3790001,leeg.pdf,,DA3640124,leeg.pdf,,DA3434768,leeg.pdf,,DA3141759,leeg.pdf,,DA3325251,leeg.pdf,,DA3271338,leeg.pdf,,DA3431000,leeg.pdf,,DA3259466,leeg.pdf,,DA3145431,leeg.pdf,,DA3605055,leeg.pdf,,DA3051198,leeg.pdf,,DA3961561,leeg.pdf,,DA3502542,leeg.pdf,
DA3253457,leeg.pdf,,DA3437581,leeg.pdf,,DA3581746,leeg.pdf,,DA3361524,leeg.pdf,,DA3888427,leeg.pdf,,DA3620628,leeg.pdf,,DA3526868,leeg.pdf,,DA3225977,leeg.pdf,,DA3445239,leeg.pdf,,DA3188099,leeg.pdf,,DA3064747,leeg.pdf,,DA3562336,leeg.pdf,,DA3059022,leeg.pdf,,DA3181363,leeg.pdf,,DA3443939,leeg.pdf,
DA3484619,leeg.pdf,,DA3244043,leeg.pdf,,DA3217255,leeg.pdf,,DA3385257,leeg.pdf,,DA3262499,leeg.pdf,,DA3418773,leeg.pdf,,DA3505324,leeg.pdf,,DA3033688,leeg.pdf,,DA3381037,leeg.pdf,,DA3253614,leeg.pdf,,DA3695448,leeg.pdf,,DA3740659,leeg.pdf,,DA3685083,leeg.pdf,,DA3295695,leeg.pdf,,DA3560068,leeg.pdf,
DA3059420,leeg.pdf,,DA3240459,leeg.pdf,,DA3345448,leeg.pdf,,DA3970209,leeg.pdf,,DA3080768,leeg.pdf,,DA3073116,leeg.pdf,,DA3719073,leeg.pdf,,DA3921845,leeg.pdf,,DA3793351,leeg.pdf,,DA3106102,leeg.pdf,,DA3187466,leeg.pdf,,DA3163735,leeg.pdf,,DA3341576,leeg.pdf,,DA3080453,leeg.pdf,,DA3717743,leeg.pdf,
DA3824506,leeg.pdf,,DA3046005,leeg.pdf,,DA3720956,leeg.pdf,,DA3902300,leeg.pdf,,DA3111710,leeg.pdf,,DA3515168,leeg.pdf,,DA3984529,leeg.pdf,,DA3376528,leeg.pdf,,DA3282789,leeg.pdf,,DA3361131,leeg.pdf,,DA3380597,leeg.pdf,,DA3167359,leeg.pdf,,DA3802430,leeg.pdf,,DA3310419,leeg.pdf,,DA3208434,leeg.pdf,
DA3447973,leeg.pdf,,DA3034282,leeg.pdf,,DA3990378,leeg.pdf,,DA3838031,leeg.pdf,,DA3522835,leeg.pdf,,DA3607117,leeg.pdf,,DA3035610,leeg.pdf,,DA3828225,leeg.pdf,,DA3747199,leeg.pdf,,DA3260981,leeg.pdf,,DA3136904,leeg.pdf,,DA3874025,leeg.pdf,,DA3057640,leeg.pdf,,DA3306033,leeg.pdf,,DA3085867,leeg.pdf,
DA3154552,leeg.pdf,,DA3122457,leeg.pdf,,DA3118887,leeg.pdf,,DA3613799,leeg.pdf,,DA3906585,leeg.pdf,,DA3060422,leeg.pdf,,DA3337165,leeg.pdf,,DA3317554,leeg.pdf,,DA3487588,leeg.pdf,,DA3342476,leeg.pdf,,DA3929214,leeg.pdf,,DA3692918,leeg.pdf,,DA3273545,leeg.pdf,,DA3267802,leeg.pdf,,DA3934666,leeg.pdf,
DA3832786,leeg.pdf,,DA3222986,leeg.pdf,,DA3058331,leeg.pdf,,DA3966314,leeg.pdf,,DA3777221,leeg.pdf,,DA3249329,leeg.pdf,,DA3201396,leeg.pdf,,DA3437370,leeg.pdf,,DA3150830,leeg.pdf,,DA3502914,leeg.pdf,,DA3660643,leeg.pdf,,DA3324849,leeg.pdf,,DA3254392,leeg.pdf,,DA3060716,leeg.pdf,,DA3494914,leeg.pdf,
DA3062480,leeg.pdf,,DA3597375,leeg.pdf,,DA3729772,leeg.pdf,,DA3835467,leeg.pdf,,DA3475885,leeg.pdf,,DA3105465,leeg.pdf,,DA3761062,leeg.pdf,,DA3309075,leeg.pdf,,DA3067877,leeg.pdf,,DA3113144,leeg.pdf,,DA3207425,leeg.pdf,,DA3929815,leeg.pdf,,DA3976876,leeg.pdf,,DA3589905,leeg.pdf,,DA3556027,leeg.pdf,
DA3402846,leeg.pdf,,DA3515325,leeg.pdf,,DA3743287,leeg.pdf,,DA3250299,leeg.pdf,,DA3298987,leeg.pdf,,DA3808323,leeg.pdf,,DA3326286,leeg.pdf,,DA3620069,leeg.pdf,,DA3221696,leeg.pdf,,DA3545349,leeg.pdf,,DA3376162,leeg.pdf,,DA3331182,leeg.pdf,,DA3684200,leeg.pdf,,DA3805390,leeg.pdf,,DA3575234,leeg.pdf,
DA3151887,leeg.pdf,,DA3267261,leeg.pdf,,DA3326176,leeg.pdf,,DA3168979,leeg.pdf,,DA3172385,leeg.pdf,,DA3656831,leeg.pdf,,DA3198924,leeg.pdf,,DA3345655,leeg.pdf,,DA3126064,leeg.pdf,,DA3376696,leeg.pdf,,DA3486985,leeg.pdf,,DA3460209,leeg.pdf,,DA3081543,leeg.pdf,,DA3070581,leeg.pdf,,DA3125592,leeg.pdf,
DA3358500,leeg.pdf,,DA3408531,leeg.pdf,,DA3734226,leeg.pdf,,DA3129758,leeg.pdf,,DA3199955,leeg.pdf,,DA3258743,leeg.pdf,,DA3927147,leeg.pdf,,DA3133760,leeg.pdf,,DA3980393,leeg.pdf,,DA3913138,leeg.pdf,,DA3363395,leeg.pdf,,DA3133660,leeg.pdf,,DA3266452,leeg.pdf,,DA3720715,leeg.pdf,,DA3389672,leeg.pdf,
DA3364721,leeg.pdf,,DA3168269,leeg.pdf,,DA3397883,leeg.pdf,,DA3169339,leeg.pdf,,DA3643419,leeg.pdf,,DA3145400,leeg.pdf,,DA3988521,leeg.pdf,,DA3255317,leeg.pdf,,DA3601102,leeg.pdf,,DA3936082,leeg.pdf,,DA3063061,leeg.pdf,,DA3539838,leeg.pdf,,DA3991663,leeg.pdf,,DA3445047,leeg.pdf,,DA3187848,leeg.pdf,
DA3325682,leeg.pdf,,DA3942294,leeg.pdf,,DA3187649,leeg.pdf,,DA3388369,leeg.pdf,,DA3903156,leeg.pdf,,DA3820244,leeg.pdf,,DA3756378,leeg.pdf,,DA3132718,leeg.pdf,,DA3874936,leeg.pdf,,DA3286844,leeg.pdf,,DA3054546,leeg.pdf,,DA3378285,leeg.pdf,,DA3102590,leeg.pdf,,DA3061242,leeg.pdf,,DA3824076,leeg.pdf,
DA3490838,leeg.pdf,,DA3327100,leeg.pdf,,DA3737753,leeg.pdf,,DA3472069,leeg.pdf,,DA3529129,leeg.pdf,,DA3099946,leeg.pdf,,DA3921946,leeg.pdf,,DA3979399,leeg.pdf,,DA3676813,leeg.pdf,,DA3640257,leeg.pdf,,DA3958318,leeg.pdf,,DA3414269,leeg.pdf,,DA3546996,leeg.pdf,,DA3142614,leeg.pdf,,DA3131389,leeg.pdf,
DA3622459,leeg.pdf,,DA3187197,leeg.pdf,,DA3883545,leeg.pdf,,DA3762956,leeg.pdf,,DA3204343,leeg.pdf,,DA3781214,leeg.pdf,,DA3650311,leeg.pdf,,DA3849200,leeg.pdf,,DA3192175,leeg.pdf,,DA3359217,leeg.pdf,,DA3708869,leeg.pdf,,DA3889949,leeg.pdf,,DA3729281,leeg.pdf,,DA3189479,leeg.pdf,,DA3048759,leeg.pdf,
DA3267725,leeg.pdf,,DA3979061,leeg.pdf,,DA3896905,leeg.pdf,,DA3632940,leeg.pdf,,DA3104104,leeg.pdf,,DA3198872,leeg.pdf,,DA3098977,leeg.pdf,,DA3707171,leeg.pdf,,DA3070328,leeg.pdf,,DA3620994,leeg.pdf,,DA3159682,leeg.pdf,,DA3353417,leeg.pdf,,DA3237977,leeg.pdf,,DA3895361,leeg.pdf,,DA3090725,leeg.pdf,
DA3037491,leeg.pdf,,DA3469360,leeg.pdf,,DA3609049,leeg.pdf,,DA3416848,leeg.pdf,,DA3085403,leeg.pdf,,DA3146501,leeg.pdf,,DA3249986,leeg.pdf,,DA3691847,leeg.pdf,,DA3504917,leeg.pdf,,DA3856022,leeg.pdf,,DA3645950,leeg.pdf,,DA3178763,leeg.pdf,,DA3499550,leeg.pdf,,DA3506192,leeg.pdf,,DA3972242,leeg.pdf,
DA3436819,leeg.pdf,,DA3039993,leeg.pdf,,DA3326735,leeg.pdf,,DA3649315,leeg.pdf,,DA3340440,leeg.pdf,,DA3074518,leeg.pdf,,DA3921138,leeg.pdf,,DA3070260,leeg.pdf,,DA3274415,leeg.pdf,,DA3659558,leeg.pdf,,DA3059497,leeg.pdf,,DA3244491,leeg.pdf,,DA3311814,leeg.pdf,,DA3093765,leeg.pdf,,DA3822607,leeg.pdf,
DA3987476,leeg.pdf,,DA3920176,leeg.pdf,,DA3338286,leeg.pdf,,DA3982971,leeg.pdf,,DA3685078,leeg.pdf,,DA3287249,leeg.pdf,,DA3897567,leeg.pdf,,DA3231241,leeg.pdf,,DA3305851,leeg.pdf,,DA3040902,leeg.pdf,,DA3199525,leeg.pdf,,DA3053813,leeg.pdf,,DA3351409,leeg.pdf,,DA3738597,leeg.pdf,,DA3316235,leeg.pdf,
DA3571345,leeg.pdf,,DA3212609,leeg.pdf,,DA3800471,leeg.pdf,,DA3518212,leeg.pdf,,DA3510802,leeg.pdf,,DA3768446,leeg.pdf,,DA3136512,leeg.pdf,,DA3260273,leeg.pdf,,DA3874559,leeg.pdf,,DA3555351,leeg.pdf,,DA3421981,leeg.pdf,,DA3802049,leeg.pdf,,DA3636321,leeg.pdf,,DA3069000,leeg.pdf,,DA3600464,leeg.pdf,
DA3245021,leeg.pdf,,DA3936323,leeg.pdf,,DA3092094,leeg.pdf,,DA3784436,leeg.pdf,,DA3196398,leeg.pdf,,DA3361219,leeg.pdf,,DA3857486,leeg.pdf,,DA3752545,leeg.pdf,,DA3249297,leeg.pdf,,DA3236858,leeg.pdf,,DA3583070,leeg.pdf,,DA3579850,leeg.pdf,,DA3124067,leeg.pdf,,DA3491648,leeg.pdf,,DA3657365,leeg.pdf,
DA3260136,leeg.pdf,,DA3746300,leeg.pdf,,DA3257103,leeg.pdf,,DA3479411,leeg.pdf,,DA3853072,leeg.pdf,,DA3738728,leeg.pdf,,DA3655359,leeg.pdf,,DA3477285,leeg.pdf,,DA3040193,leeg.pdf,,DA3143188,leeg.pdf,,DA3246042,leeg.pdf,,DA3154675,leeg.pdf,,DA3075269,leeg.pdf,,DA3401004,leeg.pdf,,DA3550210,leeg.pdf,
DA3997669,leeg.pdf,,DA3363309,leeg.pdf,,DA3142594,leeg.pdf,,DA3258208,leeg.pdf,,DA3601080,leeg.pdf,,DA3328742,leeg.pdf,,DA3312473,leeg.pdf,,DA3916841,leeg.pdf,,DA3083462,leeg.pdf,,DA3310442,leeg.pdf,,DA3372788,leeg.pdf,,DA3947102,leeg.pdf,,DA3743415,leeg.pdf,,DA3375724,leeg.pdf,,DA3323675,leeg.pdf,
DA3327701,leeg.pdf,,DA3807958,leeg.pdf,,DA3175585,leeg.pdf,,DA3099028,leeg.pdf,,DA3191367,leeg.pdf,,DA3664516,leeg.pdf,,DA3420946,leeg.pdf,,DA3900327,leeg.pdf,,DA3045663,leeg.pdf,,DA3747379,leeg.pdf,,DA3616084,leeg.pdf,,DA3140758,leeg.pdf,,DA3231131,leeg.pdf,,DA3758954,leeg.pdf,,DA3249587,leeg.pdf,
DA3389550,leeg.pdf,,DA3765676,leeg.pdf,,DA3134308,leeg.pdf,,DA3428919,leeg.pdf,,DA3791274,leeg.pdf,,DA3554249,leeg.pdf,,DA3050943,leeg.pdf,,DA3216844,leeg.pdf,,DA3117629,leeg.pdf,,DA3886597,leeg.pdf,,DA3177196,leeg.pdf,,DA3709954,leeg.pdf,,DA3572878,leeg.pdf,,DA3132760,leeg.pdf,,DA3452329,leeg.pdf,
DA3114830,leeg.pdf,,DA3377983,leeg.pdf,,DA3431019,leeg.pdf,,DA3980631,leeg.pdf,,DA3438397,leeg.pdf,,DA3225856,leeg.pdf,,DA3136166,leeg.pdf,,DA3499951,leeg.pdf,,DA3059718,leeg.pdf,,DA3185613,leeg.pdf,,DA3973179,leeg.pdf,,DA3410841,leeg.pdf,,DA3336382,leeg.pdf,,DA3916809,leeg.pdf,,DA3384762,leeg.pdf,
DA3776776,leeg.pdf,,DA3631736,leeg.pdf,,DA3675945,leeg.pdf,,DA3206844,leeg.pdf,,DA3109582,leeg.pdf,,DA3790571,leeg.pdf,,DA3136942,leeg.pdf,,DA3167829,leeg.pdf,,DA3168772,leeg.pdf,,DA3468778,leeg.pdf,,DA3173053,leeg.pdf,,DA3418138,leeg.pdf,,DA3622672,leeg.pdf,,DA3576790,leeg.pdf,,DA3384396,leeg.pdf,
DA3790477,leeg.pdf,,DA3152470,leeg.pdf,,DA3994543,leeg.pdf,,DA3734550,leeg.pdf,,DA3062672,leeg.pdf,,DA3687933,leeg.pdf,,DA3131373,leeg.pdf,,DA3714664,leeg.pdf,,DA3407300,leeg.pdf,,DA3406217,leeg.pdf,,DA3347438,leeg.pdf,,DA3174260,leeg.pdf,,DA3683574,leeg.pdf,,DA3464359,leeg.pdf,,DA3405333,leeg.pdf,
DA3924337,leeg.pdf,,DA3089495,leeg.pdf,,DA3412978,leeg.pdf,,DA3737644,leeg.pdf,,DA3260321,leeg.pdf,,DA3262569,leeg.pdf,,DA3762003,leeg.pdf,,DA3399028,leeg.pdf,,DA3382211,leeg.pdf,,DA3161556,leeg.pdf,,DA3564233,leeg.pdf,,DA3870462,leeg.pdf,,DA3887044,leeg.pdf,,DA3860842,leeg.pdf,,DA3523339,leeg.pdf,
DA3304211,leeg.pdf,,DA3230071,leeg.pdf,,DA3096782,leeg.pdf,,DA3123978,leeg.pdf,,DA3171094,leeg.pdf,,DA3539502,leeg.pdf,,DA3548959,leeg.pdf,,DA3204712,leeg.pdf,,DA3355447,leeg.pdf,,DA3567492,leeg.pdf,,DA3644956,leeg.pdf,,DA3872469,leeg.pdf,,DA3327696,leeg.pdf,,DA3534881,leeg.pdf,,DA3295790,leeg.pdf,
DA3662344,leeg.pdf,,DA3774814,leeg.pdf,,DA3955555,leeg.pdf,,DA3758678,leeg.pdf,,DA3442793,leeg.pdf,,DA3359428,leeg.pdf,,DA3715584,leeg.pdf,,DA3787589,leeg.pdf,,DA3736825,leeg.pdf,,DA3702878,leeg.pdf,,DA3865541,leeg.pdf,,DA3303401,leeg.pdf,,DA3115112,leeg.pdf,,DA3595773,leeg.pdf,,DA3831147,leeg.pdf,
DA3034106,leeg.pdf,,DA3157268,leeg.pdf,,DA3332887,leeg.pdf,,DA3778918,leeg.pdf,,DA3384089,leeg.pdf,,DA3081356,leeg.pdf,,DA3793681,leeg.pdf,,DA3843356,leeg.pdf,,DA3875935,leeg.pdf,,DA3361431,leeg.pdf,,DA3677404,leeg.pdf,,DA3686197,leeg.pdf,,DA3047927,leeg.pdf,,DA3054463,leeg.pdf,,DA3615533,leeg.pdf,
DA3491164,leeg.pdf,,DA3466353,leeg.pdf,,DA3165249,leeg.pdf,,DA3890080,leeg.pdf,,DA3444958,leeg.pdf,,DA3708841,leeg.pdf,,DA3347885,leeg.pdf,,DA3245430,leeg.pdf,,DA3281237,leeg.pdf,,DA3819764,leeg.pdf,,DA3309725,leeg.pdf,,DA3206101,leeg.pdf,,DA3471804,leeg.pdf,,DA3302648,leeg.pdf,,DA3296969,leeg.pdf,
DA3426335,leeg.pdf,,DA3087478,leeg.pdf,,DA3118289,leeg.pdf,,DA3240962,leeg.pdf,,DA3110104,leeg.pdf,,DA3430319,leeg.pdf,,DA3951972,leeg.pdf,,DA3067450,leeg.pdf,,DA3865873,leeg.pdf,,DA3987942,leeg.pdf,,DA3158597,leeg.pdf,,DA3282646,leeg.pdf,,DA3648785,leeg.pdf,,DA3966863,leeg.pdf,,DA3802335,leeg.pdf,
DA3913045,leeg.pdf,,DA3556891,leeg.pdf,,DA3803910,leeg.pdf,,DA3556780,leeg.pdf,,DA3490612,leeg.pdf,,DA3104471,leeg.pdf,,DA3175919,leeg.pdf,,DA3379748,leeg.pdf,,DA3108291,leeg.pdf,,DA3307578,leeg.pdf,,DA3080784,leeg.pdf,,DA3625882,leeg.pdf,,DA3625410,leeg.pdf,,DA3207631,leeg.pdf,,DA3562993,leeg.pdf,
DA3694545,leeg.pdf,,DA3510468,leeg.pdf,,DA3610222,leeg.pdf,,DA3761341,leeg.pdf,,DA3351263,leeg.pdf,,DA3446197,leeg.pdf,,DA3589881,leeg.pdf,,DA3856621,leeg.pdf,,DA3586197,leeg.pdf,,DA3530128,leeg.pdf,,DA3596660,leeg.pdf,,DA3766612,leeg.pdf,,DA3834077,leeg.pdf,,DA3341313,leeg.pdf,,DA3234080,leeg.pdf,
DA3166908,leeg.pdf,,DA3225942,leeg.pdf,,DA3211385,leeg.pdf,,DA3228654,leeg.pdf,,DA3411876,leeg.pdf,,DA3876469,leeg.pdf,,DA3434415,leeg.pdf,,DA3677727,leeg.pdf,,DA3439241,leeg.pdf,,DA3200794,leeg.pdf,,DA3107954,leeg.pdf,,DA3507051,leeg.pdf,,DA3936660,leeg.pdf,,DA3150444,leeg.pdf,,DA3846273,leeg.pdf,
DA3154929,leeg.pdf,,DA3135863,leeg.pdf,,DA3093893,leeg.pdf,,DA3054779,leeg.pdf,,DA3081369,leeg.pdf,,DA3831076,leeg.pdf,,DA3176687,leeg.pdf,,DA3766312,leeg.pdf,,DA3426476,leeg.pdf,,DA3966871,leeg.pdf,,DA3387036,leeg.pdf,,DA3670173,leeg.pdf,,DA3172357,leeg.pdf,,DA3649219,leeg.pdf,,DA3380042,leeg.pdf,
DA3250904,leeg.pdf,,DA3671580,leeg.pdf,,DA3191248,leeg.pdf,,DA3149102,leeg.pdf,,DA3423379,leeg.pdf,,DA3309181,leeg.pdf,,DA3058249,leeg.pdf,,DA3488275,leeg.pdf,,DA3981065,leeg.pdf,,DA3897144,leeg.pdf,,DA3532555,leeg.pdf,,DA3941417,leeg.pdf,,DA3316290,leeg.pdf,,DA3284975,leeg.pdf,,DA3295283,leeg.pdf,
DA3147770,leeg.pdf,,DA3109430,leeg.pdf,,DA3345495,leeg.pdf,,DA3107120,leeg.pdf,,DA3248686,leeg.pdf,,DA3450544,leeg.pdf,,DA3329375,leeg.pdf,,DA3357598,leeg.pdf,,DA3811268,leeg.pdf,,DA3502857,leeg.pdf,,DA3441326,leeg.pdf,,DA3089870,leeg.pdf,,DA3657372,leeg.pdf,,DA3780453,leeg.pdf,,DA3896785,leeg.pdf,
DA3077825,leeg.pdf,,DA3119234,leeg.pdf,,DA3256783,leeg.pdf,,DA3096727,leeg.pdf,,DA3616008,leeg.pdf,,DA3177056,leeg.pdf,,DA3963098,leeg.pdf,,DA3422648,leeg.pdf,,DA3450292,leeg.pdf,,DA3959673,leeg.pdf,,DA3127783,leeg.pdf,,DA3871321,leeg.pdf,,DA3404645,leeg.pdf,,DA3652729,leeg.pdf,,DA3866724,leeg.pdf,
DA3198972,leeg.pdf,,DA3150432,leeg.pdf,,DA3908192,leeg.pdf,,DA3372138,leeg.pdf,,DA3257713,leeg.pdf,,DA3305990,leeg.pdf,,DA3553841,leeg.pdf,,DA3130970,leeg.pdf,,DA3496586,leeg.pdf,,DA3423131,leeg.pdf,,DA3572994,leeg.pdf,,DA3305962,leeg.pdf,,DA3511288,leeg.pdf,,DA3215773,leeg.pdf,,DA3899286,leeg.pdf,
DA3455698,leeg.pdf,,DA3399748,leeg.pdf,,DA3604262,leeg.pdf,,DA3326465,leeg.pdf,,DA3358010,leeg.pdf,,DA3398252,leeg.pdf,,DA3344841,leeg.pdf,,DA3668505,leeg.pdf,,DA3827582,leeg.pdf,,DA3488803,leeg.pdf,,DA3249307,leeg.pdf,,DA3934973,leeg.pdf,,DA3116907,leeg.pdf,,DA3847606,leeg.pdf,,DA3848765,leeg.pdf,
DA3889015,leeg.pdf,,DA3098848,leeg.pdf,,DA3787386,leeg.pdf,,DA3976997,leeg.pdf,,DA3898441,leeg.pdf,,DA3144105,leeg.pdf,,DA3391124,leeg.pdf,,DA3185366,leeg.pdf,,DA3377296,leeg.pdf,,DA3880312,leeg.pdf,,DA3307421,leeg.pdf,,DA3653259,leeg.pdf,,DA3553102,leeg.pdf,,DA3702007,leeg.pdf,,DA3328484,leeg.pdf,
DA3631009,leeg.pdf,,DA3414048,leeg.pdf,,DA3098019,leeg.pdf,,DA3824225,leeg.pdf,,DA3184702,leeg.pdf,,DA3204547,leeg.pdf,,DA3368464,leeg.pdf,,DA3960157,leeg.pdf,,DA3603467,leeg.pdf,,DA3255020,leeg.pdf,,DA3810940,leeg.pdf,,DA3149268,leeg.pdf,,DA3673672,leeg.pdf,,DA3076170,leeg.pdf,,DA3870262,leeg.pdf,
DA3908740,leeg.pdf,,DA3184732,leeg.pdf,,DA3943137,leeg.pdf,,DA3057950,leeg.pdf,,DA3661359,leeg.pdf,,DA3608137,leeg.pdf,,DA3044755,leeg.pdf,,DA3757305,leeg.pdf,,DA3545187,leeg.pdf,,DA3920228,leeg.pdf,,DA3265369,leeg.pdf,,DA3434765,leeg.pdf,,DA3097858,leeg.pdf,,DA3830735,leeg.pdf,,DA3704164,leeg.pdf,
DA3881656,leeg.pdf,,DA3189426,leeg.pdf,,DA3883527,leeg.pdf,,DA3365511,leeg.pdf,,DA3560953,leeg.pdf,,DA3838646,leeg.pdf,,DA3154125,leeg.pdf,,DA3786510,leeg.pdf,,DA3941570,leeg.pdf,,DA3482085,leeg.pdf,,DA3043688,leeg.pdf,,DA3830439,leeg.pdf,,DA3088476,leeg.pdf,,DA3383523,leeg.pdf,,DA3558767,leeg.pdf,
DA3568669,leeg.pdf,,DA3575096,leeg.pdf,,DA3434866,leeg.pdf,,DA3852473,leeg.pdf,,DA3512696,leeg.pdf,,DA3076665,leeg.pdf,,DA3416607,leeg.pdf,,DA3333399,leeg.pdf,,DA3169926,leeg.pdf,,DA3410514,leeg.pdf,,DA3274651,leeg.pdf,,DA3690395,leeg.pdf,,DA3461258,leeg.pdf,,DA3266571,leeg.pdf,,DA3289402,leeg.pdf,
DA3147634,leeg.pdf,,DA3773635,leeg.pdf,,DA3798038,leeg.pdf,,DA3296333,leeg.pdf,,DA3727998,leeg.pdf,,DA3120375,leeg.pdf,,DA3852314,leeg.pdf,,DA3102042,leeg.pdf,,DA3470880,leeg.pdf,,DA3075884,leeg.pdf,,DA3078923,leeg.pdf,,DA3756245,leeg.pdf,,DA3348629,leeg.pdf,,DA3963180,leeg.pdf,,DA3121309,leeg.pdf,
DA3521878,leeg.pdf,,DA3451178,leeg.pdf,,DA3408240,leeg.pdf,,DA3222467,leeg.pdf,,DA3447625,leeg.pdf,,DA3057155,leeg.pdf,,DA3201575,leeg.pdf,,DA3525260,leeg.pdf,,DA3134589,leeg.pdf,,DA3834844,leeg.pdf,,DA3945712,leeg.pdf,,DA3228988,leeg.pdf,,DA3569698,leeg.pdf,,DA3103731,leeg.pdf,,DA3419254,leeg.pdf,
DA3041478,leeg.pdf,,DA3982269,leeg.pdf,,DA3211187,leeg.pdf,,DA3185862,leeg.pdf,,DA3184528,leeg.pdf,,DA3380020,leeg.pdf,,DA3045951,leeg.pdf,,DA3853096,leeg.pdf,,DA3806735,leeg.pdf,,DA3306443,leeg.pdf,,DA3297663,leeg.pdf,,DA3888091,leeg.pdf,,DA3206999,leeg.pdf,,DA3318666,leeg.pdf,,DA3797793,leeg.pdf,
DA3174342,leeg.pdf,,DA3849138,leeg.pdf,,DA3386478,leeg.pdf,,DA3231487,leeg.pdf,,DA3451768,leeg.pdf,,DA3395483,leeg.pdf,,DA3810172,leeg.pdf,,DA3346096,leeg.pdf,,DA3310410,leeg.pdf,,DA3980466,leeg.pdf,,DA3264212,leeg.pdf,,DA3413338,leeg.pdf,,DA3996205,leeg.pdf,,DA3459014,leeg.pdf,,DA3971391,leeg.pdf,
DA3340673,leeg.pdf,,DA3139904,leeg.pdf,,DA3468878,leeg.pdf,,DA3058973,leeg.pdf,,DA3681328,leeg.pdf,,DA3140650,leeg.pdf,,DA3230256,leeg.pdf,,DA3260020,leeg.pdf,,DA3618709,leeg.pdf,,DA3100959,leeg.pdf,,DA3697872,leeg.pdf,,DA3143016,leeg.pdf,,DA3571717,leeg.pdf,,DA3517942,leeg.pdf,,DA3085691,leeg.pdf,
DA3953595,leeg.pdf,,DA3075014,leeg.pdf,,DA3515057,leeg.pdf,,DA3267548,leeg.pdf,,DA3067209,leeg.pdf,,DA3030236,leeg.pdf,,DA3763177,leeg.pdf,,DA3120389,leeg.pdf,,DA3280234,leeg.pdf,,DA3076270,leeg.pdf,,DA3651450,leeg.pdf,,DA3504503,leeg.pdf,,DA3363779,leeg.pdf,,DA3185796,leeg.pdf,,DA3196112,leeg.pdf,
DA3435434,leeg.pdf,,DA3381146,leeg.pdf,,DA3204251,leeg.pdf,,DA3146773,leeg.pdf,,DA3284566,leeg.pdf,,DA3241494,leeg.pdf,,DA3516954,leeg.pdf,,DA3189600,leeg.pdf,,DA3564653,leeg.pdf,,DA3367620,leeg.pdf,,DA3345815,leeg.pdf,,DA3844655,leeg.pdf,,DA3501471,leeg.pdf,,DA3056108,leeg.pdf,,DA3409416,leeg.pdf,
DA3140060,leeg.pdf,,DA3359190,leeg.pdf,,DA3558143,leeg.pdf,,DA3446644,leeg.pdf,,DA3424145,leeg.pdf,,DA3425773,leeg.pdf,,DA3326190,leeg.pdf,,DA3248712,leeg.pdf,,DA3384490,leeg.pdf,,DA3546687,leeg.pdf,,DA3059175,leeg.pdf,,DA3080654,leeg.pdf,,DA3096098,leeg.pdf,,DA3276097,leeg.pdf,,DA3633353,leeg.pdf,
DA3199326,leeg.pdf,,DA3823908,leeg.pdf,,DA3056137,leeg.pdf,,DA3869325,leeg.pdf,,DA3469859,leeg.pdf,,DA3472187,leeg.pdf,,DA3767946,leeg.pdf,,DA3487220,leeg.pdf,,DA3268439,leeg.pdf,,DA3440802,leeg.pdf,,DA3722505,leeg.pdf,,DA3064625,leeg.pdf,,DA3090356,leeg.pdf,,DA3738377,leeg.pdf,,DA3097126,leeg.pdf,
DA3550619,leeg.pdf,,DA3861461,leeg.pdf,,DA3396461,leeg.pdf,,DA3992651,leeg.pdf,,DA3782649,leeg.pdf,,DA3308353,leeg.pdf,,DA3325768,leeg.pdf,,DA3691516,leeg.pdf,,DA3981764,leeg.pdf,,DA3797183,leeg.pdf,,DA3093487,leeg.pdf,,DA3243551,leeg.pdf,,DA3081319,leeg.pdf,,DA3843966,leeg.pdf,,DA3675071,leeg.pdf,
DA3276860,leeg.pdf,,DA3313373,leeg.pdf,,DA3210203,leeg.pdf,,DA3348982,leeg.pdf,,DA3205038,leeg.pdf,,DA3756441,leeg.pdf,,DA3808803,leeg.pdf,,DA3536594,leeg.pdf,,DA3063098,leeg.pdf,,DA3906655,leeg.pdf,,DA3752471,leeg.pdf,,DA3696468,leeg.pdf,,DA3364246,leeg.pdf,,DA3307481,leeg.pdf,,DA3261930,leeg.pdf,
DA3163108,leeg.pdf,,DA3191084,leeg.pdf,,DA3920621,leeg.pdf,,DA3784987,leeg.pdf,,DA3053814,leeg.pdf,,DA3937099,leeg.pdf,,DA3394309,leeg.pdf,,DA3937866,leeg.pdf,,DA3309457,leeg.pdf,,DA3535518,leeg.pdf,,DA3233650,leeg.pdf,,DA3710148,leeg.pdf,,DA3038138,leeg.pdf,,DA3415216,leeg.pdf,,DA3096477,leeg.pdf,
DA3444344,leeg.pdf,,DA3504785,leeg.pdf,,DA3037215,leeg.pdf,,DA3859648,leeg.pdf,,DA3467265,leeg.pdf,,DA3438230,leeg.pdf,,DA3782930,leeg.pdf,,DA3551107,leeg.pdf,,DA3298409,leeg.pdf,,DA3310142,leeg.pdf,,DA3857753,leeg.pdf,,DA3637766,leeg.pdf,,DA3454539,leeg.pdf,,DA3476480,leeg.pdf,,DA3958422,leeg.pdf,
DA3350467,leeg.pdf,,DA3394319,leeg.pdf,,DA3135130,leeg.pdf,,DA3226234,leeg.pdf,,DA3266913,leeg.pdf,,DA3189399,leeg.pdf,,DA3058058,leeg.pdf,,DA3122578,leeg.pdf,,DA3164495,leeg.pdf,,DA3059571,leeg.pdf,,DA3436179,leeg.pdf,,DA3830729,leeg.pdf,,DA3558103,leeg.pdf,,DA3268691,leeg.pdf,,DA3553967,leeg.pdf,
DA3122707,leeg.pdf,,DA3446545,leeg.pdf,,DA3278411,leeg.pdf,,DA3538889,leeg.pdf,,DA3412909,leeg.pdf,,DA3511222,leeg.pdf,,DA3662488,leeg.pdf,,DA3264316,leeg.pdf,,DA3689665,leeg.pdf,,DA3759324,leeg.pdf,,DA3859728,leeg.pdf,,DA3039867,leeg.pdf,,DA3188582,leeg.pdf,,DA3941014,leeg.pdf,,DA3853465,leeg.pdf,
DA3035631,leeg.pdf,,DA3395714,leeg.pdf,,DA3523484,leeg.pdf,,DA3249953,leeg.pdf,,DA3663807,leeg.pdf,,DA3501773,leeg.pdf,,DA3876993,leeg.pdf,,DA3052796,leeg.pdf,,DA3316597,leeg.pdf,,DA3349489,leeg.pdf,,DA3553990,leeg.pdf,,DA3205862,leeg.pdf,,DA3569874,leeg.pdf,,DA3362649,leeg.pdf,,DA3179094,leeg.pdf,
DA3164232,leeg.pdf,,DA3490086,leeg.pdf,,DA3081065,leeg.pdf,,DA3720372,leeg.pdf,,DA3083982,leeg.pdf,,DA3949292,leeg.pdf,,DA3923728,leeg.pdf,,DA3560839,leeg.pdf,,DA3185764,leeg.pdf,,DA3368520,leeg.pdf,,DA3226711,leeg.pdf,,DA3269072,leeg.pdf,,DA3557382,leeg.pdf,,DA3978319,leeg.pdf,,DA3860583,leeg.pdf,
DA3274312,leeg.pdf,,DA3153960,leeg.pdf,,DA3896334,leeg.pdf,,DA3112886,leeg.pdf,,DA3373985,leeg.pdf,,DA3040693,leeg.pdf,,DA3616757,leeg.pdf,,DA3561527,leeg.pdf,,DA3335091,leeg.pdf,,DA3069802,leeg.pdf,,DA3718008,leeg.pdf,,DA3064666,leeg.pdf,,DA3307729,leeg.pdf,,DA3122447,leeg.pdf,,DA3044922,leeg.pdf,
DA3497855,leeg.pdf,,DA3165797,leeg.pdf,,DA3905285,leeg.pdf,,DA3096888,leeg.pdf,,DA3216889,leeg.pdf,,DA3410401,leeg.pdf,,DA3431951,leeg.pdf,,DA3082485,leeg.pdf,,DA3208550,leeg.pdf,,DA3597249,leeg.pdf,,DA3662438,leeg.pdf,,DA3837368,leeg.pdf,,DA3132732,leeg.pdf,,DA3502689,leeg.pdf,,DA3143153,leeg.pdf,
DA3643373,leeg.pdf,,DA3142633,leeg.pdf,,DA3857342,leeg.pdf,,DA3292486,leeg.pdf,,DA3603438,leeg.pdf,,DA3222924,leeg.pdf,,DA3515398,leeg.pdf,,DA3278404,leeg.pdf,,DA3156357,leeg.pdf,,DA3953573,leeg.pdf,,DA3278172,leeg.pdf,,DA3182326,leeg.pdf,,DA3864257,leeg.pdf,,DA3062648,leeg.pdf,,DA3197744,leeg.pdf,
DA3856185,leeg.pdf,,DA3243277,leeg.pdf,,DA3262806,leeg.pdf,,DA3374253,leeg.pdf,,DA3504401,leeg.pdf,,DA3376861,leeg.pdf,,DA3094487,leeg.pdf,,DA3193366,leeg.pdf,,DA3178553,leeg.pdf,,DA3451391,leeg.pdf,,DA3120921,leeg.pdf,,DA3846820,leeg.pdf,,DA3576061,leeg.pdf,,DA3313254,leeg.pdf,,DA3310240,leeg.pdf,
DA3126063,leeg.pdf,,DA3928277,leeg.pdf,,DA3721847,leeg.pdf,,DA3696663,leeg.pdf,,DA3135569,leeg.pdf,,DA3528714,leeg.pdf,,DA3179526,leeg.pdf,,DA3623364,leeg.pdf,,DA3101596,leeg.pdf,,DA3106292,leeg.pdf,,DA3098374,leeg.pdf,,DA3159633,leeg.pdf,,DA3492710,leeg.pdf,,DA3172499,leeg.pdf,,DA3437226,leeg.pdf,
DA3457381,leeg.pdf,,DA3336688,leeg.pdf,,DA3072557,leeg.pdf,,DA3314552,leeg.pdf,,DA3728034,leeg.pdf,,DA3493363,leeg.pdf,,DA3426135,leeg.pdf,,DA3575224,leeg.pdf,,DA3646054,leeg.pdf,,DA3757580,leeg.pdf,,DA3684039,leeg.pdf,,DA3709486,leeg.pdf,,DA3401627,leeg.pdf,,DA3220114,leeg.pdf,,DA3204070,leeg.pdf,
DA3837598,leeg.pdf,,DA3238979,leeg.pdf,,DA3321734,leeg.pdf,,DA3152655,leeg.pdf,,DA3406255,leeg.pdf,,DA3610025,leeg.pdf,,DA3662062,leeg.pdf,,DA3137897,leeg.pdf,,DA3168941,leeg.pdf,,DA3213323,leeg.pdf,,DA3403231,leeg.pdf,,DA3544870,leeg.pdf,,DA3577992,leeg.pdf,,DA3240711,leeg.pdf,,DA3124009,leeg.pdf,
DA3544242,leeg.pdf,,DA3440059,leeg.pdf,,DA3305773,leeg.pdf,,DA3041812,leeg.pdf,,DA3116684,leeg.pdf,,DA3293882,leeg.pdf,,DA3201728,leeg.pdf,,DA3555231,leeg.pdf,,DA3032191,leeg.pdf,,DA3261876,leeg.pdf,,DA3304983,leeg.pdf,,DA3194858,leeg.pdf,,DA3396727,leeg.pdf,,DA3082656,leeg.pdf,,DA3886988,leeg.pdf,
DA3426278,leeg.pdf,,DA3332371,leeg.pdf,,DA3576653,leeg.pdf,,DA3929597,leeg.pdf,,DA3327739,leeg.pdf,,DA3816388,leeg.pdf,,DA3278897,leeg.pdf,,DA3459551,leeg.pdf,,DA3056754,leeg.pdf,,DA3238043,leeg.pdf,,DA3155251,leeg.pdf,,DA3779176,leeg.pdf,,DA3239174,leeg.pdf,,DA3080809,leeg.pdf,,DA3031335,leeg.pdf,
DA3350575,leeg.pdf,,DA3764890,leeg.pdf,,DA3085690,leeg.pdf,,DA3239666,leeg.pdf,,DA3582497,leeg.pdf,,DA3982512,leeg.pdf,,DA3268036,leeg.pdf,,DA3448309,leeg.pdf,,DA3091644,leeg.pdf,,DA3307960,leeg.pdf,,DA3201049,leeg.pdf,,DA3633657,leeg.pdf,,DA3939911,leeg.pdf,,DA3340840,leeg.pdf,,DA3821740,leeg.pdf,
DA3740456,leeg.pdf,,DA3990241,leeg.pdf,,DA3734462,leeg.pdf,,DA3176123,leeg.pdf,,DA3237184,leeg.pdf,,DA3509863,leeg.pdf,,DA3662745,leeg.pdf,,DA3276372,leeg.pdf,,DA3245451,leeg.pdf,,DA3897199,leeg.pdf,,DA3324826,leeg.pdf,,DA3138951,leeg.pdf,,DA3302872,leeg.pdf,,DA3819748,leeg.pdf,,DA3667812,leeg.pdf,
DA3770453,leeg.pdf,,DA3248311,leeg.pdf,,DA3814908,leeg.pdf,,DA3946314,leeg.pdf,,DA3758000,leeg.pdf,,DA3527318,leeg.pdf,,DA3416413,leeg.pdf,,DA3061170,leeg.pdf,,DA3800010,leeg.pdf,,DA3504155,leeg.pdf,,DA3596061,leeg.pdf,,DA3876834,leeg.pdf,,DA3148321,leeg.pdf,,DA3310915,leeg.pdf,,DA3920025,leeg.pdf,
DA3591338,leeg.pdf,,DA3094171,leeg.pdf,,DA3526729,leeg.pdf,,DA3369337,leeg.pdf,,DA3626596,leeg.pdf,,DA3499206,leeg.pdf,,DA3212916,leeg.pdf,,DA3140320,leeg.pdf,,DA3801894,leeg.pdf,,DA3363848,leeg.pdf,,DA3902059,leeg.pdf,,DA3393149,leeg.pdf,,DA3356568,leeg.pdf,,DA3320752,leeg.pdf,,DA3162816,leeg.pdf,
DA3095068,leeg.pdf,,DA3146725,leeg.pdf,,DA3414395,leeg.pdf,,DA3513741,leeg.pdf,,DA3165683,leeg.pdf,,DA3107042,leeg.pdf,,DA3291911,leeg.pdf,,DA3087724,leeg.pdf,,DA3106163,leeg.pdf,,DA3353656,leeg.pdf,,DA3302770,leeg.pdf,,DA3494300,leeg.pdf,,DA3725962,leeg.pdf,,DA3252689,leeg.pdf,,DA3221576,leeg.pdf,
DA3891901,leeg.pdf,,DA3818792,leeg.pdf,,DA3332884,leeg.pdf,,DA3410367,leeg.pdf,,DA3110793,leeg.pdf,,DA3917950,leeg.pdf,,DA3887082,leeg.pdf,,DA3522554,leeg.pdf,,DA3777329,leeg.pdf,,DA3199428,leeg.pdf,,DA3063754,leeg.pdf,,DA3237801,leeg.pdf,,DA3600312,leeg.pdf,,DA3136475,leeg.pdf,,DA3068539,leeg.pdf,
DA3286122,leeg.pdf,,DA3395013,leeg.pdf,,DA3779953,leeg.pdf,,DA3635151,leeg.pdf,,DA3404271,leeg.pdf,,DA3337722,leeg.pdf,,DA3943112,leeg.pdf,,DA3395150,leeg.pdf,,DA3145133,leeg.pdf,,DA3951817,leeg.pdf,,DA3755692,leeg.pdf,,DA3655929,leeg.pdf,,DA3223317,leeg.pdf,,DA3987955,leeg.pdf,,DA3844891,leeg.pdf,
DA3489815,leeg.pdf,,DA3355264,leeg.pdf,,DA3358894,leeg.pdf,,DA3181373,leeg.pdf,,DA3202573,leeg.pdf,,DA3319653,leeg.pdf,,DA3468863,leeg.pdf,,DA3548973,leeg.pdf,,DA3810557,leeg.pdf,,DA3610721,leeg.pdf,,DA3553600,leeg.pdf,,DA3742465,leeg.pdf,,DA3177339,leeg.pdf,,DA3783631,leeg.pdf,,DA3365251,leeg.pdf,
DA3581377,leeg.pdf,,DA3470706,leeg.pdf,,DA3179043,leeg.pdf,,DA3117917,leeg.pdf,,DA3069876,leeg.pdf,,DA3399351,leeg.pdf,,DA3178719,leeg.pdf,,DA3267156,leeg.pdf,,DA3154472,leeg.pdf,,DA3337702,leeg.pdf,,DA3603565,leeg.pdf,,DA3317395,leeg.pdf,,DA3300455,leeg.pdf,,DA3078287,leeg.pdf,,DA3483667,leeg.pdf,
DA3099113,leeg.pdf,,DA3330758,leeg.pdf,,DA3069106,leeg.pdf,,DA3311482,leeg.pdf,,DA3253840,leeg.pdf,,DA3716683,leeg.pdf,,DA3117881,leeg.pdf,,DA3868286,leeg.pdf,,DA3183456,leeg.pdf,,DA3636063,leeg.pdf,,DA3463001,leeg.pdf,,DA3508760,leeg.pdf,,DA3426723,leeg.pdf,,DA3112270,leeg.pdf,,DA3616508,leeg.pdf,
DA3262814,leeg.pdf,,DA3334159,leeg.pdf,,DA3386866,leeg.pdf,,DA3621694,leeg.pdf,,DA3407169,leeg.pdf,,DA3105043,leeg.pdf,,DA3404640,leeg.pdf,,DA3827590,leeg.pdf,,DA3189707,leeg.pdf,,DA3317518,leeg.pdf,,DA3244843,leeg.pdf,,DA3169291,leeg.pdf,,DA3519165,leeg.pdf,,DA3102890,leeg.pdf,,DA3341456,leeg.pdf,
DA3971188,leeg.pdf,,DA3159859,leeg.pdf,,DA3975877,leeg.pdf,,DA3157997,leeg.pdf,,DA3263764,leeg.pdf,,DA3163129,leeg.pdf,,DA3473715,leeg.pdf,,DA3595369,leeg.pdf,,DA3436549,leeg.pdf,,DA3387756,leeg.pdf,,DA3803508,leeg.pdf,,DA3701775,leeg.pdf,,DA3374843,leeg.pdf,,DA3984047,leeg.pdf,,DA3535303,leeg.pdf,
DA3669085,leeg.pdf,,DA3105653,leeg.pdf,,DA3248774,leeg.pdf,,DA3107851,leeg.pdf,,DA3135100,leeg.pdf,,DA3075997,leeg.pdf,,DA3515059,leeg.pdf,,DA3182861,leeg.pdf,,DA3677748,leeg.pdf,,DA3893639,leeg.pdf,,DA3324261,leeg.pdf,,DA3874692,leeg.pdf,,DA3893963,leeg.pdf,,DA3250137,leeg.pdf,,DA3514428,leeg.pdf,
DA3735918,leeg.pdf,,DA3051397,leeg.pdf,,DA3120068,leeg.pdf,,DA3465596,leeg.pdf,,DA3096652,leeg.pdf,,DA3075890,leeg.pdf,,DA3547781,leeg.pdf,,DA3057146,leeg.pdf,,DA3988599,leeg.pdf,,DA3687398,leeg.pdf,,DA3422528,leeg.pdf,,DA3134697,leeg.pdf,,DA3373905,leeg.pdf,,DA3391423,leeg.pdf,,DA3219842,leeg.pdf,
DA3982756,leeg.pdf,,DA3467053,leeg.pdf,,DA3941038,leeg.pdf,,DA3923027,leeg.pdf,,DA3452573,leeg.pdf,,DA3820465,leeg.pdf,,DA3273222,leeg.pdf,,DA3759694,leeg.pdf,,DA3658178,leeg.pdf,,DA3211969,leeg.pdf,,DA3361949,leeg.pdf,,DA3963080,leeg.pdf,,DA3264845,leeg.pdf,,DA3818756,leeg.pdf,,DA3167387,leeg.pdf,
DA3534985,leeg.pdf,,DA3109645,leeg.pdf,,DA3886928,leeg.pdf,,DA3845759,leeg.pdf,,DA3818969,leeg.pdf,,DA3203458,leeg.pdf,,DA3777062,leeg.pdf,,DA3893563,leeg.pdf,,DA3249960,leeg.pdf,,DA3670349,leeg.pdf,,DA3705160,leeg.pdf,,DA3717995,leeg.pdf,,DA3064327,leeg.pdf,,DA3392066,leeg.pdf,,DA3562655,leeg.pdf,
DA3203862,leeg.pdf,,DA3037851,leeg.pdf,,DA3284105,leeg.pdf,,DA3625111,leeg.pdf,,DA3470266,leeg.pdf,,DA3199112,leeg.pdf,,DA3807096,leeg.pdf,,DA3748415,leeg.pdf,,DA3154203,leeg.pdf,,DA3690443,leeg.pdf,,DA3864517,leeg.pdf,,DA3271007,leeg.pdf,,DA3111835,leeg.pdf,,DA3308138,leeg.pdf,,DA3119150,leeg.pdf,
DA3124653,leeg.pdf,,DA3293007,leeg.pdf,,DA3531659,leeg.pdf,,DA3492612,leeg.pdf,,DA3761357,leeg.pdf,,DA3466200,leeg.pdf,,DA3835260,leeg.pdf,,DA3632113,leeg.pdf,,DA3968638,leeg.pdf,,DA3822646,leeg.pdf,,DA3312102,leeg.pdf,,DA3458612,leeg.pdf,,DA3127465,leeg.pdf,,DA3449104,leeg.pdf,,DA3862803,leeg.pdf,
DA3929192,leeg.pdf,,DA3271325,leeg.pdf,,DA3218300,leeg.pdf,,DA3681806,leeg.pdf,,DA3227370,leeg.pdf,,DA3380766,leeg.pdf,,DA3378075,leeg.pdf,,DA3436809,leeg.pdf,,DA3923559,leeg.pdf,,DA3383998,leeg.pdf,,DA3196053,leeg.pdf,,DA3319213,leeg.pdf,,DA3400196,leeg.pdf,,DA3129535,leeg.pdf,,DA3244947,leeg.pdf,
DA3692754,leeg.pdf,,DA3863951,leeg.pdf,,DA3123424,leeg.pdf,,DA3201806,leeg.pdf,,DA3602663,leeg.pdf,,DA3156227,leeg.pdf,,DA3098409,leeg.pdf,,DA3258352,leeg.pdf,,DA3997173,leeg.pdf,,DA3639233,leeg.pdf,,DA3708814,leeg.pdf,,DA3242027,leeg.pdf,,DA3167144,leeg.pdf,,DA3151009,leeg.pdf,,DA3292963,leeg.pdf,
DA3101833,leeg.pdf,,DA3583815,leeg.pdf,,DA3256850,leeg.pdf,,DA3051193,leeg.pdf,,DA3498443,leeg.pdf,,DA3135688,leeg.pdf,,DA3219168,leeg.pdf,,DA3225153,leeg.pdf,,DA3169325,leeg.pdf,,DA3497995,leeg.pdf,,DA3759441,leeg.pdf,,DA3903646,leeg.pdf,,DA3555177,leeg.pdf,,DA3531457,leeg.pdf,,DA3505149,leeg.pdf,
DA3287285,leeg.pdf,,DA3188891,leeg.pdf,,DA3968249,leeg.pdf,,DA3628013,leeg.pdf,,DA3352945,leeg.pdf,,DA3149681,leeg.pdf,,DA3324706,leeg.pdf,,DA3792623,leeg.pdf,,DA3240306,leeg.pdf,,DA3107239,leeg.pdf,,DA3354005,leeg.pdf,,DA3605231,leeg.pdf,,DA3043796,leeg.pdf,,DA3128840,leeg.pdf,,DA3284444,leeg.pdf,
DA3836431,leeg.pdf,,DA3399275,leeg.pdf,,DA3585225,leeg.pdf,,DA3764148,leeg.pdf,,DA3323273,leeg.pdf,,DA3112144,leeg.pdf,,DA3198908,leeg.pdf,,DA3208918,leeg.pdf,,DA3771883,leeg.pdf,,DA3330200,leeg.pdf,,DA3728923,leeg.pdf,,DA3235090,leeg.pdf,,DA3476027,leeg.pdf,,DA3103276,leeg.pdf,,DA3129853,leeg.pdf,
DA3228819,leeg.pdf,,DA3596565,leeg.pdf,,DA3152410,leeg.pdf,,DA3563385,leeg.pdf,,DA3545679,leeg.pdf,,DA3885594,leeg.pdf,,DA3302875,leeg.pdf,,DA3685857,leeg.pdf,,DA3094974,leeg.pdf,,DA3251388,leeg.pdf,,DA3107259,leeg.pdf,,DA3856691,leeg.pdf,,DA3619227,leeg.pdf,,DA3282583,leeg.pdf,,DA3169331,leeg.pdf,
DA3532298,leeg.pdf,,DA3352476,leeg.pdf,,DA3772767,leeg.pdf,,DA3924614,leeg.pdf,,DA3110000,leeg.pdf,,DA3113279,leeg.pdf,,DA3735888,leeg.pdf,,DA3259992,leeg.pdf,,DA3440069,leeg.pdf,,DA3360049,leeg.pdf,,DA3655366,leeg.pdf,,DA3606516,leeg.pdf,,DA3725412,leeg.pdf,,DA3957351,leeg.pdf,,DA3039492,leeg.pdf,
DA3601213,leeg.pdf,,DA3264143,leeg.pdf,,DA3052624,leeg.pdf,,DA3082632,leeg.pdf,,DA3141425,leeg.pdf,,DA3512429,leeg.pdf,,DA3177361,leeg.pdf,,DA3040711,leeg.pdf,,DA3038377,leeg.pdf,,DA3451793,leeg.pdf,,DA3219727,leeg.pdf,,DA3104598,leeg.pdf,,DA3350273,leeg.pdf,,DA3068122,leeg.pdf,,DA3073724,leeg.pdf,
DA3919928,leeg.pdf,,DA3512088,leeg.pdf,,DA3282157,leeg.pdf,,DA3214437,leeg.pdf,,DA3200350,leeg.pdf,,DA3495266,leeg.pdf,,DA3749261,leeg.pdf,,DA3085370,leeg.pdf,,DA3110519,leeg.pdf,,DA3181883,leeg.pdf,,DA3454654,leeg.pdf,,DA3206602,leeg.pdf,,DA3989540,leeg.pdf,,DA3574338,leeg.pdf,,DA3072432,leeg.pdf,
DA3355650,leeg.pdf,,DA3647173,leeg.pdf,,DA3422210,leeg.pdf,,DA3561129,leeg.pdf,,DA3969955,leeg.pdf,,DA3251951,leeg.pdf,,DA3116467,leeg.pdf,,DA3083394,leeg.pdf,,DA3232107,leeg.pdf,,DA3219172,leeg.pdf,,DA3589746,leeg.pdf,,DA3174839,leeg.pdf,,DA3036037,leeg.pdf,,DA3730799,leeg.pdf,,DA3563904,leeg.pdf,
DA3474795,leeg.pdf,,DA3087772,leeg.pdf,,DA3062514,leeg.pdf,,DA3501279,leeg.pdf,,DA3767435,leeg.pdf,,DA3673436,leeg.pdf,,DA3583530,leeg.pdf,,DA3252755,leeg.pdf,,DA3675567,leeg.pdf,,DA3157736,leeg.pdf,,DA3914936,leeg.pdf,,DA3059131,leeg.pdf,,DA3088034,leeg.pdf,,DA3690025,leeg.pdf,,DA3943407,leeg.pdf,
DA3697132,leeg.pdf,,DA3682711,leeg.pdf,,DA3236902,leeg.pdf,,DA3455304,leeg.pdf,,DA3041137,leeg.pdf,,DA3909064,leeg.pdf,,DA3490340,leeg.pdf,,DA3415923,leeg.pdf,,DA3444236,leeg.pdf,,DA3856802,leeg.pdf,,DA3370877,leeg.pdf,,DA3043231,leeg.pdf,,DA3775923,leeg.pdf,,DA3555931,leeg.pdf,,DA3463255,leeg.pdf,
DA3857915,leeg.pdf,,DA3113286,leeg.pdf,,DA3577457,leeg.pdf,,DA3931195,leeg.pdf,,DA3416876,leeg.pdf,,DA3089634,leeg.pdf,,DA3821803,leeg.pdf,,DA3269877,leeg.pdf,,DA3336530,leeg.pdf,,DA3367538,leeg.pdf,,DA3948349,leeg.pdf,,DA3163386,leeg.pdf,,DA3860627,leeg.pdf,,DA3351508,leeg.pdf,,DA3074413,leeg.pdf,
DA3056646,leeg.pdf,,DA3243717,leeg.pdf,,DA3449070,leeg.pdf,,DA3058694,leeg.pdf,,DA3435827,leeg.pdf,,DA3301290,leeg.pdf,,DA3479091,leeg.pdf,,DA3869045,leeg.pdf,,DA3798689,leeg.pdf,,DA3080457,leeg.pdf,,DA3490334,leeg.pdf,,DA3711715,leeg.pdf,,DA3315459,leeg.pdf,,DA3730223,leeg.pdf,,DA3216650,leeg.pdf,
DA3150885,leeg.pdf,,DA3358044,leeg.pdf,,DA3350421,leeg.pdf,,DA3435023,leeg.pdf,,DA3427278,leeg.pdf,,DA3377611,leeg.pdf,,DA3200348,leeg.pdf,,DA3713380,leeg.pdf,,DA3936708,leeg.pdf,,DA3573300,leeg.pdf,,DA3138308,leeg.pdf,,DA3653156,leeg.pdf,,DA3362454,leeg.pdf,,DA3516317,leeg.pdf,,DA3101506,leeg.pdf,
DA3229883,leeg.pdf,,DA3180888,leeg.pdf,,DA3086922,leeg.pdf,,DA3797346,leeg.pdf,,DA3239974,leeg.pdf,,DA3410865,leeg.pdf,,DA3532052,leeg.pdf,,DA3231066,leeg.pdf,,DA3472003,leeg.pdf,,DA3689498,leeg.pdf,,DA3361766,leeg.pdf,,DA3226442,leeg.pdf,,DA3193985,leeg.pdf,,DA3357196,leeg.pdf,,DA3558727,leeg.pdf,
DA3207657,leeg.pdf,,DA3132238,leeg.pdf,,DA3481007,leeg.pdf,,DA3624796,leeg.pdf,,DA3385903,leeg.pdf,,DA3266208,leeg.pdf,,DA3646089,leeg.pdf,,DA3060747,leeg.pdf,,DA3366107,leeg.pdf,,DA3449476,leeg.pdf,,DA3151104,leeg.pdf,,DA3098666,leeg.pdf,,DA3219216,leeg.pdf,,DA3725459,leeg.pdf,,DA3714157,leeg.pdf,
DA3334256,leeg.pdf,,DA3108341,leeg.pdf,,DA3294095,leeg.pdf,,DA3405940,leeg.pdf,,DA3252496,leeg.pdf,,DA3379389,leeg.pdf,,DA3123531,leeg.pdf,,DA3331109,leeg.pdf,,DA3292512,leeg.pdf,,DA3523411,leeg.pdf,,DA3680182,leeg.pdf,,DA3131343,leeg.pdf,,DA3731380,leeg.pdf,,DA3104059,leeg.pdf,,DA3776513,leeg.pdf,
DA3420520,leeg.pdf,,DA3798922,leeg.pdf,,DA3275234,leeg.pdf,,DA3822935,leeg.pdf,,DA3163445,leeg.pdf,,DA3380208,leeg.pdf,,DA3675043,leeg.pdf,,DA3224599,leeg.pdf,,DA3421229,leeg.pdf,,DA3464523,leeg.pdf,,DA3058343,leeg.pdf,,DA3092535,leeg.pdf,,DA3601629,leeg.pdf,,DA3047873,leeg.pdf,,DA3145099,leeg.pdf,
DA3046301,leeg.pdf,,DA3643875,leeg.pdf,,DA3325450,leeg.pdf,,DA3745416,leeg.pdf,,DA3141774,leeg.pdf,,DA3295264,leeg.pdf,,DA3278811,leeg.pdf,,DA3844445,leeg.pdf,,DA3133496,leeg.pdf,,DA3064471,leeg.pdf,,DA3670800,leeg.pdf,,DA3870634,leeg.pdf,,DA3262611,leeg.pdf,,DA3058185,leeg.pdf,,DA3153813,leeg.pdf,
DA3082555,leeg.pdf,,DA3414534,leeg.pdf,,DA3216142,leeg.pdf,,DA3657205,leeg.pdf,,DA3106633,leeg.pdf,,DA3972229,leeg.pdf,,DA3906583,leeg.pdf,,DA3278548,leeg.pdf,,DA3192032,leeg.pdf,,DA3365205,leeg.pdf,,DA3347373,leeg.pdf,,DA3538654,leeg.pdf,,DA3728290,leeg.pdf,,DA3083939,leeg.pdf,,DA3193550,leeg.pdf,
DA3953825,leeg.pdf,,DA3211229,leeg.pdf,,DA3273763,leeg.pdf,,DA3304937,leeg.pdf,,DA3453596,leeg.pdf,,DA3217846,leeg.pdf,,DA3461729,leeg.pdf,,DA3981256,leeg.pdf,,DA3668297,leeg.pdf,,DA3515982,leeg.pdf,,DA3238881,leeg.pdf,,DA3707542,leeg.pdf,,DA3856501,leeg.pdf,,DA3881036,leeg.pdf,,DA3655608,leeg.pdf,
DA3200442,leeg.pdf,,DA3178652,leeg.pdf,,DA3739103,leeg.pdf,,DA3988284,leeg.pdf,,DA3692995,leeg.pdf,,DA3581630,leeg.pdf,,DA3189842,leeg.pdf,,DA3106795,leeg.pdf,,DA3320043,leeg.pdf,,DA3989304,leeg.pdf,,DA3500282,leeg.pdf,,DA3729505,leeg.pdf,,DA3746374,leeg.pdf,,DA3469138,leeg.pdf,,DA3650546,leeg.pdf,
DA3662669,leeg.pdf,,DA3291186,leeg.pdf,,DA3132450,leeg.pdf,,DA3484975,leeg.pdf,,DA3598205,leeg.pdf,,DA3961159,leeg.pdf,,DA3106859,leeg.pdf,,DA3662508,leeg.pdf,,DA3963920,leeg.pdf,,DA3547163,leeg.pdf,,DA3949082,leeg.pdf,,DA3996946,leeg.pdf,,DA3901254,leeg.pdf,,DA3385351,leeg.pdf,,DA3867463,leeg.pdf,
DA3376737,leeg.pdf,,DA3656596,leeg.pdf,,DA3245469,leeg.pdf,,DA3559427,leeg.pdf,,DA3214170,leeg.pdf,,DA3256819,leeg.pdf,,DA3064339,leeg.pdf,,DA3800126,leeg.pdf,,DA3565083,leeg.pdf,,DA3460543,leeg.pdf,,DA3432176,leeg.pdf,,DA3587177,leeg.pdf,,DA3201917,leeg.pdf,,DA3496734,leeg.pdf,,DA3411355,leeg.pdf,
DA3335636,leeg.pdf,,DA3125636,leeg.pdf,,DA3087978,leeg.pdf,,DA3700200,leeg.pdf,,DA3463954,leeg.pdf,,DA3086628,leeg.pdf,,DA3273990,leeg.pdf,,DA3302500,leeg.pdf,,DA3313977,leeg.pdf,,DA3988064,leeg.pdf,,DA3407938,leeg.pdf,,DA3197324,leeg.pdf,,DA3243058,leeg.pdf,,DA3193360,leeg.pdf,,DA3692388,leeg.pdf,
DA3461512,leeg.pdf,,DA3345692,leeg.pdf,,DA3211360,leeg.pdf,,DA3500421,leeg.pdf,,DA3279183,leeg.pdf,,DA3699536,leeg.pdf,,DA3966387,leeg.pdf,,DA3840074,leeg.pdf,,DA3615443,leeg.pdf,,DA3848576,leeg.pdf,,DA3708251,leeg.pdf,,DA3672001,leeg.pdf,,DA3823193,leeg.pdf,,DA3992266,leeg.pdf,,DA3075918,leeg.pdf,
DA3376131,leeg.pdf,,DA3099259,leeg.pdf,,DA3090229,leeg.pdf,,DA3347776,leeg.pdf,,DA3412800,leeg.pdf,,DA3557489,leeg.pdf,,DA3244635,leeg.pdf,,DA3858222,leeg.pdf,,DA3085862,leeg.pdf,,DA3970251,leeg.pdf,,DA3201413,leeg.pdf,,DA3911517,leeg.pdf,,DA3203196,leeg.pdf,,DA3407500,leeg.pdf,,DA3571655,leeg.pdf,
DA3860642,leeg.pdf,,DA3248845,leeg.pdf,,DA3454456,leeg.pdf,,DA3994911,leeg.pdf,,DA3621427,leeg.pdf,,DA3309825,leeg.pdf,,DA3403540,leeg.pdf,,DA3344299,leeg.pdf,,DA3096704,leeg.pdf,,DA3145375,leeg.pdf,,DA3089099,leeg.pdf,,DA3395751,leeg.pdf,,DA3457185,leeg.pdf,,DA3778836,leeg.pdf,,DA3721551,leeg.pdf,
DA3866925,leeg.pdf,,DA3252389,leeg.pdf,,DA3184044,leeg.pdf,,DA3556605,leeg.pdf,,DA3292469,leeg.pdf,,DA3952325,leeg.pdf,,DA3182791,leeg.pdf,,DA3438696,leeg.pdf,,DA3299005,leeg.pdf,,DA3399112,leeg.pdf,,DA3855688,leeg.pdf,,DA3170376,leeg.pdf,,DA3295925,leeg.pdf,,DA3292870,leeg.pdf,,DA3092493,leeg.pdf,
DA3876308,leeg.pdf,,DA3532144,leeg.pdf,,DA3079262,leeg.pdf,,DA3543942,leeg.pdf,,DA3916225,leeg.pdf,,DA3554218,leeg.pdf,,DA3049749,leeg.pdf,,DA3535255,leeg.pdf,,DA3352968,leeg.pdf,,DA3795421,leeg.pdf,,DA3294210,leeg.pdf,,DA3595066,leeg.pdf,,DA3113295,leeg.pdf,,DA3222831,leeg.pdf,,DA3279849,leeg.pdf,
DA3484867,leeg.pdf,,DA3862637,leeg.pdf,,DA3996869,leeg.pdf,,DA3460879,leeg.pdf,,DA3063360,leeg.pdf,,DA3451124,leeg.pdf,,DA3982840,leeg.pdf,,DA3275738,leeg.pdf,,DA3051909,leeg.pdf,,DA3809468,leeg.pdf,,DA3946588,leeg.pdf,,DA3626079,leeg.pdf,,DA3048813,leeg.pdf,,DA3992113,leeg.pdf,,DA3545400,leeg.pdf,
DA3466326,leeg.pdf,,DA3924227,leeg.pdf,,DA3614446,leeg.pdf,,DA3282142,leeg.pdf,,DA3116339,leeg.pdf,,DA3409088,leeg.pdf,,DA3417497,leeg.pdf,,DA3068727,leeg.pdf,,DA3721598,leeg.pdf,,DA3642855,leeg.pdf,,DA3385124,leeg.pdf,,DA3635352,leeg.pdf,,DA3159772,leeg.pdf,,DA3624302,leeg.pdf,,DA3223504,leeg.pdf,
DA3752996,leeg.pdf,,DA3814720,leeg.pdf,,DA3446447,leeg.pdf,,DA3183705,leeg.pdf,,DA3070432,leeg.pdf,,DA3120427,leeg.pdf,,DA3249161,leeg.pdf,,DA3279778,leeg.pdf,,DA3796112,leeg.pdf,,DA3056452,leeg.pdf,,DA3769439,leeg.pdf,,DA3207577,leeg.pdf,,DA3261218,leeg.pdf,,DA3229457,leeg.pdf,,DA3317724,leeg.pdf,
DA3838942,leeg.pdf,,DA3955777,leeg.pdf,,DA3310657,leeg.pdf,,DA3853956,leeg.pdf,,DA3044321,leeg.pdf,,DA3318067,leeg.pdf,,DA3683263,leeg.pdf,,DA3090956,leeg.pdf,,DA3279169,leeg.pdf,,DA3966179,leeg.pdf,,DA3363137,leeg.pdf,,DA3106330,leeg.pdf,,DA3676824,leeg.pdf,,DA3237059,leeg.pdf,,DA3716205,leeg.pdf,
DA3067516,leeg.pdf,,DA3951614,leeg.pdf,,DA3084938,leeg.pdf,,DA3707664,leeg.pdf,,DA3986735,leeg.pdf,,DA3520835,leeg.pdf,,DA3905071,leeg.pdf,,DA3635259,leeg.pdf,,DA3506741,leeg.pdf,,DA3955804,leeg.pdf,,DA3351132,leeg.pdf,,DA3089012,leeg.pdf,,DA3796104,leeg.pdf,,DA3477697,leeg.pdf,,DA3803326,leeg.pdf,
DA3893933,leeg.pdf,,DA3149468,leeg.pdf,,DA3178556,leeg.pdf,,DA3071758,leeg.pdf,,DA3992373,leeg.pdf,,DA3478506,leeg.pdf,,DA3491344,leeg.pdf,,DA3371050,leeg.pdf,,DA3542811,leeg.pdf,,DA3927538,leeg.pdf,,DA3698599,leeg.pdf,,DA3097894,leeg.pdf,,DA3295852,leeg.pdf,,DA3790592,leeg.pdf,,DA3074164,leeg.pdf,
DA3452975,leeg.pdf,,DA3077205,leeg.pdf,,DA3238895,leeg.pdf,,DA3570398,leeg.pdf,,DA3809186,leeg.pdf,,DA3249595,leeg.pdf,,DA3886590,leeg.pdf,,DA3740081,leeg.pdf,,DA3051549,leeg.pdf,,DA3473767,leeg.pdf,,DA3557304,leeg.pdf,,DA3175993,leeg.pdf,,DA3114208,leeg.pdf,,DA3783202,leeg.pdf,,DA3594114,leeg.pdf,
DA3596603,leeg.pdf,,DA3936769,leeg.pdf,,DA3736980,leeg.pdf,,DA3218435,leeg.pdf,,DA3316709,leeg.pdf,,DA3826456,leeg.pdf,,DA3573393,leeg.pdf,,DA3254043,leeg.pdf,,DA3229628,leeg.pdf,,DA3195993,leeg.pdf,,DA3442009,leeg.pdf,,DA3573693,leeg.pdf,,DA3248097,leeg.pdf,,DA3572709,leeg.pdf,,DA3865510,leeg.pdf,
DA3692460,leeg.pdf,,DA3960513,leeg.pdf,,DA3820841,leeg.pdf,,DA3549434,leeg.pdf,,DA3267406,leeg.pdf,,DA3398342,leeg.pdf,,DA3343231,leeg.pdf,,DA3261433,leeg.pdf,,DA3125375,leeg.pdf,,DA3703961,leeg.pdf,,DA3771254,leeg.pdf,,DA3390491,leeg.pdf,,DA3828724,leeg.pdf,,DA3319509,leeg.pdf,,DA3824906,leeg.pdf,
DA3445846,leeg.pdf,,DA3049121,leeg.pdf,,DA3257012,leeg.pdf,,DA3492463,leeg.pdf,,DA3079881,leeg.pdf,,DA3624170,leeg.pdf,,DA3247180,leeg.pdf,,DA3777094,leeg.pdf,,DA3162906,leeg.pdf,,DA3275504,leeg.pdf,,DA3329635,leeg.pdf,,DA3984565,leeg.pdf,,DA3041181,leeg.pdf,,DA3091818,leeg.pdf,,DA3219038,leeg.pdf,
DA3527617,leeg.pdf,,DA3400574,leeg.pdf,,DA3579533,leeg.pdf,,DA3766012,leeg.pdf,,DA3848917,leeg.pdf,,DA3492065,leeg.pdf,,DA3148838,leeg.pdf,,DA3327362,leeg.pdf,,DA3107385,leeg.pdf,,DA3158612,leeg.pdf,,DA3203143,leeg.pdf,,DA3208577,leeg.pdf,,DA3614325,leeg.pdf,,DA3337418,leeg.pdf,,DA3546707,leeg.pdf,
DA3415763,leeg.pdf,,DA3186472,leeg.pdf,,DA3119452,leeg.pdf,,DA3713621,leeg.pdf,,DA3131155,leeg.pdf,,DA3171355,leeg.pdf,,DA3143007,leeg.pdf,,DA3663766,leeg.pdf,,DA3528691,leeg.pdf,,DA3965276,leeg.pdf,,DA3344360,leeg.pdf,,DA3417669,leeg.pdf,,DA3285728,leeg.pdf,,DA3520994,leeg.pdf,,DA3299179,leeg.pdf,
DA3494568,leeg.pdf,,DA3509619,leeg.pdf,,DA3535712,leeg.pdf,,DA3179894,leeg.pdf,,DA3961917,leeg.pdf,,DA3787764,leeg.pdf,,DA3653549,leeg.pdf,,DA3249257,leeg.pdf,,DA3223648,leeg.pdf,,DA3446252,leeg.pdf,,DA3361567,leeg.pdf,,DA3688505,leeg.pdf,,DA3502307,leeg.pdf,,DA3127274,leeg.pdf,,DA3271205,leeg.pdf,
DA3574078,leeg.pdf,,DA3274266,leeg.pdf,,DA3385643,leeg.pdf,,DA3611995,leeg.pdf,,DA3508843,leeg.pdf,,DA3205269,leeg.pdf,,DA3735393,leeg.pdf,,DA3112464,leeg.pdf,,DA3046331,leeg.pdf,,DA3541420,leeg.pdf,,DA3542221,leeg.pdf,,DA3357549,leeg.pdf,,DA3707441,leeg.pdf,,DA3382073,leeg.pdf,,DA3761175,leeg.pdf,
DA3189687,leeg.pdf,,DA3445728,leeg.pdf,,DA3197041,leeg.pdf,,DA3307888,leeg.pdf,,DA3115538,leeg.pdf,,DA3257866,leeg.pdf,,DA3197861,leeg.pdf,,DA3153419,leeg.pdf,,DA3910202,leeg.pdf,,DA3199832,leeg.pdf,,DA3453333,leeg.pdf,,DA3972721,leeg.pdf,,DA3178304,leeg.pdf,,DA3560240,leeg.pdf,,DA3461222,leeg.pdf,
DA3060987,leeg.pdf,,DA3491191,leeg.pdf,,DA3944292,leeg.pdf,,DA3932921,leeg.pdf,,DA3094386,leeg.pdf,,DA3210782,leeg.pdf,,DA3769095,leeg.pdf,,DA3465234,leeg.pdf,,DA3892194,leeg.pdf,,DA3928369,leeg.pdf,,DA3528216,leeg.pdf,,DA3201317,leeg.pdf,,DA3478833,leeg.pdf,,DA3303938,leeg.pdf,,DA3058007,leeg.pdf,
DA3523671,leeg.pdf,,DA3623011,leeg.pdf,,DA3344127,leeg.pdf,,DA3781765,leeg.pdf,,DA3343588,leeg.pdf,,DA3065108,leeg.pdf,,DA3085185,leeg.pdf,,DA3130851,leeg.pdf,,DA3117471,leeg.pdf,,DA3230898,leeg.pdf,,DA3252497,leeg.pdf,,DA3218309,leeg.pdf,,DA3796602,leeg.pdf,,DA3134599,leeg.pdf,,DA3391725,leeg.pdf,
DA3909402,leeg.pdf,,DA3467381,leeg.pdf,,DA3046333,leeg.pdf,,DA3768498,leeg.pdf,,DA3290222,leeg.pdf,,DA3960739,leeg.pdf,,DA3275658,leeg.pdf,,DA3794293,leeg.pdf,,DA3481801,leeg.pdf,,DA3516865,leeg.pdf,,DA3136262,leeg.pdf,,DA3784953,leeg.pdf,,DA3508996,leeg.pdf,,DA3850734,leeg.pdf,,DA3455806,leeg.pdf,
DA3782964,leeg.pdf,,DA3403232,leeg.pdf,,DA3689063,leeg.pdf,,DA3530777,leeg.pdf,,DA3684685,leeg.pdf,,DA3324299,leeg.pdf,,DA3067492,leeg.pdf,,DA3693241,leeg.pdf,,DA3175878,leeg.pdf,,DA3920359,leeg.pdf,,DA3081628,leeg.pdf,,DA3811979,leeg.pdf,,DA3917856,leeg.pdf,,DA3292473,leeg.pdf,,DA3850590,leeg.pdf,
DA3320771,leeg.pdf,,DA3519793,leeg.pdf,,DA3767919,leeg.pdf,,DA3485403,leeg.pdf,,DA3542468,leeg.pdf,,DA3074425,leeg.pdf,,DA3576519,leeg.pdf,,DA3300391,leeg.pdf,,DA3839250,leeg.pdf,,DA3491031,leeg.pdf,,DA3956476,leeg.pdf,,DA3073964,leeg.pdf,,DA3219583,leeg.pdf,,DA3571868,leeg.pdf,,DA3750030,leeg.pdf,
DA3080054,leeg.pdf,,DA3542612,leeg.pdf,,DA3293966,leeg.pdf,,DA3492096,leeg.pdf,,DA3688117,leeg.pdf,,DA3903738,leeg.pdf,,DA3230727,leeg.pdf,,DA3797277,leeg.pdf,,DA3374713,leeg.pdf,,DA3714474,leeg.pdf,,DA3109498,leeg.pdf,,DA3536797,leeg.pdf,,DA3092902,leeg.pdf,,DA3872574,leeg.pdf,,DA3655586,leeg.pdf,
DA3341049,leeg.pdf,,DA3721858,leeg.pdf,,DA3216121,leeg.pdf,,DA3237328,leeg.pdf,,DA3494345,leeg.pdf,,DA3188799,leeg.pdf,,DA3716460,leeg.pdf,,DA3405216,leeg.pdf,,DA3581652,leeg.pdf,,DA3300670,leeg.pdf,,DA3070673,leeg.pdf,,DA3603966,leeg.pdf,,DA3481380,leeg.pdf,,DA3126150,leeg.pdf,,DA3468395,leeg.pdf,
DA3163387,leeg.pdf,,DA3570909,leeg.pdf,,DA3230527,leeg.pdf,,DA3388766,leeg.pdf,,DA3123198,leeg.pdf,,DA3351621,leeg.pdf,,DA3837499,leeg.pdf,,DA3470954,leeg.pdf,,DA3370670,leeg.pdf,,DA3597520,leeg.pdf,,DA3493622,leeg.pdf,,DA3474379,leeg.pdf,,DA3090388,leeg.pdf,,DA3857121,leeg.pdf,,DA3433990,leeg.pdf,
DA3328143,leeg.pdf,,DA3429340,leeg.pdf,,DA3414836,leeg.pdf,,DA3087056,leeg.pdf,,DA3390960,leeg.pdf,,DA3107047,leeg.pdf,,DA3169677,leeg.pdf,,DA3143971,leeg.pdf,,DA3280663,leeg.pdf,,DA3734810,leeg.pdf,,DA3944414,leeg.pdf,,DA3750473,leeg.pdf,,DA3396383,leeg.pdf,,DA3668627,leeg.pdf,,DA3110744,leeg.pdf,
DA3851381,leeg.pdf,,DA3614256,leeg.pdf,,DA3251041,leeg.pdf,,DA3295627,leeg.pdf,,DA3142913,leeg.pdf,,DA3661798,leeg.pdf,,DA3653036,leeg.pdf,,DA3660731,leeg.pdf,,DA3505003,leeg.pdf,,DA3090946,leeg.pdf,,DA3910131,leeg.pdf,,DA3413095,leeg.pdf,,DA3399002,leeg.pdf,,DA3178306,leeg.pdf,,DA3221770,leeg.pdf,
DA3590509,leeg.pdf,,DA3425570,leeg.pdf,,DA3205525,leeg.pdf,,DA3972171,leeg.pdf,,DA3894323,leeg.pdf,,DA3213917,leeg.pdf,,DA3187336,leeg.pdf,,DA3150192,leeg.pdf,,DA3135213,leeg.pdf,,DA3751687,leeg.pdf,,DA3053287,leeg.pdf,,DA3928718,leeg.pdf,,DA3385300,leeg.pdf,,DA3889283,leeg.pdf,,DA3448183,leeg.pdf,
DA3327141,leeg.pdf,,DA3538950,leeg.pdf,,DA3125821,leeg.pdf,,DA3734631,leeg.pdf,,DA3763572,leeg.pdf,,DA3200426,leeg.pdf,,DA3543662,leeg.pdf,,DA3367174,leeg.pdf,,DA3105601,leeg.pdf,,DA3746434,leeg.pdf,,DA3397225,leeg.pdf,,DA3251503,leeg.pdf,,DA3352265,leeg.pdf,,DA3082070,leeg.pdf,,DA3835598,leeg.pdf,
DA3464794,leeg.pdf,,DA3845353,leeg.pdf,,DA3377813,leeg.pdf,,DA3760675,leeg.pdf,,DA3286711,leeg.pdf,,DA3263173,leeg.pdf,,DA3381788,leeg.pdf,,DA3934004,leeg.pdf,,DA3093380,leeg.pdf,,DA3290922,leeg.pdf,,DA3130508,leeg.pdf,,DA3866252,leeg.pdf,,DA3202436,leeg.pdf,,DA3769674,leeg.pdf,,DA3317171,leeg.pdf,
DA3445167,leeg.pdf,,DA3193762,leeg.pdf,,DA3176946,leeg.pdf,,DA3319974,leeg.pdf,,DA3375415,leeg.pdf,,DA3290917,leeg.pdf,,DA3610966,leeg.pdf,,DA3755988,leeg.pdf,,DA3891909,leeg.pdf,,DA3356253,leeg.pdf,,DA3077021,leeg.pdf,,DA3547665,leeg.pdf,,DA3048872,leeg.pdf,,DA3697675,leeg.pdf,,DA3192827,leeg.pdf,
DA3149310,leeg.pdf,,DA3494735,leeg.pdf,,DA3726829,leeg.pdf,,DA3581849,leeg.pdf,,DA3972735,leeg.pdf,,DA3529793,leeg.pdf,,DA3110541,leeg.pdf,,DA3887449,leeg.pdf,,DA3091136,leeg.pdf,,DA3318727,leeg.pdf,,DA3753196,leeg.pdf,,DA3892204,leeg.pdf,,DA3228318,leeg.pdf,,DA3147206,leeg.pdf,,DA3505558,leeg.pdf,
DA3278503,leeg.pdf,,DA3320465,leeg.pdf,,DA3521085,leeg.pdf,,DA3921239,leeg.pdf,,DA3141997,leeg.pdf,,DA3234886,leeg.pdf,,DA3631281,leeg.pdf,,DA3750970,leeg.pdf,,DA3354995,leeg.pdf,,DA3345625,leeg.pdf,,DA3545305,leeg.pdf,,DA3099049,leeg.pdf,,DA3222060,leeg.pdf,,DA3129281,leeg.pdf,,DA3969509,leeg.pdf,
DA3243598,leeg.pdf,,DA3167135,leeg.pdf,,DA3403240,leeg.pdf,,DA3058800,leeg.pdf,,DA3943716,leeg.pdf,,DA3072877,leeg.pdf,,DA3779934,leeg.pdf,,DA3074154,leeg.pdf,,DA3241647,leeg.pdf,,DA3994678,leeg.pdf,,DA3700885,leeg.pdf,,DA3273706,leeg.pdf,,DA3316070,leeg.pdf,,DA3904445,leeg.pdf,,DA3424132,leeg.pdf,
DA3327179,leeg.pdf,,DA3046630,leeg.pdf,,DA3941072,leeg.pdf,,DA3189445,leeg.pdf,,DA3670034,leeg.pdf,,DA3934184,leeg.pdf,,DA3894717,leeg.pdf,,DA3184449,leeg.pdf,,DA3210327,leeg.pdf,,DA3122875,leeg.pdf,,DA3603321,leeg.pdf,,DA3053538,leeg.pdf,,DA3738028,leeg.pdf,,DA3830514,leeg.pdf,,DA3185891,leeg.pdf,
DA3592072,leeg.pdf,,DA3840827,leeg.pdf,,DA3368445,leeg.pdf,,DA3122028,leeg.pdf,,DA3210274,leeg.pdf,,DA3091738,leeg.pdf,,DA3534338,leeg.pdf,,DA3412796,leeg.pdf,,DA3949730,leeg.pdf,,DA3607692,leeg.pdf,,DA3859745,leeg.pdf,,DA3513009,leeg.pdf,,DA3290274,leeg.pdf,,DA3383735,leeg.pdf,,DA3042530,leeg.pdf,
DA3505025,leeg.pdf,,DA3302820,leeg.pdf,,DA3289266,leeg.pdf,,DA3257781,leeg.pdf,,DA3245662,leeg.pdf,,DA3065115,leeg.pdf,,DA3331526,leeg.pdf,,DA3360308,leeg.pdf,,DA3107767,leeg.pdf,,DA3084893,leeg.pdf,,DA3318644,leeg.pdf,,DA3203042,leeg.pdf,,DA3503467,leeg.pdf,,DA3132117,leeg.pdf,,DA3978174,leeg.pdf,
DA3215085,leeg.pdf,,DA3622615,leeg.pdf,,DA3198891,leeg.pdf,,DA3915108,leeg.pdf,,DA3928379,leeg.pdf,,DA3261673,leeg.pdf,,DA3074322,leeg.pdf,,DA3522184,leeg.pdf,,DA3333848,leeg.pdf,,DA3972002,leeg.pdf,,DA3499771,leeg.pdf,,DA3976043,leeg.pdf,,DA3069224,leeg.pdf,,DA3210486,leeg.pdf,,DA3497052,leeg.pdf,
DA3133680,leeg.pdf,,DA3153383,leeg.pdf,,DA3123035,leeg.pdf,,DA3819862,leeg.pdf,,DA3504039,leeg.pdf,,DA3336005,leeg.pdf,,DA3166798,leeg.pdf,,DA3916829,leeg.pdf,,DA3905509,leeg.pdf,,DA3329824,leeg.pdf,,DA3938089,leeg.pdf,,DA3339510,leeg.pdf,,DA3220774,leeg.pdf,,DA3272900,leeg.pdf,,DA3625818,leeg.pdf,
DA3218559,leeg.pdf,,DA3061545,leeg.pdf,,DA3254746,leeg.pdf,,DA3246851,leeg.pdf,,DA3701861,leeg.pdf,,DA3097139,leeg.pdf,,DA3150966,leeg.pdf,,DA3354369,leeg.pdf,,DA3412521,leeg.pdf,,DA3814826,leeg.pdf,,DA3649267,leeg.pdf,,DA3949383,leeg.pdf,,DA3324398,leeg.pdf,,DA3224607,leeg.pdf,,DA3396716,leeg.pdf,
DA3784277,leeg.pdf,,DA3600842,leeg.pdf,,DA3227408,leeg.pdf,,DA3137144,leeg.pdf,,DA3410095,leeg.pdf,,DA3303617,leeg.pdf,,DA3040369,leeg.pdf,,DA3186765,leeg.pdf,,DA3569586,leeg.pdf,,DA3553536,leeg.pdf,,DA3843972,leeg.pdf,,DA3423286,leeg.pdf,,DA3788046,leeg.pdf,,DA3295057,leeg.pdf,,DA3139813,leeg.pdf,
DA3224745,leeg.pdf,,DA3328887,leeg.pdf,,DA3050168,leeg.pdf,,DA3248377,leeg.pdf,,DA3517184,leeg.pdf,,DA3070623,leeg.pdf,,DA3677725,leeg.pdf,,DA3133956,leeg.pdf,,DA3344112,leeg.pdf,,DA3331839,leeg.pdf,,DA3071541,leeg.pdf,,DA3634002,leeg.pdf,,DA3583581,leeg.pdf,,DA3681620,leeg.pdf,,DA3440817,leeg.pdf,
DA3270617,leeg.pdf,,DA3130884,leeg.pdf,,DA3548283,leeg.pdf,,DA3470487,leeg.pdf,,DA3733352,leeg.pdf,,DA3388183,leeg.pdf,,DA3423547,leeg.pdf,,DA3825017,leeg.pdf,,DA3639111,leeg.pdf,,DA3058454,leeg.pdf,,DA3851362,leeg.pdf,,DA3130130,leeg.pdf,,DA3212773,leeg.pdf,,DA3083532,leeg.pdf,,DA3073190,leeg.pdf,
DA3881620,leeg.pdf,,DA3235185,leeg.pdf,,DA3795848,leeg.pdf,,DA3122953,leeg.pdf,,DA3115803,leeg.pdf,,DA3115437,leeg.pdf,,DA3824534,leeg.pdf,,DA3151821,leeg.pdf,,DA3763677,leeg.pdf,,DA3087121,leeg.pdf,,DA3354419,leeg.pdf,,DA3244352,leeg.pdf,,DA3164814,leeg.pdf,,DA3412344,leeg.pdf,,DA3151438,leeg.pdf,
DA3441000,leeg.pdf,,DA3409461,leeg.pdf,,DA3411426,leeg.pdf,,DA3740711,leeg.pdf,,DA3332574,leeg.pdf,,DA3242735,leeg.pdf,,DA3221794,leeg.pdf,,DA3773846,leeg.pdf,,DA3115210,leeg.pdf,,DA3980362,leeg.pdf,,DA3193005,leeg.pdf,,DA3412250,leeg.pdf,,DA3395392,leeg.pdf,,DA3113946,leeg.pdf,,DA3870057,leeg.pdf,
DA3050696,leeg.pdf,,DA3078335,leeg.pdf,,DA3215655,leeg.pdf,,DA3678489,leeg.pdf,,DA3623738,leeg.pdf,,DA3499199,leeg.pdf,,DA3756254,leeg.pdf,,DA3068053,leeg.pdf,,DA3265621,leeg.pdf,,DA3937240,leeg.pdf,,DA3388571,leeg.pdf,,DA3161294,leeg.pdf,,DA3471551,leeg.pdf,,DA3602812,leeg.pdf,,DA3565293,leeg.pdf,
DA3048853,leeg.pdf,,DA3413467,leeg.pdf,,DA3287402,leeg.pdf,,DA3077570,leeg.pdf,,DA3928039,leeg.pdf,,DA3683117,leeg.pdf,,DA3168988,leeg.pdf,,DA3356374,leeg.pdf,,DA3774326,leeg.pdf,,DA3373243,leeg.pdf,,DA3518388,leeg.pdf,,DA3930003,leeg.pdf,,DA3080073,leeg.pdf,,DA3447777,leeg.pdf,,DA3784180,leeg.pdf,
DA3300435,leeg.pdf,,DA3566903,leeg.pdf,,DA3540801,leeg.pdf,,DA3068730,leeg.pdf,,DA3489700,leeg.pdf,,DA3157341,leeg.pdf,,DA3085772,leeg.pdf,,DA3935147,leeg.pdf,,DA3182856,leeg.pdf,,DA3693725,leeg.pdf,,DA3851740,leeg.pdf,,DA3187561,leeg.pdf,,DA3563440,leeg.pdf,,DA3153946,leeg.pdf,,DA3475646,leeg.pdf,
DA3043430,leeg.pdf,,DA3552349,leeg.pdf,,DA3549767,leeg.pdf,,DA3527356,leeg.pdf,,DA3698839,leeg.pdf,,DA3218643,leeg.pdf,,DA3082544,leeg.pdf,,DA3744684,leeg.pdf,,DA3226966,leeg.pdf,,DA3792126,leeg.pdf,,DA3167538,leeg.pdf,,DA3072174,leeg.pdf,,DA3263996,leeg.pdf,,DA3272240,leeg.pdf,,DA3069845,leeg.pdf,
DA3849902,leeg.pdf,,DA3191293,leeg.pdf,,DA3687397,leeg.pdf,,DA3203276,leeg.pdf,,DA3758906,leeg.pdf,,DA3112973,leeg.pdf,,DA3859567,leeg.pdf,,DA3569430,leeg.pdf,,DA3907025,leeg.pdf,,DA3444759,leeg.pdf,,DA3935529,leeg.pdf,,DA3480741,leeg.pdf,,DA3580824,leeg.pdf,,DA3077117,leeg.pdf,,DA3423868,leeg.pdf,
DA3909610,leeg.pdf,,DA3595214,leeg.pdf,,DA3180555,leeg.pdf,,DA3230316,leeg.pdf,,DA3588305,leeg.pdf,,DA3169539,leeg.pdf,,DA3360522,leeg.pdf,,DA3304281,leeg.pdf,,DA3416214,leeg.pdf,,DA3148767,leeg.pdf,,DA3620063,leeg.pdf,,DA3177547,leeg.pdf,,DA3246059,leeg.pdf,,DA3773412,leeg.pdf,,DA3568706,leeg.pdf,
DA3252215,leeg.pdf,,DA3565404,leeg.pdf,,DA3971309,leeg.pdf,,DA3304894,leeg.pdf,,DA3221538,leeg.pdf,,DA3404150,leeg.pdf,,DA3332168,leeg.pdf,,DA3935761,leeg.pdf,,DA3258783,leeg.pdf,,DA3747383,leeg.pdf,,DA3479501,leeg.pdf,,DA3664136,leeg.pdf,,DA3549492,leeg.pdf,,DA3043963,leeg.pdf,,DA3569021,leeg.pdf,
DA3043791,leeg.pdf,,DA3766048,leeg.pdf,,DA3831817,leeg.pdf,,DA3438327,leeg.pdf,,DA3300144,leeg.pdf,,DA3102578,leeg.pdf,,DA3720961,leeg.pdf,,DA3951245,leeg.pdf,,DA3313946,leeg.pdf,,DA3102784,leeg.pdf,,DA3467370,leeg.pdf,,DA3947266,leeg.pdf,,DA3725483,leeg.pdf,,DA3452192,leeg.pdf,,DA3553064,leeg.pdf,
DA3072774,leeg.pdf,,DA3698647,leeg.pdf,,DA3600800,leeg.pdf,,DA3692829,leeg.pdf,,DA3664991,leeg.pdf,,DA3525494,leeg.pdf,,DA3138827,leeg.pdf,,DA3936643,leeg.pdf,,DA3218356,leeg.pdf,,DA3813659,leeg.pdf,,DA3475953,leeg.pdf,,DA3807571,leeg.pdf,,DA3277134,leeg.pdf,,DA3325611,leeg.pdf,,DA3122037,leeg.pdf,
DA3334495,leeg.pdf,,DA3746902,leeg.pdf,,DA3641196,leeg.pdf,,DA3111408,leeg.pdf,,DA3703455,leeg.pdf,,DA3754788,leeg.pdf,,DA3981494,leeg.pdf,,DA3966981,leeg.pdf,,DA3425414,leeg.pdf,,DA3607956,leeg.pdf,,DA3076878,leeg.pdf,,DA3393829,leeg.pdf,,DA3861504,leeg.pdf,,DA3814847,leeg.pdf,,DA3214253,leeg.pdf,
DA3580774,leeg.pdf,,DA3865464,leeg.pdf,,DA3392715,leeg.pdf,,DA3296669,leeg.pdf,,DA3926795,leeg.pdf,,DA3544786,leeg.pdf,,DA3450122,leeg.pdf,,DA3057576,leeg.pdf,,DA3798027,leeg.pdf,,DA3258435,leeg.pdf,,DA3131808,leeg.pdf,,DA3203046,leeg.pdf,,DA3542335,leeg.pdf,,DA3527254,leeg.pdf,,DA3697316,leeg.pdf,
DA3686223,leeg.pdf,,DA3787988,leeg.pdf,,DA3474759,leeg.pdf,,DA3127332,leeg.pdf,,DA3281901,leeg.pdf,,DA3373622,leeg.pdf,,DA3343199,leeg.pdf,,DA3455876,leeg.pdf,,DA3847369,leeg.pdf,,DA3680910,leeg.pdf,,DA3679889,leeg.pdf,,DA3535491,leeg.pdf,,DA3278129,leeg.pdf,,DA3137140,leeg.pdf,,DA3922172,leeg.pdf,
DA3330818,leeg.pdf,,DA3767195,leeg.pdf,,DA3820089,leeg.pdf,,DA3993319,leeg.pdf,,DA3651499,leeg.pdf,,DA3479168,leeg.pdf,,DA3210762,leeg.pdf,,DA3671542,leeg.pdf,,DA3868912,leeg.pdf,,DA3816519,leeg.pdf,,DA3141354,leeg.pdf,,DA3695314,leeg.pdf,,DA3346073,leeg.pdf,,DA3922979,leeg.pdf,,DA3933314,leeg.pdf,
DA3600782,leeg.pdf,,DA3062397,leeg.pdf,,DA3231126,leeg.pdf,,DA3315034,leeg.pdf,,DA3328528,leeg.pdf,,DA3148786,leeg.pdf,,DA3252146,leeg.pdf,,DA3326871,leeg.pdf,,DA3213884,leeg.pdf,,DA3561018,leeg.pdf,,DA3181273,leeg.pdf,,DA3678547,leeg.pdf,,DA3957739,leeg.pdf,,DA3162743,leeg.pdf,,DA3130021,leeg.pdf,
DA3401137,leeg.pdf,,DA3458296,leeg.pdf,,DA3797273,leeg.pdf,,DA3194636,leeg.pdf,,DA3738816,leeg.pdf,,DA3157549,leeg.pdf,,DA3066891,leeg.pdf,,DA3189425,leeg.pdf,,DA3162847,leeg.pdf,,DA3191155,leeg.pdf,,DA3322423,leeg.pdf,,DA3322127,leeg.pdf,,DA3584241,leeg.pdf,,DA3164323,leeg.pdf,,DA3366474,leeg.pdf,
DA3542246,leeg.pdf,,DA3326721,leeg.pdf,,DA3212171,leeg.pdf,,DA3669957,leeg.pdf,,DA3269176,leeg.pdf,,DA3686084,leeg.pdf,,DA3233053,leeg.pdf,,DA3650154,leeg.pdf,,DA3833491,leeg.pdf,,DA3112812,leeg.pdf,,DA3299241,leeg.pdf,,DA3886111,leeg.pdf,,DA3519521,leeg.pdf,,DA3798864,leeg.pdf,,DA3854053,leeg.pdf,
DA3796257,leeg.pdf,,DA3081813,leeg.pdf,,DA3608522,leeg.pdf,,DA3869373,leeg.pdf,,DA3270917,leeg.pdf,,DA3179861,leeg.pdf,,DA3470642,leeg.pdf,,DA3313425,leeg.pdf,,DA3102942,leeg.pdf,,DA3551625,leeg.pdf,,DA3460887,leeg.pdf,,DA3474579,leeg.pdf,,DA3781227,leeg.pdf,,DA3069707,leeg.pdf,,DA3330419,leeg.pdf,
DA3106662,leeg.pdf,,DA3770215,leeg.pdf,,DA3210464,leeg.pdf,,DA3927581,leeg.pdf,,DA3714885,leeg.pdf,,DA3548755,leeg.pdf,,DA3846674,leeg.pdf,,DA3065754,leeg.pdf,,DA3942178,leeg.pdf,,DA3701837,leeg.pdf,,DA3673138,leeg.pdf,,DA3660946,leeg.pdf,,DA3055017,leeg.pdf,,DA3527940,leeg.pdf,,DA3901136,leeg.pdf,
DA3854340,leeg.pdf,,DA3231807,leeg.pdf,,DA3218665,leeg.pdf,,DA3545085,leeg.pdf,,DA3119293,leeg.pdf,,DA3199119,leeg.pdf,,DA3868795,leeg.pdf,,DA3714129,leeg.pdf,,DA3249675,leeg.pdf,,DA3548059,leeg.pdf,,DA3881861,leeg.pdf,,DA3793543,leeg.pdf,,DA3137174,leeg.pdf,,DA3356493,leeg.pdf,,DA3391297,leeg.pdf,
DA3645081,leeg.pdf,,DA3389480,leeg.pdf,,DA3430620,leeg.pdf,,DA3074200,leeg.pdf,,DA3746131,leeg.pdf,,DA3233133,leeg.pdf,,DA3190150,leeg.pdf,,DA3672288,leeg.pdf,,DA3087676,leeg.pdf,,DA3373789,leeg.pdf,,DA3244865,leeg.pdf,,DA3780305,leeg.pdf,,DA3729723,leeg.pdf,,DA3276258,leeg.pdf,,DA3983599,leeg.pdf,
DA3272856,leeg.pdf,,DA3443243,leeg.pdf,,DA3062902,leeg.pdf,,DA3550422,leeg.pdf,,DA3408173,leeg.pdf,,DA3544326,leeg.pdf,,DA3519548,leeg.pdf,,DA3730164,leeg.pdf,,DA3929629,leeg.pdf,,DA3367591,leeg.pdf,,DA3252025,leeg.pdf,,DA3104578,leeg.pdf,,DA3996807,leeg.pdf,,DA3161589,leeg.pdf,,DA3414555,leeg.pdf,
DA3544980,leeg.pdf,,DA3365133,leeg.pdf,,DA3549517,leeg.pdf,,DA3779980,leeg.pdf,,DA3262345,leeg.pdf,,DA3163719,leeg.pdf,,DA3196099,leeg.pdf,,DA3614707,leeg.pdf,,DA3430820,leeg.pdf,,DA3406093,leeg.pdf,,DA3362080,leeg.pdf,,DA3563059,leeg.pdf,,DA3473176,leeg.pdf,,DA3322482,leeg.pdf,,DA3280015,leeg.pdf,
DA3789584,leeg.pdf,,DA3237156,leeg.pdf,,DA3948846,leeg.pdf,,DA3086082,leeg.pdf,,DA3155861,leeg.pdf,,DA3066406,leeg.pdf,,DA3585349,leeg.pdf,,DA3197422,leeg.pdf,,DA3213814,leeg.pdf,,DA3432549,leeg.pdf,,DA3450674,leeg.pdf,,DA3780947,leeg.pdf,,DA3418309,leeg.pdf,,DA3237008,leeg.pdf,,DA3637217,leeg.pdf,
DA3178626,leeg.pdf,,DA3397512,leeg.pdf,,DA3992267,leeg.pdf,,DA3311230,leeg.pdf,,DA3365275,leeg.pdf,,DA3345058,leeg.pdf,,DA3300554,leeg.pdf,,DA3517706,leeg.pdf,,DA3651099,leeg.pdf,,DA3072481,leeg.pdf,,DA3106113,leeg.pdf,,DA3332728,leeg.pdf,,DA3471621,leeg.pdf,,DA3467662,leeg.pdf,,DA3462677,leeg.pdf,
DA3949399,leeg.pdf,,DA3571391,leeg.pdf,,DA3513197,leeg.pdf,,DA3084127,leeg.pdf,,DA3198139,leeg.pdf,,DA3618296,leeg.pdf,,DA3294220,leeg.pdf,,DA3336413,leeg.pdf,,DA3811690,leeg.pdf,,DA3658359,leeg.pdf,,DA3498921,leeg.pdf,,DA3962202,leeg.pdf,,DA3658703,leeg.pdf,,DA3448345,leeg.pdf,,DA3318689,leeg.pdf,
DA3226639,leeg.pdf,,DA3564501,leeg.pdf,,DA3561925,leeg.pdf,,DA3205863,leeg.pdf,,DA3265058,leeg.pdf,,DA3175028,leeg.pdf,,DA3821120,leeg.pdf,,DA3476589,leeg.pdf,,DA3073147,leeg.pdf,,DA3064370,leeg.pdf,,DA3843829,leeg.pdf,,DA3447192,leeg.pdf,,DA3977740,leeg.pdf,,DA3214260,leeg.pdf,,DA3323804,leeg.pdf,
DA3205644,leeg.pdf,,DA3385395,leeg.pdf,,DA3382605,leeg.pdf,,DA3415319,leeg.pdf,,DA3181108,leeg.pdf,,DA3340023,leeg.pdf,,DA3806551,leeg.pdf,,DA3242733,leeg.pdf,,DA3115111,leeg.pdf,,DA3429419,leeg.pdf,,DA3210774,leeg.pdf,,DA3105301,leeg.pdf,,DA3974570,leeg.pdf,,DA3662802,leeg.pdf,,DA3618567,leeg.pdf,
DA3251266,leeg.pdf,,DA3707551,leeg.pdf,,DA3312881,leeg.pdf,,DA3079414,leeg.pdf,,DA3254208,leeg.pdf,,DA3500826,leeg.pdf,,DA3063088,leeg.pdf,,DA3890544,leeg.pdf,,DA3630380,leeg.pdf,,DA3784165,leeg.pdf,,DA3092875,leeg.pdf,,DA3252770,leeg.pdf,,DA3894048,leeg.pdf,,DA3238991,leeg.pdf,,DA3404578,leeg.pdf,
DA3984641,leeg.pdf,,DA3409245,leeg.pdf,,DA3605549,leeg.pdf,,DA3120839,leeg.pdf,,DA3616987,leeg.pdf,,DA3445602,leeg.pdf,,DA3089945,leeg.pdf,,DA3372643,leeg.pdf,,DA3916162,leeg.pdf,,DA3328364,leeg.pdf,,DA3185108,leeg.pdf,,DA3528568,leeg.pdf,,DA3588271,leeg.pdf,,DA3486990,leeg.pdf,,DA3972770,leeg.pdf,
DA3798869,leeg.pdf,,DA3094411,leeg.pdf,,DA3043198,leeg.pdf,,DA3158969,leeg.pdf,,DA3736195,leeg.pdf,,DA3648539,leeg.pdf,,DA3925546,leeg.pdf,,DA3069093,leeg.pdf,,DA3540202,leeg.pdf,,DA3451849,leeg.pdf,,DA3157981,leeg.pdf,,DA3273723,leeg.pdf,,DA3776073,leeg.pdf,,DA3363510,leeg.pdf,,DA3557199,leeg.pdf,
DA3715091,leeg.pdf,,DA3605739,leeg.pdf,,DA3656673,leeg.pdf,,DA3176756,leeg.pdf,,DA3565411,leeg.pdf,,DA3793787,leeg.pdf,,DA3402054,leeg.pdf,,DA3668918,leeg.pdf,,DA3506176,leeg.pdf,,DA3216278,leeg.pdf,,DA3525324,leeg.pdf,,DA3383326,leeg.pdf,,DA3066514,leeg.pdf,,DA3718531,leeg.pdf,,DA3258313,leeg.pdf,
DA3183373,leeg.pdf,,DA3172907,leeg.pdf,,DA3138945,leeg.pdf,,DA3770196,leeg.pdf,,DA3085614,leeg.pdf,,DA3099876,leeg.pdf,,DA3307247,leeg.pdf,,DA3296448,leeg.pdf,,DA3163104,leeg.pdf,,DA3654101,leeg.pdf,,DA3528749,leeg.pdf,,DA3046447,leeg.pdf,,DA3797899,leeg.pdf,,DA3339604,leeg.pdf,,DA3226342,leeg.pdf,
DA3547416,leeg.pdf,,DA3903922,leeg.pdf,,DA3149460,leeg.pdf,,DA3710505,leeg.pdf,,DA3240606,leeg.pdf,,DA3776082,leeg.pdf,,DA3314255,leeg.pdf,,DA3259804,leeg.pdf,,DA3148975,leeg.pdf,,DA3051333,leeg.pdf,,DA3780231,leeg.pdf,,DA3932123,leeg.pdf,,DA3323662,leeg.pdf,,DA3057179,leeg.pdf,,DA3371662,leeg.pdf,
DA3666611,leeg.pdf,,DA3110098,leeg.pdf,,DA3252390,leeg.pdf,,DA3976268,leeg.pdf,,DA3656258,leeg.pdf,,DA3392252,leeg.pdf,,DA3770094,leeg.pdf,,DA3608508,leeg.pdf,,DA3178896,leeg.pdf,,DA3667616,leeg.pdf,,DA3513265,leeg.pdf,,DA3128762,leeg.pdf,,DA3432641,leeg.pdf,,DA3793277,leeg.pdf,,DA3169108,leeg.pdf,
DA3507602,leeg.pdf,,DA3077245,leeg.pdf,,DA3994729,leeg.pdf,,DA3164529,leeg.pdf,,DA3768234,leeg.pdf,,DA3569347,leeg.pdf,,DA3920142,leeg.pdf,,DA3057927,leeg.pdf,,DA3410021,leeg.pdf,,DA3348094,leeg.pdf,,DA3452608,leeg.pdf,,DA3877994,leeg.pdf,,DA3185652,leeg.pdf,,DA3647095,leeg.pdf,,DA3569329,leeg.pdf,
DA3192350,leeg.pdf,,DA3427987,leeg.pdf,,DA3293227,leeg.pdf,,DA3863604,leeg.pdf,,DA3525731,leeg.pdf,,DA3423634,leeg.pdf,,DA3361893,leeg.pdf,,DA3089361,leeg.pdf,,DA3155294,leeg.pdf,,DA3259111,leeg.pdf,,DA3307598,leeg.pdf,,DA3725976,leeg.pdf,,DA3583683,leeg.pdf,,DA3575892,leeg.pdf,,DA3090717,leeg.pdf,
DA3425470,leeg.pdf,,DA3200511,leeg.pdf,,DA3459349,leeg.pdf,,DA3135422,leeg.pdf,,DA3163382,leeg.pdf,,DA3051933,leeg.pdf,,DA3117753,leeg.pdf,,DA3765097,leeg.pdf,,DA3433814,leeg.pdf,,DA3548792,leeg.pdf,,DA3919823,leeg.pdf,,DA3192586,leeg.pdf,,DA3286446,leeg.pdf,,DA3508338,leeg.pdf,,DA3274380,leeg.pdf,
DA3899008,leeg.pdf,,DA3364882,leeg.pdf,,DA3714091,leeg.pdf,,DA3151817,leeg.pdf,,DA3056786,leeg.pdf,,DA3538867,leeg.pdf,,DA3629092,leeg.pdf,,DA3830599,leeg.pdf,,DA3187180,leeg.pdf,,DA3737963,leeg.pdf,,DA3857875,leeg.pdf,,DA3273803,leeg.pdf,,DA3390483,leeg.pdf,,DA3058266,leeg.pdf,,DA3195443,leeg.pdf,
DA3582994,leeg.pdf,,DA3316121,leeg.pdf,,DA3617704,leeg.pdf,,DA3358268,leeg.pdf,,DA3782141,leeg.pdf,,DA3088694,leeg.pdf,,DA3534622,leeg.pdf,,DA3310796,leeg.pdf,,DA3477318,leeg.pdf,,DA3422193,leeg.pdf,,DA3553169,leeg.pdf,,DA3958672,leeg.pdf,,DA3783979,leeg.pdf,,DA3372765,leeg.pdf,,DA3699663,leeg.pdf,
DA3767527,leeg.pdf,,DA3360483,leeg.pdf,,DA3043649,leeg.pdf,,DA3735078,leeg.pdf,,DA3702153,leeg.pdf,,DA3882401,leeg.pdf,,DA3276295,leeg.pdf,,DA3691909,leeg.pdf,,DA3818037,leeg.pdf,,DA3671966,leeg.pdf,,DA3195536,leeg.pdf,,DA3051163,leeg.pdf,,DA3856630,leeg.pdf,,DA3648467,leeg.pdf,,DA3143807,leeg.pdf,
DA3842464,leeg.pdf,,DA3896287,leeg.pdf,,DA3192890,leeg.pdf,,DA3041309,leeg.pdf,,DA3678828,leeg.pdf,,DA3643446,leeg.pdf,,DA3284085,leeg.pdf,,DA3364493,leeg.pdf,,DA3095795,leeg.pdf,,DA3141847,leeg.pdf,,DA3087875,leeg.pdf,,DA3210698,leeg.pdf,,DA3833058,leeg.pdf,,DA3819220,leeg.pdf,,DA3337116,leeg.pdf,
DA3205515,leeg.pdf,,DA3648825,leeg.pdf,,DA3855254,leeg.pdf,,DA3390655,leeg.pdf,,DA3218278,leeg.pdf,,DA3824718,leeg.pdf,,DA3349552,leeg.pdf,,DA3884771,leeg.pdf,,DA3333866,leeg.pdf,,DA3797660,leeg.pdf,,DA3332563,leeg.pdf,,DA3388688,leeg.pdf,,DA3201771,leeg.pdf,,DA3113384,leeg.pdf,,DA3141198,leeg.pdf,
DA3086230,leeg.pdf,,DA3131441,leeg.pdf,,DA3560785,leeg.pdf,,DA3766376,leeg.pdf,,DA3074544,leeg.pdf,,DA3568629,leeg.pdf,,DA3076140,leeg.pdf,,DA3547449,leeg.pdf,,DA3275887,leeg.pdf,,DA3157198,leeg.pdf,,DA3484267,leeg.pdf,,DA3715431,leeg.pdf,,DA3190689,leeg.pdf,,DA3571440,leeg.pdf,,DA3249661,leeg.pdf,
DA3830895,leeg.pdf,,DA3712659,leeg.pdf,,DA3504799,leeg.pdf,,DA3626394,leeg.pdf,,DA3997866,leeg.pdf,,DA3223887,leeg.pdf,,DA3947890,leeg.pdf,,DA3107430,leeg.pdf,,DA3335773,leeg.pdf,,DA3453846,leeg.pdf,,DA3358145,leeg.pdf,,DA3960169,leeg.pdf,,DA3223607,leeg.pdf,,DA3710180,leeg.pdf,,DA3749028,leeg.pdf,
DA3054298,leeg.pdf,,DA3150703,leeg.pdf,,DA3542632,leeg.pdf,,DA3114240,leeg.pdf,,DA3463562,leeg.pdf,,DA3863347,leeg.pdf,,DA3871497,leeg.pdf,,DA3919632,leeg.pdf,,DA3486530,leeg.pdf,,DA3740749,leeg.pdf,,DA3277743,leeg.pdf,,DA3977654,leeg.pdf,,DA3261354,leeg.pdf,,DA3488262,leeg.pdf,,DA3123515,leeg.pdf,
DA3227907,leeg.pdf,,DA3541682,leeg.pdf,,DA3837812,leeg.pdf,,DA3851217,leeg.pdf,,DA3821482,leeg.pdf,,DA3780036,leeg.pdf,,DA3095634,leeg.pdf,,DA3950807,leeg.pdf,,DA3172580,leeg.pdf,,DA3066643,leeg.pdf,,DA3203343,leeg.pdf,,DA3542940,leeg.pdf,,DA3415441,leeg.pdf,,DA3107226,leeg.pdf,,DA3704100,leeg.pdf,
DA3508275,leeg.pdf,,DA3157420,leeg.pdf,,DA3081566,leeg.pdf,,DA3618084,leeg.pdf,,DA3062329,leeg.pdf,,DA3072493,leeg.pdf,,DA3712144,leeg.pdf,,DA3792953,leeg.pdf,,DA3205665,leeg.pdf,,DA3169224,leeg.pdf,,DA3086106,leeg.pdf,,DA3492116,leeg.pdf,,DA3961648,leeg.pdf,,DA3083273,leeg.pdf,,DA3162039,leeg.pdf,
DA3916687,leeg.pdf,,DA3262012,leeg.pdf,,DA3054373,leeg.pdf,,DA3487819,leeg.pdf,,DA3073716,leeg.pdf,,DA3344831,leeg.pdf,,DA3275929,leeg.pdf,,DA3639898,leeg.pdf,,DA3303335,leeg.pdf,,DA3266188,leeg.pdf,,DA3951083,leeg.pdf,,DA3522645,leeg.pdf,,DA3929705,leeg.pdf,,DA3139658,leeg.pdf,,DA3124496,leeg.pdf,
DA3744384,leeg.pdf,,DA3256648,leeg.pdf,,DA3161735,leeg.pdf,,DA3836690,leeg.pdf,,DA3264101,leeg.pdf,,DA3243493,leeg.pdf,,DA3215533,leeg.pdf,,DA3252562,leeg.pdf,,DA3210823,leeg.pdf,,DA3253903,leeg.pdf,,DA3253192,leeg.pdf,,DA3556986,leeg.pdf,,DA3702111,leeg.pdf,,DA3351293,leeg.pdf,,DA3100009,leeg.pdf,
DA3091004,leeg.pdf,,DA3171100,leeg.pdf,,DA3200294,leeg.pdf,,DA3616378,leeg.pdf,,DA3828051,leeg.pdf,,DA3137533,leeg.pdf,,DA3968403,leeg.pdf,,DA3494330,leeg.pdf,,DA3239013,leeg.pdf,,DA3430212,leeg.pdf,,DA3629911,leeg.pdf,,DA3466693,leeg.pdf,,DA3592787,leeg.pdf,,DA3160351,leeg.pdf,,DA3349719,leeg.pdf,
DA3172486,leeg.pdf,,DA3181364,leeg.pdf,,DA3969086,leeg.pdf,,DA3204403,leeg.pdf,,DA3095500,leeg.pdf,,DA3421447,leeg.pdf,,DA3948610,leeg.pdf,,DA3435251,leeg.pdf,,DA3427424,leeg.pdf,,DA3472916,leeg.pdf,,DA3750310,leeg.pdf,,DA3459672,leeg.pdf,,DA3783215,leeg.pdf,,DA3620893,leeg.pdf,,DA3963859,leeg.pdf,
DA3330124,leeg.pdf,,DA3954605,leeg.pdf,,DA3419097,leeg.pdf,,DA3695677,leeg.pdf,,DA3055766,leeg.pdf,,DA3399555,leeg.pdf,,DA3243444,leeg.pdf,,DA3687907,leeg.pdf,,DA3926111,leeg.pdf,,DA3575852,leeg.pdf,,DA3377745,leeg.pdf,,DA3939640,leeg.pdf,,DA3567172,leeg.pdf,,DA3671636,leeg.pdf,,DA3049563,leeg.pdf,
DA3647222,leeg.pdf,,DA3907192,leeg.pdf,,DA3919701,leeg.pdf,,DA3241952,leeg.pdf,,DA3222119,leeg.pdf,,DA3476878,leeg.pdf,,DA3979033,leeg.pdf,,DA3238730,leeg.pdf,,DA3223238,leeg.pdf,,DA3342873,leeg.pdf,,DA3606806,leeg.pdf,,DA3445018,leeg.pdf,,DA3313468,leeg.pdf,,DA3265220,leeg.pdf,,DA3836009,leeg.pdf,
DA3113466,leeg.pdf,,DA3230646,leeg.pdf,,DA3163507,leeg.pdf,,DA3916160,leeg.pdf,,DA3678054,leeg.pdf,,DA3500547,leeg.pdf,,DA3093635,leeg.pdf,,DA3578832,leeg.pdf,,DA3202639,leeg.pdf,,DA3310299,leeg.pdf,,DA3284709,leeg.pdf,,DA3550185,leeg.pdf,,DA3760736,leeg.pdf,,DA3152570,leeg.pdf,,DA3789301,leeg.pdf,
DA3422918,leeg.pdf,,DA3203465,leeg.pdf,,DA3990328,leeg.pdf,,DA3611238,leeg.pdf,,DA3749298,leeg.pdf,,DA3894834,leeg.pdf,,DA3832041,leeg.pdf,,DA3328649,leeg.pdf,,DA3177192,leeg.pdf,,DA3420422,leeg.pdf,,DA3429270,leeg.pdf,,DA3679368,leeg.pdf,,DA3450299,leeg.pdf,,DA3355918,leeg.pdf,,DA3274882,leeg.pdf,
DA3303530,leeg.pdf,,DA3958071,leeg.pdf,,DA3290660,leeg.pdf,,DA3289744,leeg.pdf,,DA3829210,leeg.pdf,,DA3383979,leeg.pdf,,DA3469378,leeg.pdf,,DA3257153,leeg.pdf,,DA3262729,leeg.pdf,,DA3345523,leeg.pdf,,DA3167353,leeg.pdf,,DA3339090,leeg.pdf,,DA3338530,leeg.pdf,,DA3252362,leeg.pdf,,DA3637916,leeg.pdf,
DA3608475,leeg.pdf,,DA3476969,leeg.pdf,,DA3648189,leeg.pdf,,DA3570833,leeg.pdf,,DA3981440,leeg.pdf,,DA3837650,leeg.pdf,,DA3832389,leeg.pdf,,DA3715054,leeg.pdf,,DA3513525,leeg.pdf,,DA3844433,leeg.pdf,,DA3223431,leeg.pdf,,DA3231567,leeg.pdf,,DA3292895,leeg.pdf,,DA3298332,leeg.pdf,,DA3315612,leeg.pdf,
DA3402390,leeg.pdf,,DA3631005,leeg.pdf,,DA3484633,leeg.pdf,,DA3237609,leeg.pdf,,DA3934067,leeg.pdf,,DA3809453,leeg.pdf,,DA3247271,leeg.pdf,,DA3821698,leeg.pdf,,DA3230803,leeg.pdf,,DA3769397,leeg.pdf,,DA3084347,leeg.pdf,,DA3369878,leeg.pdf,,DA3437853,leeg.pdf,,DA3698519,leeg.pdf,,DA3594819,leeg.pdf,
DA3704517,leeg.pdf,,DA3348383,leeg.pdf,,DA3591265,leeg.pdf,,DA3838844,leeg.pdf,,DA3637082,leeg.pdf,,DA3406332,leeg.pdf,,DA3079168,leeg.pdf,,DA3202188,leeg.pdf,,DA3335110,leeg.pdf,,DA3813668,leeg.pdf,,DA3262716,leeg.pdf,,DA3252045,leeg.pdf,,DA3158742,leeg.pdf,,DA3542354,leeg.pdf,,DA3167268,leeg.pdf,
DA3240023,leeg.pdf,,DA3773510,leeg.pdf,,DA3897189,leeg.pdf,,DA3587154,leeg.pdf,,DA3334161,leeg.pdf,,DA3815991,leeg.pdf,,DA3756088,leeg.pdf,,DA3136750,leeg.pdf,,DA3461579,leeg.pdf,,DA3651438,leeg.pdf,,DA3166682,leeg.pdf,,DA3049490,leeg.pdf,,DA3164292,leeg.pdf,,DA3740913,leeg.pdf,,DA3475084,leeg.pdf,
DA3778425,leeg.pdf,,DA3039148,leeg.pdf,,DA3136240,leeg.pdf,,DA3540871,leeg.pdf,,DA3153907,leeg.pdf,,DA3204038,leeg.pdf,,DA3261023,leeg.pdf,,DA3308751,leeg.pdf,,DA3163243,leeg.pdf,,DA3982209,leeg.pdf,,DA3149299,leeg.pdf,,DA3225539,leeg.pdf,,DA3320685,leeg.pdf,,DA3439548,leeg.pdf,,DA3148297,leeg.pdf,
DA3271170,leeg.pdf,,DA3196644,leeg.pdf,,DA3586043,leeg.pdf,,DA3261521,leeg.pdf,,DA3211232,leeg.pdf,,DA3942124,leeg.pdf,,DA3932151,leeg.pdf,,DA3132573,leeg.pdf,,DA3402185,leeg.pdf,,DA3049736,leeg.pdf,,DA3240261,leeg.pdf,,DA3713062,leeg.pdf,,DA3055999,leeg.pdf,,DA3643365,leeg.pdf,,DA3414268,leeg.pdf,
DA3516820,leeg.pdf,,DA3277086,leeg.pdf,,DA3816947,leeg.pdf,,DA3413588,leeg.pdf,,DA3875976,leeg.pdf,,DA3515415,leeg.pdf,,DA3193528,leeg.pdf,,DA3042332,leeg.pdf,,DA3510242,leeg.pdf,,DA3628312,leeg.pdf,,DA3152118,leeg.pdf,,DA3893482,leeg.pdf,,DA3592196,leeg.pdf,,DA3565505,leeg.pdf,,DA3072424,leeg.pdf,
DA3317880,leeg.pdf,,DA3039193,leeg.pdf,,DA3694732,leeg.pdf,,DA3657537,leeg.pdf,,DA3183461,leeg.pdf,,DA3522023,leeg.pdf,,DA3107690,leeg.pdf,,DA3926429,leeg.pdf,,DA3893242,leeg.pdf,,DA3284964,leeg.pdf,,DA3134885,leeg.pdf,,DA3455147,leeg.pdf,,DA3793575,leeg.pdf,,DA3274301,leeg.pdf,,DA3562076,leeg.pdf,
DA3157664,leeg.pdf,,DA3098519,leeg.pdf,,DA3160073,leeg.pdf,,DA3156234,leeg.pdf,,DA3389247,leeg.pdf,,DA3500848,leeg.pdf,,DA3100111,leeg.pdf,,DA3264764,leeg.pdf,,DA3368904,leeg.pdf,,DA3675556,leeg.pdf,,DA3336046,leeg.pdf,,DA3539234,leeg.pdf,,DA3742150,leeg.pdf,,DA3850369,leeg.pdf,,DA3350527,leeg.pdf,
DA3327639,leeg.pdf,,DA3099329,leeg.pdf,,DA3041764,leeg.pdf,,DA3716392,leeg.pdf,,DA3523929,leeg.pdf,,DA3285780,leeg.pdf,,DA3238963,leeg.pdf,,DA3731362,leeg.pdf,,DA3503999,leeg.pdf,,DA3802656,leeg.pdf,,DA3662370,leeg.pdf,,DA3516161,leeg.pdf,,DA3598936,leeg.pdf,,DA3389022,leeg.pdf,,DA3543047,leeg.pdf,
DA3879496,leeg.pdf,,DA3131970,leeg.pdf,,DA3726192,leeg.pdf,,DA3079308,leeg.pdf,,DA3872531,leeg.pdf,,DA3876463,leeg.pdf,,DA3534708,leeg.pdf,,DA3511735,leeg.pdf,,DA3673638,leeg.pdf,,DA3107071,leeg.pdf,,DA3809732,leeg.pdf,,DA3424239,leeg.pdf,,DA3088390,leeg.pdf,,DA3665892,leeg.pdf,,DA3168406,leeg.pdf,
DA3386993,leeg.pdf,,DA3310652,leeg.pdf,,DA3452551,leeg.pdf,,DA3071487,leeg.pdf,,DA3656356,leeg.pdf,,DA3621538,leeg.pdf,,DA3540219,leeg.pdf,,DA3794582,leeg.pdf,,DA3522470,leeg.pdf,,DA3484326,leeg.pdf,,DA3233764,leeg.pdf,,DA3664286,leeg.pdf,,DA3322966,leeg.pdf,,DA3572209,leeg.pdf,,DA3733349,leeg.pdf,
DA3953179,leeg.pdf,,DA3383598,leeg.pdf,,DA3906258,leeg.pdf,,DA3554721,leeg.pdf,,DA3746231,leeg.pdf,,DA3643997,leeg.pdf,,DA3095738,leeg.pdf,,DA3753448,leeg.pdf,,DA3502239,leeg.pdf,,DA3211079,leeg.pdf,,DA3243671,leeg.pdf,,DA3566275,leeg.pdf,,DA3592856,leeg.pdf,,DA3140563,leeg.pdf,,DA3746114,leeg.pdf,
DA3511851,leeg.pdf,,DA3051222,leeg.pdf,,DA3103717,leeg.pdf,,DA3326029,leeg.pdf,,DA3736047,leeg.pdf,,DA3833053,leeg.pdf,,DA3146940,leeg.pdf,,DA3484590,leeg.pdf,,DA3699686,leeg.pdf,,DA3292304,leeg.pdf,,DA3124475,leeg.pdf,,DA3232116,leeg.pdf,,DA3145143,leeg.pdf,,DA3199315,leeg.pdf,,DA3526658,leeg.pdf,
DA3858067,leeg.pdf,,DA3427218,leeg.pdf,,DA3465906,leeg.pdf,,DA3135385,leeg.pdf,,DA3222979,leeg.pdf,,DA3565084,leeg.pdf,,DA3452121,leeg.pdf,,DA3325629,leeg.pdf,,DA3275551,leeg.pdf,,DA3308558,leeg.pdf,,DA3106072,leeg.pdf,,DA3525713,leeg.pdf,,DA3368820,leeg.pdf,,DA3937501,leeg.pdf,,DA3052113,leeg.pdf,
DA3048871,leeg.pdf,,DA3120197,leeg.pdf,,DA3775482,leeg.pdf,,DA3647829,leeg.pdf,,DA3504443,leeg.pdf,,DA3404878,leeg.pdf,,DA3335381,leeg.pdf,,DA3959730,leeg.pdf,,DA3175865,leeg.pdf,,DA3380936,leeg.pdf,,DA3318283,leeg.pdf,,DA3748380,leeg.pdf,,DA3845517,leeg.pdf,,DA3407836,leeg.pdf,,DA3245538,leeg.pdf,
DA3964778,leeg.pdf,,DA3177527,leeg.pdf,,DA3751857,leeg.pdf,,DA3130071,leeg.pdf,,DA3985644,leeg.pdf,,DA3290088,leeg.pdf,,DA3701658,leeg.pdf,,DA3188292,leeg.pdf,,DA3109721,leeg.pdf,,DA3602453,leeg.pdf,,DA3291710,leeg.pdf,,DA3873330,leeg.pdf,,DA3188831,leeg.pdf,,DA3178474,leeg.pdf,,DA3513124,leeg.pdf,
DA3552298,leeg.pdf,,DA3278821,leeg.pdf,,DA3176579,leeg.pdf,,DA3123005,leeg.pdf,,DA3239596,leeg.pdf,,DA3763163,leeg.pdf,,DA3151696,leeg.pdf,,DA3165488,leeg.pdf,,DA3583918,leeg.pdf,,DA3043818,leeg.pdf,,DA3418215,leeg.pdf,,DA3205930,leeg.pdf,,DA3360211,leeg.pdf,,DA3371482,leeg.pdf,,DA3491320,leeg.pdf,
DA3785664,leeg.pdf,,DA3385135,leeg.pdf,,DA3204497,leeg.pdf,,DA3047420,leeg.pdf,,DA3464453,leeg.pdf,,DA3225105,leeg.pdf,,DA3489092,leeg.pdf,,DA3207076,leeg.pdf,,DA3693927,leeg.pdf,,DA3802158,leeg.pdf,,DA3282054,leeg.pdf,,DA3077579,leeg.pdf,,DA3702342,leeg.pdf,,DA3072183,leeg.pdf,,DA3368564,leeg.pdf,
DA3308112,leeg.pdf,,DA3477717,leeg.pdf,,DA3460100,leeg.pdf,,DA3139315,leeg.pdf,,DA3726094,leeg.pdf,,DA3584636,leeg.pdf,,DA3769051,leeg.pdf,,DA3815885,leeg.pdf,,DA3084966,leeg.pdf,,DA3424375,leeg.pdf,,DA3385650,leeg.pdf,,DA3294594,leeg.pdf,,DA3903699,leeg.pdf,,DA3465105,leeg.pdf,,DA3085712,leeg.pdf,
DA3333087,leeg.pdf,,DA3121413,leeg.pdf,,DA3705752,leeg.pdf,,DA3272481,leeg.pdf,,DA3300008,leeg.pdf,,DA3255021,leeg.pdf,,DA3215039,leeg.pdf,,DA3178242,leeg.pdf,,DA3629614,leeg.pdf,,DA3758816,leeg.pdf,,DA3744610,leeg.pdf,,DA3691296,leeg.pdf,,DA3806774,leeg.pdf,,DA3196239,leeg.pdf,,DA3801774,leeg.pdf,
DA3247991,leeg.pdf,,DA3126108,leeg.pdf,,DA3467303,leeg.pdf,,DA3647203,leeg.pdf,,DA3309121,leeg.pdf,,DA3541957,leeg.pdf,,DA3057953,leeg.pdf,,DA3120141,leeg.pdf,,DA3192624,leeg.pdf,,DA3708291,leeg.pdf,,DA3139607,leeg.pdf,,DA3653941,leeg.pdf,,DA3985744,leeg.pdf,,DA3170836,leeg.pdf,,DA3449112,leeg.pdf,
DA3940615,leeg.pdf,,DA3930888,leeg.pdf,,DA3818578,leeg.pdf,,DA3314745,leeg.pdf,,DA3855956,leeg.pdf,,DA3678755,leeg.pdf,,DA3054008,leeg.pdf,,DA3191004,leeg.pdf,,DA3713553,leeg.pdf,,DA3398455,leeg.pdf,,DA3385416,leeg.pdf,,DA3103673,leeg.pdf,,DA3782942,leeg.pdf,,DA3341849,leeg.pdf,,DA3368698,leeg.pdf,
DA3183170,leeg.pdf,,DA3379958,leeg.pdf,,DA3969974,leeg.pdf,,DA3243988,leeg.pdf,,DA3967598,leeg.pdf,,DA3488023,leeg.pdf,,DA3210813,leeg.pdf,,DA3108839,leeg.pdf,,DA3985645,leeg.pdf,,DA3345969,leeg.pdf,,DA3107687,leeg.pdf,,DA3360555,leeg.pdf,,DA3040100,leeg.pdf,,DA3154555,leeg.pdf,,DA3391896,leeg.pdf,
DA3156668,leeg.pdf,,DA3123568,leeg.pdf,,DA3773847,leeg.pdf,,DA3415297,leeg.pdf,,DA3160278,leeg.pdf,,DA3149273,leeg.pdf,,DA3600295,leeg.pdf,,DA3979812,leeg.pdf,,DA3309062,leeg.pdf,,DA3182078,leeg.pdf,,DA3823088,leeg.pdf,,DA3142628,leeg.pdf,,DA3279221,leeg.pdf,,DA3246030,leeg.pdf,,DA3087289,leeg.pdf,
DA3314708,leeg.pdf,,DA3350871,leeg.pdf,,DA3217324,leeg.pdf,,DA3762076,leeg.pdf,,DA3195641,leeg.pdf,,DA3490379,leeg.pdf,,DA3310336,leeg.pdf,,DA3366533,leeg.pdf,,DA3046852,leeg.pdf,,DA3573807,leeg.pdf,,DA3126039,leeg.pdf,,DA3096038,leeg.pdf,,DA3625578,leeg.pdf,,DA3454993,leeg.pdf,,DA3192366,leeg.pdf,
DA3946317,leeg.pdf,,DA3478270,leeg.pdf,,DA3223414,leeg.pdf,,DA3260119,leeg.pdf,,DA3516758,leeg.pdf,,DA3671560,leeg.pdf,,DA3739799,leeg.pdf,,DA3500413,leeg.pdf,,DA3438414,leeg.pdf,,DA3091411,leeg.pdf,,DA3975799,leeg.pdf,,DA3986994,leeg.pdf,,DA3160532,leeg.pdf,,DA3916280,leeg.pdf,,DA3597442,leeg.pdf,
DA3386188,leeg.pdf,,DA3556688,leeg.pdf,,DA3082175,leeg.pdf,,DA3138856,leeg.pdf,,DA3815516,leeg.pdf,,DA3957245,leeg.pdf,,DA3619271,leeg.pdf,,DA3706158,leeg.pdf,,DA3044303,leeg.pdf,,DA3330169,leeg.pdf,,DA3202647,leeg.pdf,,DA3432074,leeg.pdf,,DA3863404,leeg.pdf,,DA3037681,leeg.pdf,,DA3881766,leeg.pdf,
DA3207290,leeg.pdf,,DA3057949,leeg.pdf,,DA3569319,leeg.pdf,,DA3030723,leeg.pdf,,DA3424426,leeg.pdf,,DA3348981,leeg.pdf,,DA3959765,leeg.pdf,,DA3102341,leeg.pdf,,DA3361825,leeg.pdf,,DA3425008,leeg.pdf,,DA3294453,leeg.pdf,,DA3124253,leeg.pdf,,DA3600737,leeg.pdf,,DA3044466,leeg.pdf,,DA3222265,leeg.pdf,
DA3808503,leeg.pdf,,DA3797365,leeg.pdf,,DA3096481,leeg.pdf,,DA3068523,leeg.pdf,,DA3723975,leeg.pdf,,DA3710050,leeg.pdf,,DA3181107,leeg.pdf,,DA3149332,leeg.pdf,,DA3976110,leeg.pdf,,DA3134499,leeg.pdf,,DA3595925,leeg.pdf,,DA3756678,leeg.pdf,,DA3114041,leeg.pdf,,DA3552967,leeg.pdf,,DA3424558,leeg.pdf,
DA3262060,leeg.pdf,,DA3904296,leeg.pdf,,DA3425640,leeg.pdf,,DA3249422,leeg.pdf,,DA3836691,leeg.pdf,,DA3828633,leeg.pdf,,DA3561550,leeg.pdf,,DA3919732,leeg.pdf,,DA3610537,leeg.pdf,,DA3071924,leeg.pdf,,DA3465203,leeg.pdf,,DA3568513,leeg.pdf,,DA3424569,leeg.pdf,,DA3212406,leeg.pdf,,DA3208065,leeg.pdf,
DA3080104,leeg.pdf,,DA3793553,leeg.pdf,,DA3082865,leeg.pdf,,DA3791808,leeg.pdf,,DA3443871,leeg.pdf,,DA3113951,leeg.pdf,,DA3047983,leeg.pdf,,DA3058350,leeg.pdf,,DA3645988,leeg.pdf,,DA3298510,leeg.pdf,,DA3499060,leeg.pdf,,DA3043773,leeg.pdf,,DA3835998,leeg.pdf,,DA3284585,leeg.pdf,,DA3362569,leeg.pdf,
DA3564328,leeg.pdf,,DA3125185,leeg.pdf,,DA3316679,leeg.pdf,,DA3732804,leeg.pdf,,DA3950852,leeg.pdf,,DA3070114,leeg.pdf,,DA3663000,leeg.pdf,,DA3236379,leeg.pdf,,DA3739223,leeg.pdf,,DA3746420,leeg.pdf,,DA3778236,leeg.pdf,,DA3308957,leeg.pdf,,DA3226598,leeg.pdf,,DA3860412,leeg.pdf,,DA3142752,leeg.pdf,
DA3244422,leeg.pdf,,DA3198511,leeg.pdf,,DA3289959,leeg.pdf,,DA3667795,leeg.pdf,,DA3139500,leeg.pdf,,DA3118442,leeg.pdf,,DA3283575,leeg.pdf,,DA3590716,leeg.pdf,,DA3764321,leeg.pdf,,DA3226405,leeg.pdf,,DA3403127,leeg.pdf,,DA3136119,leeg.pdf,,DA3431565,leeg.pdf,,DA3698186,leeg.pdf,,DA3534761,leeg.pdf,
DA3997814,leeg.pdf,,DA3110700,leeg.pdf,,DA3913080,leeg.pdf,,DA3888408,leeg.pdf,,DA3217213,leeg.pdf,,DA3356817,leeg.pdf,,DA3583018,leeg.pdf,,DA3944651,leeg.pdf,,DA3164968,leeg.pdf,,DA3333722,leeg.pdf,,DA3065233,leeg.pdf,,DA3036259,leeg.pdf,,DA3518924,leeg.pdf,,DA3579583,leeg.pdf,,DA3325280,leeg.pdf,
DA3220048,leeg.pdf,,DA3132525,leeg.pdf,,DA3655281,leeg.pdf,,DA3666705,leeg.pdf,,DA3302984,leeg.pdf,,DA3990910,leeg.pdf,,DA3859189,leeg.pdf,,DA3478060,leeg.pdf,,DA3693983,leeg.pdf,,DA3326488,leeg.pdf,,DA3865076,leeg.pdf,,DA3916348,leeg.pdf,,DA3322998,leeg.pdf,,DA3359262,leeg.pdf,,DA3053556,leeg.pdf,
DA3846736,leeg.pdf,,DA3036212,leeg.pdf,,DA3613515,leeg.pdf,,DA3227876,leeg.pdf,,DA3714299,leeg.pdf,,DA3963775,leeg.pdf,,DA3236128,leeg.pdf,,DA3791417,leeg.pdf,,DA3157930,leeg.pdf,,DA3143277,leeg.pdf,,DA3303956,leeg.pdf,,DA3152567,leeg.pdf,,DA3113735,leeg.pdf,,DA3785414,leeg.pdf,,DA3619938,leeg.pdf,
DA3217955,leeg.pdf,,DA3977703,leeg.pdf,,DA3383267,leeg.pdf,,DA3248495,leeg.pdf,,DA3782409,leeg.pdf,,DA3134379,leeg.pdf,,DA3340650,leeg.pdf,,DA3721283,leeg.pdf,,DA3202397,leeg.pdf,,DA3646636,leeg.pdf,,DA3122344,leeg.pdf,,DA3844755,leeg.pdf,,DA3848475,leeg.pdf,,DA3915881,leeg.pdf,,DA3311886,leeg.pdf,
DA3736058,leeg.pdf,,DA3489311,leeg.pdf,,DA3759742,leeg.pdf,,DA3183434,leeg.pdf,,DA3443275,leeg.pdf,,DA3050165,leeg.pdf,,DA3098466,leeg.pdf,,DA3145571,leeg.pdf,,DA3278729,leeg.pdf,,DA3090985,leeg.pdf,,DA3389702,leeg.pdf,,DA3076647,leeg.pdf,,DA3238708,leeg.pdf,,DA3142915,leeg.pdf,,DA3285122,leeg.pdf,
DA3512163,leeg.pdf,,DA3755836,leeg.pdf,,DA3438352,leeg.pdf,,DA3437427,leeg.pdf,,DA3478742,leeg.pdf,,DA3481589,leeg.pdf,,DA3158793,leeg.pdf,,DA3149668,leeg.pdf,,DA3644724,leeg.pdf,,DA3263215,leeg.pdf,,DA3815719,leeg.pdf,,DA3542610,leeg.pdf,,DA3829028,leeg.pdf,,DA3941406,leeg.pdf,,DA3048732,leeg.pdf,
DA3421744,leeg.pdf,,DA3438025,leeg.pdf,,DA3794682,leeg.pdf,,DA3625577,leeg.pdf,,DA3101524,leeg.pdf,,DA3234107,leeg.pdf,,DA3981183,leeg.pdf,,DA3555807,leeg.pdf,,DA3449319,leeg.pdf,,DA3227780,leeg.pdf,,DA3202217,leeg.pdf,,DA3409727,leeg.pdf,,DA3184575,leeg.pdf,,DA3387066,leeg.pdf,,DA3715688,leeg.pdf,
DA3371092,leeg.pdf,,DA3560375,leeg.pdf,,DA3103650,leeg.pdf,,DA3588495,leeg.pdf,,DA3220307,leeg.pdf,,DA3515272,leeg.pdf,,DA3627545,leeg.pdf,,DA3869075,leeg.pdf,,DA3771578,leeg.pdf,,DA3600488,leeg.pdf,,DA3362620,leeg.pdf,,DA3126886,leeg.pdf,,DA3091765,leeg.pdf,,DA3866775,leeg.pdf,,DA3038388,leeg.pdf,
DA3260219,leeg.pdf,,DA3970747,leeg.pdf,,DA3148693,leeg.pdf,,DA3702405,leeg.pdf,,DA3052913,leeg.pdf,,DA3263064,leeg.pdf,,DA3202143,leeg.pdf,,DA3657528,leeg.pdf,,DA3087552,leeg.pdf,,DA3634360,leeg.pdf,,DA3527082,leeg.pdf,,DA3061445,leeg.pdf,,DA3236252,leeg.pdf,,DA3343526,leeg.pdf,,DA3347465,leeg.pdf,
DA3036889,leeg.pdf,,DA3805419,leeg.pdf,,DA3549685,leeg.pdf,,DA3868734,leeg.pdf,,DA3050913,leeg.pdf,,DA3480575,leeg.pdf,,DA3918613,leeg.pdf,,DA3180051,leeg.pdf,,DA3724214,leeg.pdf,,DA3609194,leeg.pdf,,DA3791887,leeg.pdf,,DA3857618,leeg.pdf,,DA3159804,leeg.pdf,,DA3475385,leeg.pdf,,DA3645734,leeg.pdf,
DA3782787,leeg.pdf,,DA3408479,leeg.pdf,,DA3138379,leeg.pdf,,DA3916731,leeg.pdf,,DA3394835,leeg.pdf,,DA3270951,leeg.pdf,,DA3405970,leeg.pdf,,DA3360890,leeg.pdf,,DA3727990,leeg.pdf,,DA3232103,leeg.pdf,,DA3334557,leeg.pdf,,DA3896907,leeg.pdf,,DA3063858,leeg.pdf,,DA3491680,leeg.pdf,,DA3973515,leeg.pdf,
DA3405734,leeg.pdf,,DA3923298,leeg.pdf,,DA3707166,leeg.pdf,,DA3491520,leeg.pdf,,DA3156339,leeg.pdf,,DA3178449,leeg.pdf,,DA3141984,leeg.pdf,,DA3119042,leeg.pdf,,DA3824080,leeg.pdf,,DA3574452,leeg.pdf,,DA3579819,leeg.pdf,,DA3165531,leeg.pdf,,DA3355094,leeg.pdf,,DA3649278,leeg.pdf,,DA3560784,leeg.pdf,
DA3451815,leeg.pdf,,DA3052922,leeg.pdf,,DA3277251,leeg.pdf,,DA3462764,leeg.pdf,,DA3512092,leeg.pdf,,DA3465053,leeg.pdf,,DA3978547,leeg.pdf,,DA3305684,leeg.pdf,,DA3553069,leeg.pdf,,DA3941660,leeg.pdf,,DA3089314,leeg.pdf,,DA3816741,leeg.pdf,,DA3057292,leeg.pdf,,DA3456101,leeg.pdf,,DA3956944,leeg.pdf,
DA3731798,leeg.pdf,,DA3068431,leeg.pdf,,DA3143605,leeg.pdf,,DA3051432,leeg.pdf,,DA3510293,leeg.pdf,,DA3308818,leeg.pdf,,DA3827802,leeg.pdf,,DA3417516,leeg.pdf,,DA3104305,leeg.pdf,,DA3462378,leeg.pdf,,DA3401256,leeg.pdf,,DA3059692,leeg.pdf,,DA3785402,leeg.pdf,,DA3495928,leeg.pdf,,DA3266055,leeg.pdf,
DA3979998,leeg.pdf,,DA3066553,leeg.pdf,,DA3065782,leeg.pdf,,DA3096018,leeg.pdf,,DA3416684,leeg.pdf,,DA3266311,leeg.pdf,,DA3837815,leeg.pdf,,DA3502769,leeg.pdf,,DA3776798,leeg.pdf,,DA3278079,leeg.pdf,,DA3188438,leeg.pdf,,DA3244174,leeg.pdf,,DA3753903,leeg.pdf,,DA3975086,leeg.pdf,,DA3233649,leeg.pdf,
DA3512214,leeg.pdf,,DA3056380,leeg.pdf,,DA3389508,leeg.pdf,,DA3169972,leeg.pdf,,DA3621508,leeg.pdf,,DA3812883,leeg.pdf,,DA3329056,leeg.pdf,,DA3142805,leeg.pdf,,DA3688621,leeg.pdf,,DA3101811,leeg.pdf,,DA3452001,leeg.pdf,,DA3208326,leeg.pdf,,DA3408964,leeg.pdf,,DA3648889,leeg.pdf,,DA3129732,leeg.pdf,
DA3394272,leeg.pdf,,DA3294242,leeg.pdf,,DA3428570,leeg.pdf,,DA3605082,leeg.pdf,,DA3102306,leeg.pdf,,DA3913747,leeg.pdf,,DA3997519,leeg.pdf,,DA3208800,leeg.pdf,,DA3189729,leeg.pdf,,DA3441090,leeg.pdf,,DA3583566,leeg.pdf,,DA3640947,leeg.pdf,,DA3284728,leeg.pdf,,DA3583289,leeg.pdf,,DA3442302,leeg.pdf,
DA3590912,leeg.pdf,,DA3986402,leeg.pdf,,DA3580592,leeg.pdf,,DA3890035,leeg.pdf,,DA3825044,leeg.pdf,,DA3143893,leeg.pdf,,DA3996318,leeg.pdf,,DA3243246,leeg.pdf,,DA3988352,leeg.pdf,,DA3503138,leeg.pdf,,DA3362934,leeg.pdf,,DA3294626,leeg.pdf,,DA3926275,leeg.pdf,,DA3214910,leeg.pdf,,DA3744476,leeg.pdf,
DA3391671,leeg.pdf,,DA3345153,leeg.pdf,,DA3511649,leeg.pdf,,DA3673756,leeg.pdf,,DA3398364,leeg.pdf,,DA3219302,leeg.pdf,,DA3352794,leeg.pdf,,DA3256102,leeg.pdf,,DA3487156,leeg.pdf,,DA3780185,leeg.pdf,,DA3789382,leeg.pdf,,DA3641258,leeg.pdf,,DA3177400,leeg.pdf,,DA3370971,leeg.pdf,,DA3212458,leeg.pdf,
DA3963490,leeg.pdf,,DA3700961,leeg.pdf,,DA3288411,leeg.pdf,,DA3870959,leeg.pdf,,DA3432860,leeg.pdf,,DA3159478,leeg.pdf,,DA3697361,leeg.pdf,,DA3050410,leeg.pdf,,DA3703732,leeg.pdf,,DA3919015,leeg.pdf,,DA3108230,leeg.pdf,,DA3435292,leeg.pdf,,DA3905200,leeg.pdf,,DA3187130,leeg.pdf,,DA3613222,leeg.pdf,
DA3581109,leeg.pdf,,DA3207641,leeg.pdf,,DA3870006,leeg.pdf,,DA3763299,leeg.pdf,,DA3334621,leeg.pdf,,DA3378734,leeg.pdf,,DA3660229,leeg.pdf,,DA3548650,leeg.pdf,,DA3592580,leeg.pdf,,DA3716340,leeg.pdf,,DA3618077,leeg.pdf,,DA3686569,leeg.pdf,,DA3191027,leeg.pdf,,DA3478906,leeg.pdf,,DA3459826,leeg.pdf,
DA3077943,leeg.pdf,,DA3156175,leeg.pdf,,DA3983821,leeg.pdf,,DA3089868,leeg.pdf,,DA3221461,leeg.pdf,,DA3504803,leeg.pdf,,DA3401771,leeg.pdf,,DA3275535,leeg.pdf,,DA3633586,leeg.pdf,,DA3307666,leeg.pdf,,DA3724788,leeg.pdf,,DA3737823,leeg.pdf,,DA3702438,leeg.pdf,,DA3065551,leeg.pdf,,DA3367715,leeg.pdf,
DA3274194,leeg.pdf,,DA3890462,leeg.pdf,,DA3088782,leeg.pdf,,DA3864617,leeg.pdf,,DA3173576,leeg.pdf,,DA3392043,leeg.pdf,,DA3046491,leeg.pdf,,DA3115996,leeg.pdf,,DA3159777,leeg.pdf,,DA3494611,leeg.pdf,,DA3183212,leeg.pdf,,DA3316321,leeg.pdf,,DA3154222,leeg.pdf,,DA3272210,leeg.pdf,,DA3272488,leeg.pdf,
DA3331137,leeg.pdf,,DA3658410,leeg.pdf,,DA3050791,leeg.pdf,,DA3325151,leeg.pdf,,DA3570487,leeg.pdf,,DA3532671,leeg.pdf,,DA3664290,leeg.pdf,,DA3157554,leeg.pdf,,DA3715759,leeg.pdf,,DA3122533,leeg.pdf,,DA3615574,leeg.pdf,,DA3114789,leeg.pdf,,DA3142225,leeg.pdf,,DA3201923,leeg.pdf,,DA3233199,leeg.pdf,
DA3472911,leeg.pdf,,DA3234028,leeg.pdf,,DA3600440,leeg.pdf,,DA3167817,leeg.pdf,,DA3238971,leeg.pdf,,DA3697897,leeg.pdf,,DA3983054,leeg.pdf,,DA3219303,leeg.pdf,,DA3204310,leeg.pdf,,DA3402382,leeg.pdf,,DA3282181,leeg.pdf,,DA3266074,leeg.pdf,,DA3778523,leeg.pdf,,DA3907927,leeg.pdf,,DA3295640,leeg.pdf,
DA3818020,leeg.pdf,,DA3972340,leeg.pdf,,DA3081475,leeg.pdf,,DA3421870,leeg.pdf,,DA3885756,leeg.pdf,,DA3581334,leeg.pdf,,DA3220608,leeg.pdf,,DA3251400,leeg.pdf,,DA3416960,leeg.pdf,,DA3931358,leeg.pdf,,DA3095709,leeg.pdf,,DA3351114,leeg.pdf,,DA3893662,leeg.pdf,,DA3629675,leeg.pdf,,DA3162137,leeg.pdf,
DA3765547,leeg.pdf,,DA3110998,leeg.pdf,,DA3140723,leeg.pdf,,DA3489164,leeg.pdf,,DA3533453,leeg.pdf,,DA3253072,leeg.pdf,,DA3573250,leeg.pdf,,DA3566101,leeg.pdf,,DA3056828,leeg.pdf,,DA3204981,leeg.pdf,,DA3260360,leeg.pdf,,DA3299622,leeg.pdf,,DA3039269,leeg.pdf,,DA3920080,leeg.pdf,,DA3101117,leeg.pdf,
DA3907242,leeg.pdf,,DA3657226,leeg.pdf,,DA3232287,leeg.pdf,,DA3837496,leeg.pdf,,DA3295561,leeg.pdf,,DA3962316,leeg.pdf,,DA3104294,leeg.pdf,,DA3788047,leeg.pdf,,DA3979333,leeg.pdf,,DA3778506,leeg.pdf,,DA3379332,leeg.pdf,,DA3975156,leeg.pdf,,DA3124032,leeg.pdf,,DA3091340,leeg.pdf,,DA3570905,leeg.pdf,
DA3344700,leeg.pdf,,DA3303257,leeg.pdf,,DA3125053,leeg.pdf,,DA3320653,leeg.pdf,,DA3378977,leeg.pdf,,DA3165739,leeg.pdf,,DA3186705,leeg.pdf,,DA3112633,leeg.pdf,,DA3480840,leeg.pdf,,DA3248931,leeg.pdf,,DA3637489,leeg.pdf,,DA3475261,leeg.pdf,,DA3826467,leeg.pdf,,DA3877388,leeg.pdf,,DA3587641,leeg.pdf,
DA3201011,leeg.pdf,,DA3097198,leeg.pdf,,DA3225798,leeg.pdf,,DA3942103,leeg.pdf,,DA3347217,leeg.pdf,,DA3384403,leeg.pdf,,DA3086422,leeg.pdf,,DA3577405,leeg.pdf,,DA3180713,leeg.pdf,,DA3890291,leeg.pdf,,DA3421694,leeg.pdf,,DA3104226,leeg.pdf,,DA3398427,leeg.pdf,,DA3061868,leeg.pdf,,DA3310050,leeg.pdf,
DA3912391,leeg.pdf,,DA3046262,leeg.pdf,,DA3274953,leeg.pdf,,DA3290784,leeg.pdf,,DA3701070,leeg.pdf,,DA3084887,leeg.pdf,,DA3719371,leeg.pdf,,DA3397613,leeg.pdf,,DA3566977,leeg.pdf,,DA3456848,leeg.pdf,,DA3341695,leeg.pdf,,DA3121748,leeg.pdf,,DA3602859,leeg.pdf,,DA3499581,leeg.pdf,,DA3932986,leeg.pdf,
DA3130373,leeg.pdf,,DA3438384,leeg.pdf,,DA3843348,leeg.pdf,,DA3087420,leeg.pdf,,DA3836950,leeg.pdf,,DA3252834,leeg.pdf,,DA3148538,leeg.pdf,,DA3135262,leeg.pdf,,DA3184522,leeg.pdf,,DA3068299,leeg.pdf,,DA3809346,leeg.pdf,,DA3644056,leeg.pdf,,DA3568424,leeg.pdf,,DA3627276,leeg.pdf,,DA3870586,leeg.pdf,
DA3091737,leeg.pdf,,DA3186356,leeg.pdf,,DA3345362,leeg.pdf,,DA3179844,leeg.pdf,,DA3956569,leeg.pdf,,DA3903980,leeg.pdf,,DA3244907,leeg.pdf,,DA3133031,leeg.pdf,,DA3671239,leeg.pdf,,DA3269696,leeg.pdf,,DA3721004,leeg.pdf,,DA3831960,leeg.pdf,,DA3756515,leeg.pdf,,DA3977287,leeg.pdf,,DA3242011,leeg.pdf,
DA3386342,leeg.pdf,,DA3664310,leeg.pdf,,DA3572961,leeg.pdf,,DA3510480,leeg.pdf,,DA3782445,leeg.pdf,,DA3323064,leeg.pdf,,DA3171956,leeg.pdf,,DA3739878,leeg.pdf,,DA3252790,leeg.pdf,,DA3093760,leeg.pdf,,DA3999029,leeg.pdf,,DA3414349,leeg.pdf,,DA3896786,leeg.pdf,,DA3311600,leeg.pdf,,DA3761209,leeg.pdf,
DA3800474,leeg.pdf,,DA3185670,leeg.pdf,,DA3102365,leeg.pdf,,DA3391637,leeg.pdf,,DA3806845,leeg.pdf,,DA3224853,leeg.pdf,,DA3572275,leeg.pdf,,DA3958541,leeg.pdf,,DA3582563,leeg.pdf,,DA3603181,leeg.pdf,,DA3839808,leeg.pdf,,DA3200990,leeg.pdf,,DA3409109,leeg.pdf,,DA3429090,leeg.pdf,,DA3624087,leeg.pdf,
DA3129843,leeg.pdf,,DA3309124,leeg.pdf,,DA3890323,leeg.pdf,,DA3495267,leeg.pdf,,DA3223796,leeg.pdf,,DA3188078,leeg.pdf,,DA3177557,leeg.pdf,,DA3185380,leeg.pdf,,DA3789408,leeg.pdf,,DA3092044,leeg.pdf,,DA3563920,leeg.pdf,,DA3519622,leeg.pdf,,DA3529583,leeg.pdf,,DA3126191,leeg.pdf,,DA3073626,leeg.pdf,
DA3157993,leeg.pdf,,DA3148887,leeg.pdf,,DA3989038,leeg.pdf,,DA3437474,leeg.pdf,,DA3436033,leeg.pdf,,DA3602959,leeg.pdf,,DA3437959,leeg.pdf,,DA3269328,leeg.pdf,,DA3833315,leeg.pdf,,DA3499170,leeg.pdf,,DA3207138,leeg.pdf,,DA3842834,leeg.pdf,,DA3216324,leeg.pdf,,DA3767127,leeg.pdf,,DA3491842,leeg.pdf,
DA3430609,leeg.pdf,,DA3205237,leeg.pdf,,DA3446290,leeg.pdf,,DA3762095,leeg.pdf,,DA3177097,leeg.pdf,,DA3415220,leeg.pdf,,DA3428529,leeg.pdf,,DA3080120,leeg.pdf,,DA3606296,leeg.pdf,,DA3140167,leeg.pdf,,DA3543039,leeg.pdf,,DA3473428,leeg.pdf,,DA3434989,leeg.pdf,,DA3891471,leeg.pdf,,DA3264867,leeg.pdf,
DA3496128,leeg.pdf,,DA3232779,leeg.pdf,,DA3101872,leeg.pdf,,DA3267895,leeg.pdf,,DA3788990,leeg.pdf,,DA3987110,leeg.pdf,,DA3705524,leeg.pdf,,DA3281382,leeg.pdf,,DA3730361,leeg.pdf,,DA3796383,leeg.pdf,,DA3192275,leeg.pdf,,DA3624328,leeg.pdf,,DA3516686,leeg.pdf,,DA3142458,leeg.pdf,,DA3389540,leeg.pdf,
DA3312648,leeg.pdf,,DA3097320,leeg.pdf,,DA3323810,leeg.pdf,,DA3605254,leeg.pdf,,DA3074893,leeg.pdf,,DA3974801,leeg.pdf,,DA3665172,leeg.pdf,,DA3140385,leeg.pdf,,DA3199759,leeg.pdf,,DA3766095,leeg.pdf,,DA3217744,leeg.pdf,,DA3153699,leeg.pdf,,DA3408282,leeg.pdf,,DA3609715,leeg.pdf,,DA3485520,leeg.pdf,
DA3426577,leeg.pdf,,DA3946625,leeg.pdf,,DA3087158,leeg.pdf,,DA3386081,leeg.pdf,,DA3625423,leeg.pdf,,DA3222706,leeg.pdf,,DA3255843,leeg.pdf,,DA3203010,leeg.pdf,,DA3635032,leeg.pdf,,DA3778051,leeg.pdf,,DA3967274,leeg.pdf,,DA3608878,leeg.pdf,,DA3496256,leeg.pdf,,DA3866968,leeg.pdf,,DA3133294,leeg.pdf,
DA3168320,leeg.pdf,,DA3083625,leeg.pdf,,DA3082289,leeg.pdf,,DA3049615,leeg.pdf,,DA3645228,leeg.pdf,,DA3066382,leeg.pdf,,DA3430537,leeg.pdf,,DA3138737,leeg.pdf,,DA3298835,leeg.pdf,,DA3224850,leeg.pdf,,DA3308173,leeg.pdf,,DA3289363,leeg.pdf,,DA3255242,leeg.pdf,,DA3062921,leeg.pdf,,DA3581614,leeg.pdf,
DA3802128,leeg.pdf,,DA3194217,leeg.pdf,,DA3509501,leeg.pdf,,DA3163802,leeg.pdf,,DA3920581,leeg.pdf,,DA3605114,leeg.pdf,,DA3159604,leeg.pdf,,DA3792385,leeg.pdf,,DA3340502,leeg.pdf,,DA3186387,leeg.pdf,,DA3221758,leeg.pdf,,DA3154116,leeg.pdf,,DA3925000,leeg.pdf,,DA3087399,leeg.pdf,,DA3114367,leeg.pdf,
DA3775597,leeg.pdf,,DA3140491,leeg.pdf,,DA3671875,leeg.pdf,,DA3911878,leeg.pdf,,DA3739667,leeg.pdf,,DA3440545,leeg.pdf,,DA3506420,leeg.pdf,,DA3769853,leeg.pdf,,DA3306253,leeg.pdf,,DA3505128,leeg.pdf,,DA3155319,leeg.pdf,,DA3519875,leeg.pdf,,DA3108424,leeg.pdf,,DA3100791,leeg.pdf,,DA3791490,leeg.pdf,
DA3574196,leeg.pdf,,DA3684608,leeg.pdf,,DA3209239,leeg.pdf,,DA3094468,leeg.pdf,,DA3119294,leeg.pdf,,DA3576524,leeg.pdf,,DA3592521,leeg.pdf,,DA3282848,leeg.pdf,,DA3568179,leeg.pdf,,DA3551776,leeg.pdf,,DA3121199,leeg.pdf,,DA3670493,leeg.pdf,,DA3456893,leeg.pdf,,DA3744121,leeg.pdf,,DA3509509,leeg.pdf,
DA3350703,leeg.pdf,,DA3999648,leeg.pdf,,DA3746426,leeg.pdf,,DA3419955,leeg.pdf,,DA3706475,leeg.pdf,,DA3047717,leeg.pdf,,DA3113208,leeg.pdf,,DA3783240,leeg.pdf,,DA3982845,leeg.pdf,,DA3261133,leeg.pdf,,DA3247959,leeg.pdf,,DA3047007,leeg.pdf,,DA3379621,leeg.pdf,,DA3220226,leeg.pdf,,DA3399646,leeg.pdf,
DA3968684,leeg.pdf,,DA3216651,leeg.pdf,,DA3269988,leeg.pdf,,DA3449489,leeg.pdf,,DA3379001,leeg.pdf,,DA3190570,leeg.pdf,,DA3557085,leeg.pdf,,DA3445656,leeg.pdf,,DA3342388,leeg.pdf,,DA3200211,leeg.pdf,,DA3787551,leeg.pdf,,DA3337724,leeg.pdf,,DA3219571,leeg.pdf,,DA3806599,leeg.pdf,,DA3568418,leeg.pdf,
DA3733291,leeg.pdf,,DA3294052,leeg.pdf,,DA3162573,leeg.pdf,,DA3178907,leeg.pdf,,DA3064252,leeg.pdf,,DA3224389,leeg.pdf,,DA3903037,leeg.pdf,,DA3089173,leeg.pdf,,DA3465204,leeg.pdf,,DA3713139,leeg.pdf,,DA3143999,leeg.pdf,,DA3502335,leeg.pdf,,DA3876231,leeg.pdf,,DA3176017,leeg.pdf,,DA3213196,leeg.pdf,
DA3206552,leeg.pdf,,DA3804749,leeg.pdf,,DA3488220,leeg.pdf,,DA3732106,leeg.pdf,,DA3171986,leeg.pdf,,DA3237697,leeg.pdf,,DA3617626,leeg.pdf,,DA3146546,leeg.pdf,,DA3095266,leeg.pdf,,DA3818887,leeg.pdf,,DA3309697,leeg.pdf,,DA3162042,leeg.pdf,,DA3125003,leeg.pdf,,DA3081748,leeg.pdf,,DA3316706,leeg.pdf,
DA3382148,leeg.pdf,,DA3130693,leeg.pdf,,DA3844380,leeg.pdf,,DA3490026,leeg.pdf,,DA3861031,leeg.pdf,,DA3084263,leeg.pdf,,DA3604858,leeg.pdf,,DA3135913,leeg.pdf,,DA3037669,leeg.pdf,,DA3763241,leeg.pdf,,DA3705313,leeg.pdf,,DA3898514,leeg.pdf,,DA3643453,leeg.pdf,,DA3114287,leeg.pdf,,DA3239835,leeg.pdf,
DA3676594,leeg.pdf,,DA3040209,leeg.pdf,,DA3040755,leeg.pdf,,DA3233600,leeg.pdf,,DA3704122,leeg.pdf,,DA3079626,leeg.pdf,,DA3095280,leeg.pdf,,DA3580141,leeg.pdf,,DA3041688,leeg.pdf,,DA3558843,leeg.pdf,,DA3557175,leeg.pdf,,DA3116795,leeg.pdf,,DA3100925,leeg.pdf,,DA3898525,leeg.pdf,,DA3806497,leeg.pdf,
DA3482550,leeg.pdf,,DA3905038,leeg.pdf,,DA3498656,leeg.pdf,,DA3440701,leeg.pdf,,DA3570932,leeg.pdf,,DA3208445,leeg.pdf,,DA3268641,leeg.pdf,,DA3261481,leeg.pdf,,DA3622247,leeg.pdf,,DA3925359,leeg.pdf,,DA3099591,leeg.pdf,,DA3324295,leeg.pdf,,DA3897618,leeg.pdf,,DA3746774,leeg.pdf,,DA3503692,leeg.pdf,
DA3477424,leeg.pdf,,DA3136341,leeg.pdf,,DA3940110,leeg.pdf,,DA3433386,leeg.pdf,,DA3758480,leeg.pdf,,DA3784691,leeg.pdf,,DA3578851,leeg.pdf,,DA3224629,leeg.pdf,,DA3521148,leeg.pdf,,DA3227192,leeg.pdf,,DA3286867,leeg.pdf,,DA3632965,leeg.pdf,,DA3757909,leeg.pdf,,DA3780737,leeg.pdf,,DA3337342,leeg.pdf,
DA3373674,leeg.pdf,,DA3656588,leeg.pdf,,DA3140960,leeg.pdf,,DA3762926,leeg.pdf,,DA3271091,leeg.pdf,,DA3122418,leeg.pdf,,DA3771159,leeg.pdf,,DA3438220,leeg.pdf,,DA3240971,leeg.pdf,,DA3587995,leeg.pdf,,DA3378678,leeg.pdf,,DA3166334,leeg.pdf,,DA3051751,leeg.pdf,,DA3812820,leeg.pdf,,DA3247248,leeg.pdf,
DA3936055,leeg.pdf,,DA3893415,leeg.pdf,,DA3259614,leeg.pdf,,DA3102168,leeg.pdf,,DA3529745,leeg.pdf,,DA3133399,leeg.pdf,,DA3157565,leeg.pdf,,DA3243862,leeg.pdf,,DA3948764,leeg.pdf,,DA3267083,leeg.pdf,,DA3149103,leeg.pdf,,DA3272386,leeg.pdf,,DA3674751,leeg.pdf,,DA3273845,leeg.pdf,,DA3116566,leeg.pdf,
DA3056557,leeg.pdf,,DA3316621,leeg.pdf,,DA3375298,leeg.pdf,,DA3435499,leeg.pdf,,DA3238539,leeg.pdf,,DA3643202,leeg.pdf,,DA3301549,leeg.pdf,,DA3047943,leeg.pdf,,DA3696168,leeg.pdf,,DA3830981,leeg.pdf,,DA3334436,leeg.pdf,,DA3261276,leeg.pdf,,DA3908985,leeg.pdf,,DA3093132,leeg.pdf,,DA3655540,leeg.pdf,
DA3846246,leeg.pdf,,DA3759732,leeg.pdf,,DA3552452,leeg.pdf,,DA3272027,leeg.pdf,,DA3744142,leeg.pdf,,DA3145631,leeg.pdf,,DA3629857,leeg.pdf,,DA3155578,leeg.pdf,,DA3821349,leeg.pdf,,DA3968593,leeg.pdf,,DA3164936,leeg.pdf,,DA3066483,leeg.pdf,,DA3940786,leeg.pdf,,DA3909137,leeg.pdf,,DA3984730,leeg.pdf,
DA3528689,leeg.pdf,,DA3675300,leeg.pdf,,DA3314997,leeg.pdf,,DA3962766,leeg.pdf,,DA3495909,leeg.pdf,,DA3148959,leeg.pdf,,DA3696112,leeg.pdf,,DA3545943,leeg.pdf,,DA3199545,leeg.pdf,,DA3346696,leeg.pdf,,DA3403474,leeg.pdf,,DA3688784,leeg.pdf,,DA3290688,leeg.pdf,,DA3635670,leeg.pdf,,DA3792947,leeg.pdf,
DA3513685,leeg.pdf,,DA3031100,leeg.pdf,,DA3249991,leeg.pdf,,DA3740221,leeg.pdf,,DA3520937,leeg.pdf,,DA3223350,leeg.pdf,,DA3331981,leeg.pdf,,DA3101922,leeg.pdf,,DA3205978,leeg.pdf,,DA3328972,leeg.pdf,,DA3695297,leeg.pdf,,DA3157679,leeg.pdf,,DA3457912,leeg.pdf,,DA3454641,leeg.pdf,,DA3978509,leeg.pdf,
DA3145991,leeg.pdf,,DA3849535,leeg.pdf,,DA3925996,leeg.pdf,,DA3103924,leeg.pdf,,DA3157409,leeg.pdf,,DA3622173,leeg.pdf,,DA3358299,leeg.pdf,,DA3148157,leeg.pdf,,DA3389150,leeg.pdf,,DA3044660,leeg.pdf,,DA3148684,leeg.pdf,,DA3321247,leeg.pdf,,DA3903396,leeg.pdf,,DA3320127,leeg.pdf,,DA3722953,leeg.pdf,
DA3753942,leeg.pdf,,DA3101070,leeg.pdf,,DA3194487,leeg.pdf,,DA3682728,leeg.pdf,,DA3069971,leeg.pdf,,DA3354323,leeg.pdf,,DA3329052,leeg.pdf,,DA3792842,leeg.pdf,,DA3193700,leeg.pdf,,DA3897764,leeg.pdf,,DA3227171,leeg.pdf,,DA3952130,leeg.pdf,,DA3883577,leeg.pdf,,DA3830009,leeg.pdf,,DA3879596,leeg.pdf,
DA3066083,leeg.pdf,,DA3091504,leeg.pdf,,DA3549890,leeg.pdf,,DA3576589,leeg.pdf,,DA3366037,leeg.pdf,,DA3999068,leeg.pdf,,DA3644916,leeg.pdf,,DA3239720,leeg.pdf,,DA3345561,leeg.pdf,,DA3539902,leeg.pdf,,DA3642496,leeg.pdf,,DA3355522,leeg.pdf,,DA3993034,leeg.pdf,,DA3070508,leeg.pdf,,DA3737921,leeg.pdf,
DA3698577,leeg.pdf,,DA3079691,leeg.pdf,,DA3361965,leeg.pdf,,DA3965705,leeg.pdf,,DA3764650,leeg.pdf,,DA3517531,leeg.pdf,,DA3171536,leeg.pdf,,DA3654845,leeg.pdf,,DA3061694,leeg.pdf,,DA3431828,leeg.pdf,,DA3406622,leeg.pdf,,DA3229290,leeg.pdf,,DA3361953,leeg.pdf,,DA3059568,leeg.pdf,,DA3522665,leeg.pdf,
DA3327104,leeg.pdf,,DA3853406,leeg.pdf,,DA3299017,leeg.pdf,,DA3354908,leeg.pdf,,DA3045211,leeg.pdf,,DA3377213,leeg.pdf,,DA3074071,leeg.pdf,,DA3097143,leeg.pdf,,DA3911753,leeg.pdf,,DA3298073,leeg.pdf,,DA3662874,leeg.pdf,,DA3137441,leeg.pdf,,DA3471485,leeg.pdf,,DA3355852,leeg.pdf,,DA3927165,leeg.pdf,
DA3173300,leeg.pdf,,DA3559376,leeg.pdf,,DA3621300,leeg.pdf,,DA3399810,leeg.pdf,,DA3768642,leeg.pdf,,DA3482223,leeg.pdf,,DA3344146,leeg.pdf,,DA3652176,leeg.pdf,,DA3170334,leeg.pdf,,DA3171640,leeg.pdf,,DA3189833,leeg.pdf,,DA3351720,leeg.pdf,,DA3156677,leeg.pdf,,DA3374181,leeg.pdf,,DA3763996,leeg.pdf,
DA3970716,leeg.pdf,,DA3920184,leeg.pdf,,DA3763315,leeg.pdf,,DA3741037,leeg.pdf,,DA3662329,leeg.pdf,,DA3522958,leeg.pdf,,DA3159375,leeg.pdf,,DA3990705,leeg.pdf,,DA3237523,leeg.pdf,,DA3400039,leeg.pdf,,DA3223496,leeg.pdf,,DA3435210,leeg.pdf,,DA3827687,leeg.pdf,,DA3604176,leeg.pdf,,DA3358981,leeg.pdf,
DA3079188,leeg.pdf,,DA3512093,leeg.pdf,,DA3867280,leeg.pdf,,DA3234389,leeg.pdf,,DA3795306,leeg.pdf,,DA3955318,leeg.pdf,,DA3317878,leeg.pdf,,DA3169621,leeg.pdf,,DA3076042,leeg.pdf,,DA3046233,leeg.pdf,,DA3315737,leeg.pdf,,DA3993137,leeg.pdf,,DA3793465,leeg.pdf,,DA3389663,leeg.pdf,,DA3702947,leeg.pdf,
DA3138123,leeg.pdf,,DA3454714,leeg.pdf,,DA3267139,leeg.pdf,,DA3207938,leeg.pdf,,DA3154618,leeg.pdf,,DA3993935,leeg.pdf,,DA3242910,leeg.pdf,,DA3639725,leeg.pdf,,DA3392750,leeg.pdf,,DA3704553,leeg.pdf,,DA3608911,leeg.pdf,,DA3165049,leeg.pdf,,DA3319424,leeg.pdf,,DA3646755,leeg.pdf,,DA3514085,leeg.pdf,
DA3417204,leeg.pdf,,DA3904149,leeg.pdf,,DA3221207,leeg.pdf,,DA3199542,leeg.pdf,,DA3659219,leeg.pdf,,DA3308287,leeg.pdf,,DA3130784,leeg.pdf,,DA3576182,leeg.pdf,,DA3070956,leeg.pdf,,DA3250239,leeg.pdf,,DA3745335,leeg.pdf,,DA3158304,leeg.pdf,,DA3160282,leeg.pdf,,DA3864535,leeg.pdf,,DA3111715,leeg.pdf,
DA3840020,leeg.pdf,,DA3775099,leeg.pdf,,DA3884749,leeg.pdf,,DA3717328,leeg.pdf,,DA3432299,leeg.pdf,,DA3337397,leeg.pdf,,DA3607115,leeg.pdf,,DA3310467,leeg.pdf,,DA3321451,leeg.pdf,,DA3605734,leeg.pdf,,DA3902055,leeg.pdf,,DA3662650,leeg.pdf,,DA3296943,leeg.pdf,,DA3843105,leeg.pdf,,DA3732397,leeg.pdf,
DA3176085,leeg.pdf,,DA3853160,leeg.pdf,,DA3052520,leeg.pdf,,DA3158621,leeg.pdf,,DA3140146,leeg.pdf,,DA3380767,leeg.pdf,,DA3372809,leeg.pdf,,DA3179999,leeg.pdf,,DA3582286,leeg.pdf,,DA3282680,leeg.pdf,,DA3742548,leeg.pdf,,DA3040883,leeg.pdf,,DA3295730,leeg.pdf,,DA3508249,leeg.pdf,,DA3058232,leeg.pdf,
DA3256960,leeg.pdf,,DA3770076,leeg.pdf,,DA3626057,leeg.pdf,,DA3071436,leeg.pdf,,DA3932604,leeg.pdf,,DA3101086,leeg.pdf,,DA3168324,leeg.pdf,,DA3224835,leeg.pdf,,DA3589107,leeg.pdf,,DA3158400,leeg.pdf,,DA3926011,leeg.pdf,,DA3388620,leeg.pdf,,DA3928843,leeg.pdf,,DA3704657,leeg.pdf,,DA3617081,leeg.pdf,
DA3577440,leeg.pdf,,DA3100933,leeg.pdf,,DA3184649,leeg.pdf,,DA3082783,leeg.pdf,,DA3707018,leeg.pdf,,DA3418326,leeg.pdf,,DA3144474,leeg.pdf,,DA3240609,leeg.pdf,,DA3255911,leeg.pdf,,DA3616871,leeg.pdf,,DA3846901,leeg.pdf,,DA3807786,leeg.pdf,,DA3376995,leeg.pdf,,DA3843290,leeg.pdf,,DA3549142,leeg.pdf,
DA3494008,leeg.pdf,,DA3555067,leeg.pdf,,DA3381536,leeg.pdf,,DA3101621,leeg.pdf,,DA3651810,leeg.pdf,,DA3599463,leeg.pdf,,DA3410155,leeg.pdf,,DA3487204,leeg.pdf,,DA3201535,leeg.pdf,,DA3653003,leeg.pdf,,DA3040262,leeg.pdf,,DA3105864,leeg.pdf,,DA3655502,leeg.pdf,,DA3298134,leeg.pdf,,DA3091295,leeg.pdf,
DA3117844,leeg.pdf,,DA3099815,leeg.pdf,,DA3648320,leeg.pdf,,DA3188423,leeg.pdf,,DA3737263,leeg.pdf,,DA3060377,leeg.pdf,,DA3783948,leeg.pdf,,DA3120124,leeg.pdf,,DA3779724,leeg.pdf,,DA3596819,leeg.pdf,,DA3201673,leeg.pdf,,DA3519685,leeg.pdf,,DA3111606,leeg.pdf,,DA3793532,leeg.pdf,,DA3248662,leeg.pdf,
DA3121738,leeg.pdf,,DA3104164,leeg.pdf,,DA3205626,leeg.pdf,,DA3542266,leeg.pdf,,DA3972829,leeg.pdf,,DA3837154,leeg.pdf,,DA3223400,leeg.pdf,,DA3433659,leeg.pdf,,DA3969386,leeg.pdf,,DA3598826,leeg.pdf,,DA3468393,leeg.pdf,,DA3318812,leeg.pdf,,DA3730323,leeg.pdf,,DA3524337,leeg.pdf,,DA3235684,leeg.pdf,
DA3096358,leeg.pdf,,DA3428335,leeg.pdf,,DA3373372,leeg.pdf,,DA3193263,leeg.pdf,,DA3126541,leeg.pdf,,DA3910080,leeg.pdf,,DA3170882,leeg.pdf,,DA3117857,leeg.pdf,,DA3458369,leeg.pdf,,DA3405926,leeg.pdf,,DA3457674,leeg.pdf,,DA3783897,leeg.pdf,,DA3111526,leeg.pdf,,DA3201990,leeg.pdf,,DA3359497,leeg.pdf,
DA3390669,leeg.pdf,,DA3429924,leeg.pdf,,DA3914254,leeg.pdf,,DA3271516,leeg.pdf,,DA3434747,leeg.pdf,,DA3781112,leeg.pdf,,DA3288247,leeg.pdf,,DA3154242,leeg.pdf,,DA3811624,leeg.pdf,,DA3624841,leeg.pdf,,DA3971778,leeg.pdf,,DA3129113,leeg.pdf,,DA3167458,leeg.pdf,,DA3886858,leeg.pdf,,DA3800012,leeg.pdf,
DA3596796,leeg.pdf,,DA3670302,leeg.pdf,,DA3139585,leeg.pdf,,DA3722867,leeg.pdf,,DA3064275,leeg.pdf,,DA3132415,leeg.pdf,,DA3781603,leeg.pdf,,DA3718526,leeg.pdf,,DA3055384,leeg.pdf,,DA3435516,leeg.pdf,,DA3043570,leeg.pdf,,DA3421315,leeg.pdf,,DA3108304,leeg.pdf,,DA3049585,leeg.pdf,,DA3130407,leeg.pdf,
DA3903578,leeg.pdf,,DA3507732,leeg.pdf,,DA3074082,leeg.pdf,,DA3823846,leeg.pdf,,DA3616025,leeg.pdf,,DA3421015,leeg.pdf,,DA3621761,leeg.pdf,,DA3359569,leeg.pdf,,DA3611349,leeg.pdf,,DA3328604,leeg.pdf,,DA3506385,leeg.pdf,,DA3724848,leeg.pdf,,DA3798068,leeg.pdf,,DA3916013,leeg.pdf,,DA3201344,leeg.pdf,
DA3784037,leeg.pdf,,DA3404514,leeg.pdf,,DA3442131,leeg.pdf,,DA3783848,leeg.pdf,,DA3582783,leeg.pdf,,DA3759077,leeg.pdf,,DA3453952,leeg.pdf,,DA3624892,leeg.pdf,,DA3158864,leeg.pdf,,DA3124078,leeg.pdf,,DA3160734,leeg.pdf,,DA3324929,leeg.pdf,,DA3095297,leeg.pdf,,DA3814898,leeg.pdf,,DA3732135,leeg.pdf,
DA3735351,leeg.pdf,,DA3033410,leeg.pdf,,DA3278325,leeg.pdf,,DA3341341,leeg.pdf,,DA3640270,leeg.pdf,,DA3935999,leeg.pdf,,DA3463508,leeg.pdf,,DA3053438,leeg.pdf,,DA3330210,leeg.pdf,,DA3879922,leeg.pdf,,DA3618811,leeg.pdf,,DA3112142,leeg.pdf,,DA3220615,leeg.pdf,,DA3413942,leeg.pdf,,DA3130525,leeg.pdf,
DA3135580,leeg.pdf,,DA3137467,leeg.pdf,,DA3437843,leeg.pdf,,DA3895933,leeg.pdf,,DA3501825,leeg.pdf,,DA3231605,leeg.pdf,,DA3819738,leeg.pdf,,DA3074672,leeg.pdf,,DA3057852,leeg.pdf,,DA3683523,leeg.pdf,,DA3376632,leeg.pdf,,DA3100035,leeg.pdf,,DA3454804,leeg.pdf,,DA3840824,leeg.pdf,,DA3822120,leeg.pdf,
DA3293050,leeg.pdf,,DA3402742,leeg.pdf,,DA3580356,leeg.pdf,,DA3435663,leeg.pdf,,DA3240661,leeg.pdf,,DA3633446,leeg.pdf,,DA3404708,leeg.pdf,,DA3702126,leeg.pdf,,DA3100122,leeg.pdf,,DA3758097,leeg.pdf,,DA3820838,leeg.pdf,,DA3612251,leeg.pdf,,DA3870624,leeg.pdf,,DA3756316,leeg.pdf,,DA3203767,leeg.pdf,
DA3433148,leeg.pdf,,DA3452704,leeg.pdf,,DA3278621,leeg.pdf,,DA3703748,leeg.pdf,,DA3869478,leeg.pdf,,DA3260089,leeg.pdf,,DA3064709,leeg.pdf,,DA3522347,leeg.pdf,,DA3605471,leeg.pdf,,DA3080042,leeg.pdf,,DA3305282,leeg.pdf,,DA3051405,leeg.pdf,,DA3579916,leeg.pdf,,DA3953619,leeg.pdf,,DA3060411,leeg.pdf,
DA3563670,leeg.pdf,,DA3728907,leeg.pdf,,DA3628330,leeg.pdf,,DA3126005,leeg.pdf,,DA3061558,leeg.pdf,,DA3480628,leeg.pdf,,DA3366816,leeg.pdf,,DA3318077,leeg.pdf,,DA3329072,leeg.pdf,,DA3856595,leeg.pdf,,DA3486171,leeg.pdf,,DA3383891,leeg.pdf,,DA3749875,leeg.pdf,,DA3068126,leeg.pdf,,DA3596679,leeg.pdf,
DA3574066,leeg.pdf,,DA3470602,leeg.pdf,,DA3160721,leeg.pdf,,DA3276206,leeg.pdf,,DA3247675,leeg.pdf,,DA3055937,leeg.pdf,,DA3752667,leeg.pdf,,DA3128012,leeg.pdf,,DA3178538,leeg.pdf,,DA3295869,leeg.pdf,,DA3494126,leeg.pdf,,DA3714256,leeg.pdf,,DA3768067,leeg.pdf,,DA3860087,leeg.pdf,,DA3981145,leeg.pdf,
DA3229665,leeg.pdf,,DA3366847,leeg.pdf,,DA3435899,leeg.pdf,,DA3765675,leeg.pdf,,DA3136743,leeg.pdf,,DA3707232,leeg.pdf,,DA3565738,leeg.pdf,,DA3362120,leeg.pdf,,DA3490475,leeg.pdf,,DA3138899,leeg.pdf,,DA3642542,leeg.pdf,,DA3961867,leeg.pdf,,DA3187196,leeg.pdf,,DA3728471,leeg.pdf,,DA3798046,leeg.pdf,
DA3056438,leeg.pdf,,DA3142336,leeg.pdf,,DA3224165,leeg.pdf,,DA3495415,leeg.pdf,,DA3477240,leeg.pdf,,DA3657628,leeg.pdf,,DA3189119,leeg.pdf,,DA3751742,leeg.pdf,,DA3413398,leeg.pdf,,DA3342258,leeg.pdf,,DA3180357,leeg.pdf,,DA3451814,leeg.pdf,,DA3458186,leeg.pdf,,DA3106400,leeg.pdf,,DA3736421,leeg.pdf,
DA3826112,leeg.pdf,,DA3628219,leeg.pdf,,DA3137731,leeg.pdf,,DA3716862,leeg.pdf,,DA3041289,leeg.pdf,,DA3682312,leeg.pdf,,DA3838258,leeg.pdf,,DA3458155,leeg.pdf,,DA3208285,leeg.pdf,,DA3985324,leeg.pdf,,DA3094180,leeg.pdf,,DA3934870,leeg.pdf,,DA3428545,leeg.pdf,,DA3389771,leeg.pdf,,DA3113927,leeg.pdf,
DA3209929,leeg.pdf,,DA3896502,leeg.pdf,,DA3711519,leeg.pdf,,DA3266211,leeg.pdf,,DA3059170,leeg.pdf,,DA3350663,leeg.pdf,,DA3726050,leeg.pdf,,DA3852325,leeg.pdf,,DA3484708,leeg.pdf,,DA3250753,leeg.pdf,,DA3302940,leeg.pdf,,DA3079774,leeg.pdf,,DA3283697,leeg.pdf,,DA3562320,leeg.pdf,,DA3293727,leeg.pdf,
DA3125923,leeg.pdf,,DA3335017,leeg.pdf,,DA3358203,leeg.pdf,,DA3757253,leeg.pdf,,DA3886056,leeg.pdf,,DA3347051,leeg.pdf,,DA3613180,leeg.pdf,,DA3309485,leeg.pdf,,DA3463494,leeg.pdf,,DA3255053,leeg.pdf,,DA3341110,leeg.pdf,,DA3983372,leeg.pdf,,DA3291425,leeg.pdf,,DA3317912,leeg.pdf,,DA3555025,leeg.pdf,
DA3940096,leeg.pdf,,DA3500756,leeg.pdf,,DA3080171,leeg.pdf,,DA3159077,leeg.pdf,,DA3060120,leeg.pdf,,DA3533389,leeg.pdf,,DA3939209,leeg.pdf,,DA3102982,leeg.pdf,,DA3992143,leeg.pdf,,DA3831330,leeg.pdf,,DA3348263,leeg.pdf,,DA3367909,leeg.pdf,,DA3260284,leeg.pdf,,DA3868384,leeg.pdf,,DA3731229,leeg.pdf,
DA3096043,leeg.pdf,,DA3215637,leeg.pdf,,DA3350055,leeg.pdf,,DA3230561,leeg.pdf,,DA3069121,leeg.pdf,,DA3667924,leeg.pdf,,DA3626152,leeg.pdf,,DA3230394,leeg.pdf,,DA3765821,leeg.pdf,,DA3404014,leeg.pdf,,DA3223109,leeg.pdf,,DA3112869,leeg.pdf,,DA3525469,leeg.pdf,,DA3932033,leeg.pdf,,DA3992059,leeg.pdf,
DA3566821,leeg.pdf,,DA3106216,leeg.pdf,,DA3929550,leeg.pdf,,DA3451704,leeg.pdf,,DA3916875,leeg.pdf,,DA3294282,leeg.pdf,,DA3441229,leeg.pdf,,DA3196649,leeg.pdf,,DA3809443,leeg.pdf,,DA3982958,leeg.pdf,,DA3107803,leeg.pdf,,DA3149891,leeg.pdf,,DA3892222,leeg.pdf,,DA3091739,leeg.pdf,,DA3101246,leeg.pdf,
DA3538232,leeg.pdf,,DA3653186,leeg.pdf,,DA3543238,leeg.pdf,,DA3630131,leeg.pdf,,DA3401498,leeg.pdf,,DA3207043,leeg.pdf,,DA3064197,leeg.pdf,,DA3900804,leeg.pdf,,DA3104417,leeg.pdf,,DA3734579,leeg.pdf,,DA3708392,leeg.pdf,,DA3414462,leeg.pdf,,DA3511786,leeg.pdf,,DA3918010,leeg.pdf,,DA3555628,leeg.pdf,
DA3312612,leeg.pdf,,DA3983904,leeg.pdf,,DA3309170,leeg.pdf,,DA3460920,leeg.pdf,,DA3279606,leeg.pdf,,DA3200885,leeg.pdf,,DA3447856,leeg.pdf,,DA3548224,leeg.pdf,,DA3839153,leeg.pdf,,DA3754059,leeg.pdf,,DA3291454,leeg.pdf,,DA3535729,leeg.pdf,,DA3487767,leeg.pdf,,DA3858316,leeg.pdf,,DA3142176,leeg.pdf,
DA3189099,leeg.pdf,,DA3679234,leeg.pdf,,DA3108584,leeg.pdf,,DA3377256,leeg.pdf,,DA3222810,leeg.pdf,,DA3274244,leeg.pdf,,DA3310324,leeg.pdf,,DA3123390,leeg.pdf,,DA3277635,leeg.pdf,,DA3057190,leeg.pdf,,DA3181960,leeg.pdf,,DA3071688,leeg.pdf,,DA3569477,leeg.pdf,,DA3350481,leeg.pdf,,DA3277600,leeg.pdf,
DA3415295,leeg.pdf,,DA3255617,leeg.pdf,,DA3876941,leeg.pdf,,DA3174887,leeg.pdf,,DA3334506,leeg.pdf,,DA3907948,leeg.pdf,,DA3138296,leeg.pdf,,DA3705523,leeg.pdf,,DA3887537,leeg.pdf,,DA3808915,leeg.pdf,,DA3953025,leeg.pdf,,DA3403450,leeg.pdf,,DA3237482,leeg.pdf,,DA3775008,leeg.pdf,,DA3241880,leeg.pdf,
DA3800924,leeg.pdf,,DA3059510,leeg.pdf,,DA3077986,leeg.pdf,,DA3074414,leeg.pdf,,DA3850034,leeg.pdf,,DA3378670,leeg.pdf,,DA3527799,leeg.pdf,,DA3161300,leeg.pdf,,DA3275400,leeg.pdf,,DA3348480,leeg.pdf,,DA3473008,leeg.pdf,,DA3215660,leeg.pdf,,DA3516613,leeg.pdf,,DA3442299,leeg.pdf,,DA3625344,leeg.pdf,
DA3490343,leeg.pdf,,DA3240527,leeg.pdf,,DA3355922,leeg.pdf,,DA3724596,leeg.pdf,,DA3166653,leeg.pdf,,DA3337804,leeg.pdf,,DA3627033,leeg.pdf,,DA3837768,leeg.pdf,,DA3593798,leeg.pdf,,DA3120571,leeg.pdf,,DA3388390,leeg.pdf,,DA3787125,leeg.pdf,,DA3130146,leeg.pdf,,DA3425677,leeg.pdf,,DA3789845,leeg.pdf,
DA3107396,leeg.pdf,,DA3967853,leeg.pdf,,DA3138926,leeg.pdf,,DA3836827,leeg.pdf,,DA3515185,leeg.pdf,,DA3488252,leeg.pdf,,DA3085067,leeg.pdf,,DA3457503,leeg.pdf,,DA3334926,leeg.pdf,,DA3381285,leeg.pdf,,DA3094606,leeg.pdf,,DA3047549,leeg.pdf,,DA3865106,leeg.pdf,,DA3905377,leeg.pdf,,DA3049976,leeg.pdf,
DA3640753,leeg.pdf,,DA3387488,leeg.pdf,,DA3575899,leeg.pdf,,DA3355104,leeg.pdf,,DA3230095,leeg.pdf,,DA3301707,leeg.pdf,,DA3295863,leeg.pdf,,DA3230753,leeg.pdf,,DA3637627,leeg.pdf,,DA3587164,leeg.pdf,,DA3287760,leeg.pdf,,DA3379173,leeg.pdf,,DA3397796,leeg.pdf,,DA3095051,leeg.pdf,,DA3325234,leeg.pdf,
DA3064569,leeg.pdf,,DA3151992,leeg.pdf,,DA3125701,leeg.pdf,,DA3478772,leeg.pdf,,DA3580054,leeg.pdf,,DA3989513,leeg.pdf,,DA3094859,leeg.pdf,,DA3326263,leeg.pdf,,DA3887580,leeg.pdf,,DA3306966,leeg.pdf,,DA3495309,leeg.pdf,,DA3413941,leeg.pdf,,DA3906695,leeg.pdf,,DA3042028,leeg.pdf,,DA3173656,leeg.pdf,
DA3649412,leeg.pdf,,DA3163127,leeg.pdf,,DA3737902,leeg.pdf,,DA3913983,leeg.pdf,,DA3417096,leeg.pdf,,DA3963699,leeg.pdf,,DA3071515,leeg.pdf,,DA3768536,leeg.pdf,,DA3786840,leeg.pdf,,DA3911028,leeg.pdf,,DA3807159,leeg.pdf,,DA3143382,leeg.pdf,,DA3068158,leeg.pdf,,DA3648807,leeg.pdf,,DA3096420,leeg.pdf,
DA3227239,leeg.pdf,,DA3917343,leeg.pdf,,DA3483308,leeg.pdf,,DA3400632,leeg.pdf,,DA3882724,leeg.pdf,,DA3732699,leeg.pdf,,DA3510064,leeg.pdf,,DA3262606,leeg.pdf,,DA3074638,leeg.pdf,,DA3396341,leeg.pdf,,DA3326690,leeg.pdf,,DA3881139,leeg.pdf,,DA3482982,leeg.pdf,,DA3293656,leeg.pdf,,DA3074993,leeg.pdf,
DA3127288,leeg.pdf,,DA3544478,leeg.pdf,,DA3245310,leeg.pdf,,DA3576361,leeg.pdf,,DA3674953,leeg.pdf,,DA3644785,leeg.pdf,,DA3187546,leeg.pdf,,DA3442872,leeg.pdf,,DA3460818,leeg.pdf,,DA3511626,leeg.pdf,,DA3221649,leeg.pdf,,DA3495559,leeg.pdf,,DA3889890,leeg.pdf,,DA3328879,leeg.pdf,,DA3155330,leeg.pdf,
DA3063235,leeg.pdf,,DA3391947,leeg.pdf,,DA3467854,leeg.pdf,,DA3189544,leeg.pdf,,DA3930554,leeg.pdf,,DA3191398,leeg.pdf,,DA3073302,leeg.pdf,,DA3340353,leeg.pdf,,DA3864058,leeg.pdf,,DA3565408,leeg.pdf,,DA3584203,leeg.pdf,,DA3792343,leeg.pdf,,DA3898810,leeg.pdf,,DA3499952,leeg.pdf,,DA3058852,leeg.pdf,
DA3360619,leeg.pdf,,DA3191483,leeg.pdf,,DA3722684,leeg.pdf,,DA3480325,leeg.pdf,,DA3167264,leeg.pdf,,DA3736943,leeg.pdf,,DA3040612,leeg.pdf,,DA3577317,leeg.pdf,,DA3093104,leeg.pdf,,DA3571425,leeg.pdf,,DA3681553,leeg.pdf,,DA3933823,leeg.pdf,,DA3764357,leeg.pdf,,DA3924662,leeg.pdf,,DA3771705,leeg.pdf,
DA3144516,leeg.pdf,,DA3683005,leeg.pdf,,DA3624406,leeg.pdf,,DA3993619,leeg.pdf,,DA3181679,leeg.pdf,,DA3142457,leeg.pdf,,DA3737328,leeg.pdf,,DA3374836,leeg.pdf,,DA3552854,leeg.pdf,,DA3553216,leeg.pdf,,DA3490686,leeg.pdf,,DA3108119,leeg.pdf,,DA3804784,leeg.pdf,,DA3126383,leeg.pdf,,DA3330240,leeg.pdf,
DA3154443,leeg.pdf,,DA3814088,leeg.pdf,,DA3775168,leeg.pdf,,DA3828385,leeg.pdf,,DA3387039,leeg.pdf,,DA3539407,leeg.pdf,,DA3058378,leeg.pdf,,DA3974662,leeg.pdf,,DA3632514,leeg.pdf,,DA3233260,leeg.pdf,,DA3751497,leeg.pdf,,DA3650854,leeg.pdf,,DA3125829,leeg.pdf,,DA3127741,leeg.pdf,,DA3277979,leeg.pdf,
DA3769162,leeg.pdf,,DA3077441,leeg.pdf,,DA3624828,leeg.pdf,,DA3807793,leeg.pdf,,DA3321127,leeg.pdf,,DA3335096,leeg.pdf,,DA3141744,leeg.pdf,,DA3613692,leeg.pdf,,DA3144336,leeg.pdf,,DA3162262,leeg.pdf,,DA3258768,leeg.pdf,,DA3332729,leeg.pdf,,DA3893429,leeg.pdf,,DA3410503,leeg.pdf,,DA3380046,leeg.pdf,
DA3668608,leeg.pdf,,DA3047518,leeg.pdf,,DA3907851,leeg.pdf,,DA3149441,leeg.pdf,,DA3527142,leeg.pdf,,DA3823107,leeg.pdf,,DA3150573,leeg.pdf,,DA3192423,leeg.pdf,,DA3309670,leeg.pdf,,DA3854991,leeg.pdf,,DA3275594,leeg.pdf,,DA3966361,leeg.pdf,,DA3321095,leeg.pdf,,DA3683590,leeg.pdf,,DA3917376,leeg.pdf,
DA3545071,leeg.pdf,,DA3964081,leeg.pdf,,DA3877597,leeg.pdf,,DA3058172,leeg.pdf,,DA3232280,leeg.pdf,,DA3668346,leeg.pdf,,DA3184741,leeg.pdf,,DA3458434,leeg.pdf,,DA3647784,leeg.pdf,,DA3226092,leeg.pdf,,DA3544084,leeg.pdf,,DA3114224,leeg.pdf,,DA3258143,leeg.pdf,,DA3737829,leeg.pdf,,DA3150813,leeg.pdf,
DA3580784,leeg.pdf,,DA3043043,leeg.pdf,,DA3036146,leeg.pdf,,DA3274465,leeg.pdf,,DA3348143,leeg.pdf,,DA3314433,leeg.pdf,,DA3415898,leeg.pdf,,DA3498389,leeg.pdf,,DA3884877,leeg.pdf,,DA3163103,leeg.pdf,,DA3578955,leeg.pdf,,DA3201369,leeg.pdf,,DA3848281,leeg.pdf,,DA3666045,leeg.pdf,,DA3292020,leeg.pdf,
DA3636703,leeg.pdf,,DA3687981,leeg.pdf,,DA3621011,leeg.pdf,,DA3730325,leeg.pdf,,DA3585527,leeg.pdf,,DA3183389,leeg.pdf,,DA3363248,leeg.pdf,,DA3303192,leeg.pdf,,DA3361334,leeg.pdf,,DA3814512,leeg.pdf,,DA3209135,leeg.pdf,,DA3896856,leeg.pdf,,DA3657035,leeg.pdf,,DA3465805,leeg.pdf,,DA3555522,leeg.pdf,
DA3581401,leeg.pdf,,DA3472990,leeg.pdf,,DA3769312,leeg.pdf,,DA3729581,leeg.pdf,,DA3483190,leeg.pdf,,DA3335897,leeg.pdf,,DA3736496,leeg.pdf,,DA3409656,leeg.pdf,,DA3170795,leeg.pdf,,DA3053952,leeg.pdf,,DA3150639,leeg.pdf,,DA3099683,leeg.pdf,,DA3448329,leeg.pdf,,DA3153773,leeg.pdf,,DA3351085,leeg.pdf,
DA3513506,leeg.pdf,,DA3763562,leeg.pdf,,DA3703321,leeg.pdf,,DA3259348,leeg.pdf,,DA3729636,leeg.pdf,,DA3260063,leeg.pdf,,DA3153179,leeg.pdf,,DA3290581,leeg.pdf,,DA3276986,leeg.pdf,,DA3335704,leeg.pdf,,DA3861659,leeg.pdf,,DA3124255,leeg.pdf,,DA3295545,leeg.pdf,,DA3212638,leeg.pdf,,DA3625491,leeg.pdf,
DA3113044,leeg.pdf,,DA3492786,leeg.pdf,,DA3912022,leeg.pdf,,DA3704359,leeg.pdf,,DA3412814,leeg.pdf,,DA3895482,leeg.pdf,,DA3090043,leeg.pdf,,DA3231723,leeg.pdf,,DA3058676,leeg.pdf,,DA3241171,leeg.pdf,,DA3249204,leeg.pdf,,DA3351459,leeg.pdf,,DA3723619,leeg.pdf,,DA3340713,leeg.pdf,,DA3130650,leeg.pdf,
DA3651288,leeg.pdf,,DA3166950,leeg.pdf,,DA3421595,leeg.pdf,,DA3072823,leeg.pdf,,DA3408846,leeg.pdf,,DA3702234,leeg.pdf,,DA3413580,leeg.pdf,,DA3126697,leeg.pdf,,DA3913770,leeg.pdf,,DA3925731,leeg.pdf,,DA3046081,leeg.pdf,,DA3518340,leeg.pdf,,DA3083846,leeg.pdf,,DA3684158,leeg.pdf,,DA3577243,leeg.pdf,
DA3170636,leeg.pdf,,DA3106441,leeg.pdf,,DA3336661,leeg.pdf,,DA3321725,leeg.pdf,,DA3181814,leeg.pdf,,DA3267434,leeg.pdf,,DA3070885,leeg.pdf,,DA3648325,leeg.pdf,,DA3162975,leeg.pdf,,DA3177734,leeg.pdf,,DA3740558,leeg.pdf,,DA3225167,leeg.pdf,,DA3660306,leeg.pdf,,DA3524060,leeg.pdf,,DA3038060,leeg.pdf,
DA3499183,leeg.pdf,,DA3680158,leeg.pdf,,DA3406865,leeg.pdf,,DA3345673,leeg.pdf,,DA3416528,leeg.pdf,,DA3659653,leeg.pdf,,DA3848905,leeg.pdf,,DA3262741,leeg.pdf,,DA3546287,leeg.pdf,,DA3130841,leeg.pdf,,DA3056881,leeg.pdf,,DA3053966,leeg.pdf,,DA3373499,leeg.pdf,,DA3765462,leeg.pdf,,DA3568991,leeg.pdf,
DA3566980,leeg.pdf,,DA3387333,leeg.pdf,,DA3112932,leeg.pdf,,DA3243105,leeg.pdf,,DA3058590,leeg.pdf,,DA3639001,leeg.pdf,,DA3397863,leeg.pdf,,DA3253278,leeg.pdf,,DA3300127,leeg.pdf,,DA3547404,leeg.pdf,,DA3654859,leeg.pdf,,DA3132868,leeg.pdf,,DA3076805,leeg.pdf,,DA3567394,leeg.pdf,,DA3999485,leeg.pdf,
DA3902414,leeg.pdf,,DA3311474,leeg.pdf,,DA3662861,leeg.pdf,,DA3513240,leeg.pdf,,DA3419100,leeg.pdf,,DA3921799,leeg.pdf,,DA3970959,leeg.pdf,,DA3614501,leeg.pdf,,DA3695285,leeg.pdf,,DA3514448,leeg.pdf,,DA3476740,leeg.pdf,,DA3169617,leeg.pdf,,DA3186316,leeg.pdf,,DA3329017,leeg.pdf,,DA3224851,leeg.pdf,
DA3938362,leeg.pdf,,DA3549863,leeg.pdf,,DA3453498,leeg.pdf,,DA3182298,leeg.pdf,,DA3355351,leeg.pdf,,DA3492299,leeg.pdf,,DA3110538,leeg.pdf,,DA3596277,leeg.pdf,,DA3786200,leeg.pdf,,DA3981418,leeg.pdf,,DA3135096,leeg.pdf,,DA3124706,leeg.pdf,,DA3620188,leeg.pdf,,DA3169366,leeg.pdf,,DA3394764,leeg.pdf,
DA3543630,leeg.pdf,,DA3059374,leeg.pdf,,DA3386435,leeg.pdf,,DA3737522,leeg.pdf,,DA3366842,leeg.pdf,,DA3126179,leeg.pdf,,DA3474839,leeg.pdf,,DA3704269,leeg.pdf,,DA3125090,leeg.pdf,,DA3767340,leeg.pdf,,DA3707343,leeg.pdf,,DA3656766,leeg.pdf,,DA3632871,leeg.pdf,,DA3195450,leeg.pdf,,DA3650186,leeg.pdf,
DA3685839,leeg.pdf,,DA3037203,leeg.pdf,,DA3134236,leeg.pdf,,DA3089491,leeg.pdf,,DA3578321,leeg.pdf,,DA3625382,leeg.pdf,,DA3973159,leeg.pdf,,DA3234939,leeg.pdf,,DA3300094,leeg.pdf,,DA3828685,leeg.pdf,,DA3310074,leeg.pdf,,DA3368994,leeg.pdf,,DA3762342,leeg.pdf,,DA3549642,leeg.pdf,,DA3182131,leeg.pdf,
DA3525733,leeg.pdf,,DA3079544,leeg.pdf,,DA3412723,leeg.pdf,,DA3579697,leeg.pdf,,DA3685056,leeg.pdf,,DA3851774,leeg.pdf,,DA3398280,leeg.pdf,,DA3806866,leeg.pdf,,DA3143574,leeg.pdf,,DA3763817,leeg.pdf,,DA3870600,leeg.pdf,,DA3222228,leeg.pdf,,DA3165673,leeg.pdf,,DA3261882,leeg.pdf,,DA3865725,leeg.pdf,
DA3058152,leeg.pdf,,DA3405748,leeg.pdf,,DA3905105,leeg.pdf,,DA3581086,leeg.pdf,,DA3634016,leeg.pdf,,DA3248576,leeg.pdf,,DA3612273,leeg.pdf,,DA3726224,leeg.pdf,,DA3961389,leeg.pdf,,DA3519501,leeg.pdf,,DA3113369,leeg.pdf,,DA3549479,leeg.pdf,,DA3114455,leeg.pdf,,DA3579247,leeg.pdf,,DA3966604,leeg.pdf,
DA3123609,leeg.pdf,,DA3311332,leeg.pdf,,DA3208919,leeg.pdf,,DA3398676,leeg.pdf,,DA3660836,leeg.pdf,,DA3417682,leeg.pdf,,DA3413138,leeg.pdf,,DA3549530,leeg.pdf,,DA3055884,leeg.pdf,,DA3185955,leeg.pdf,,DA3589275,leeg.pdf,,DA3273547,leeg.pdf,,DA3670233,leeg.pdf,,DA3111025,leeg.pdf,,DA3888725,leeg.pdf,
DA3780925,leeg.pdf,,DA3061685,leeg.pdf,,DA3502765,leeg.pdf,,DA3217913,leeg.pdf,,DA3261853,leeg.pdf,,DA3265817,leeg.pdf,,DA3901340,leeg.pdf,,DA3975005,leeg.pdf,,DA3181532,leeg.pdf,,DA3867112,leeg.pdf,,DA3668082,leeg.pdf,,DA3576633,leeg.pdf,,DA3820207,leeg.pdf,,DA3920234,leeg.pdf,,DA3502045,leeg.pdf,
DA3556035,leeg.pdf,,DA3333607,leeg.pdf,,DA3052418,leeg.pdf,,DA3950074,leeg.pdf,,DA3835510,leeg.pdf,,DA3727656,leeg.pdf,,DA3587948,leeg.pdf,,DA3494060,leeg.pdf,,DA3108161,leeg.pdf,,DA3885740,leeg.pdf,,DA3273453,leeg.pdf,,DA3711954,leeg.pdf,,DA3970189,leeg.pdf,,DA3656496,leeg.pdf,,DA3243954,leeg.pdf,
DA3443006,leeg.pdf,,DA3693058,leeg.pdf,,DA3874128,leeg.pdf,,DA3361992,leeg.pdf,,DA3250969,leeg.pdf,,DA3163574,leeg.pdf,,DA3342070,leeg.pdf,,DA3268446,leeg.pdf,,DA3918805,leeg.pdf,,DA3922097,leeg.pdf,,DA3495148,leeg.pdf,,DA3137765,leeg.pdf,,DA3106499,leeg.pdf,,DA3901574,leeg.pdf,,DA3287782,leeg.pdf,
DA3047338,leeg.pdf,,DA3509538,leeg.pdf,,DA3373308,leeg.pdf,,DA3965054,leeg.pdf,,DA3361181,leeg.pdf,,DA3055511,leeg.pdf,,DA3751623,leeg.pdf,,DA3364340,leeg.pdf,,DA3882086,leeg.pdf,,DA3950079,leeg.pdf,,DA3533373,leeg.pdf,,DA3093934,leeg.pdf,,DA3955714,leeg.pdf,,DA3677013,leeg.pdf,,DA3139654,leeg.pdf,
DA3921860,leeg.pdf,,DA3602562,leeg.pdf,,DA3828028,leeg.pdf,,DA3079178,leeg.pdf,,DA3081722,leeg.pdf,,DA3142883,leeg.pdf,,DA3521885,leeg.pdf,,DA3129840,leeg.pdf,,DA3360458,leeg.pdf,,DA3850336,leeg.pdf,,DA3205916,leeg.pdf,,DA3272349,leeg.pdf,,DA3694892,leeg.pdf,,DA3480236,leeg.pdf,,DA3448698,leeg.pdf,
DA3945776,leeg.pdf,,DA3868456,leeg.pdf,,DA3810237,leeg.pdf,,DA3837519,leeg.pdf,,DA3848394,leeg.pdf,,DA3517354,leeg.pdf,,DA3926872,leeg.pdf,,DA3904952,leeg.pdf,,DA3927246,leeg.pdf,,DA3690302,leeg.pdf,,DA3822290,leeg.pdf,,DA3582673,leeg.pdf,,DA3819020,leeg.pdf,,DA3561257,leeg.pdf,,DA3305558,leeg.pdf,
DA3618633,leeg.pdf,,DA3324872,leeg.pdf,,DA3350215,leeg.pdf,,DA3230441,leeg.pdf,,DA3352858,leeg.pdf,,DA3810020,leeg.pdf,,DA3669787,leeg.pdf,,DA3387701,leeg.pdf,,DA3135232,leeg.pdf,,DA3132227,leeg.pdf,,DA3949268,leeg.pdf,,DA3142895,leeg.pdf,,DA3738323,leeg.pdf,,DA3923796,leeg.pdf,,DA3754368,leeg.pdf,
DA3537281,leeg.pdf,,DA3034800,leeg.pdf,,DA3170085,leeg.pdf,,DA3067085,leeg.pdf,,DA3475615,leeg.pdf,,DA3978736,leeg.pdf,,DA3374425,leeg.pdf,,DA3939976,leeg.pdf,,DA3188261,leeg.pdf,,DA3114805,leeg.pdf,,DA3200292,leeg.pdf,,DA3991447,leeg.pdf,,DA3268840,leeg.pdf,,DA3787322,leeg.pdf,,DA3790869,leeg.pdf,
DA3583431,leeg.pdf,,DA3485066,leeg.pdf,,DA3607324,leeg.pdf,,DA3664416,leeg.pdf,,DA3205197,leeg.pdf,,DA3498019,leeg.pdf,,DA3052176,leeg.pdf,,DA3796023,leeg.pdf,,DA3181568,leeg.pdf,,DA3553137,leeg.pdf,,DA3292819,leeg.pdf,,DA3504633,leeg.pdf,,DA3579527,leeg.pdf,,DA3799093,leeg.pdf,,DA3928135,leeg.pdf,
DA3390073,leeg.pdf,,DA3902065,leeg.pdf,,DA3550182,leeg.pdf,,DA3148768,leeg.pdf,,DA3891738,leeg.pdf,,DA3665705,leeg.pdf,,DA3058914,leeg.pdf,,DA3370036,leeg.pdf,,DA3859025,leeg.pdf,,DA3597013,leeg.pdf,,DA3900244,leeg.pdf,,DA3366733,leeg.pdf,,DA3785441,leeg.pdf,,DA3865886,leeg.pdf,,DA3342109,leeg.pdf,
DA3218358,leeg.pdf,,DA3775000,leeg.pdf,,DA3325143,leeg.pdf,,DA3661606,leeg.pdf,,DA3451386,leeg.pdf,,DA3068127,leeg.pdf,,DA3052327,leeg.pdf,,DA3237374,leeg.pdf,,DA3181063,leeg.pdf,,DA3083305,leeg.pdf,,DA3254217,leeg.pdf,,DA3133179,leeg.pdf,,DA3577450,leeg.pdf,,DA3098315,leeg.pdf,,DA3687420,leeg.pdf,
DA3631491,leeg.pdf,,DA3088188,leeg.pdf,,DA3728054,leeg.pdf,,DA3400947,leeg.pdf,,DA3690565,leeg.pdf,,DA3110130,leeg.pdf,,DA3051394,leeg.pdf,,DA3748501,leeg.pdf,,DA3215982,leeg.pdf,,DA3403302,leeg.pdf,,DA3040287,leeg.pdf,,DA3206329,leeg.pdf,,DA3171666,leeg.pdf,,DA3708169,leeg.pdf,,DA3504710,leeg.pdf,
DA3059246,leeg.pdf,,DA3388862,leeg.pdf,,DA3087019,leeg.pdf,,DA3390663,leeg.pdf,,DA3407264,leeg.pdf,,DA3199990,leeg.pdf,,DA3935905,leeg.pdf,,DA3960488,leeg.pdf,,DA3828869,leeg.pdf,,DA3364709,leeg.pdf,,DA3815814,leeg.pdf,,DA3493784,leeg.pdf,,DA3180407,leeg.pdf,,DA3365880,leeg.pdf,,DA3668665,leeg.pdf,
DA3627298,leeg.pdf,,DA3064268,leeg.pdf,,DA3466609,leeg.pdf,,DA3496830,leeg.pdf,,DA3664188,leeg.pdf,,DA3753380,leeg.pdf,,DA3225074,leeg.pdf,,DA3062454,leeg.pdf,,DA3483994,leeg.pdf,,DA3223419,leeg.pdf,,DA3658770,leeg.pdf,,DA3128274,leeg.pdf,,DA3806709,leeg.pdf,,DA3712757,leeg.pdf,,DA3636893,leeg.pdf,
DA3574299,leeg.pdf,,DA3463105,leeg.pdf,,DA3407605,leeg.pdf,,DA3238822,leeg.pdf,,DA3079951,leeg.pdf,,DA3495334,leeg.pdf,,DA3606773,leeg.pdf,,DA3060142,leeg.pdf,,DA3486966,leeg.pdf,,DA3519353,leeg.pdf,,DA3686591,leeg.pdf,,DA3073286,leeg.pdf,,DA3629529,leeg.pdf,,DA3433165,leeg.pdf,,DA3362960,leeg.pdf,
DA3155924,leeg.pdf,,DA3870965,leeg.pdf,,DA3204842,leeg.pdf,,DA3169118,leeg.pdf,,DA3091515,leeg.pdf,,DA3343630,leeg.pdf,,DA3551774,leeg.pdf,,DA3259629,leeg.pdf,,DA3993759,leeg.pdf,,DA3504584,leeg.pdf,,DA3335224,leeg.pdf,,DA3522661,leeg.pdf,,DA3983929,leeg.pdf,,DA3792160,leeg.pdf,,DA3812397,leeg.pdf,
DA3763853,leeg.pdf,,DA3717457,leeg.pdf,,DA3521404,leeg.pdf,,DA3700846,leeg.pdf,,DA3830381,leeg.pdf,,DA3821761,leeg.pdf,,DA3636033,leeg.pdf,,DA3866239,leeg.pdf,,DA3580476,leeg.pdf,,DA3839602,leeg.pdf,,DA3635050,leeg.pdf,,DA3430309,leeg.pdf,,DA3233595,leeg.pdf,,DA3594113,leeg.pdf,,DA3259032,leeg.pdf,
DA3509419,leeg.pdf,,DA3934878,leeg.pdf,,DA3610341,leeg.pdf,,DA3404471,leeg.pdf,,DA3625726,leeg.pdf,,DA3948730,leeg.pdf,,DA3452566,leeg.pdf,,DA3369686,leeg.pdf,,DA3471764,leeg.pdf,,DA3543365,leeg.pdf,,DA3437315,leeg.pdf,,DA3469937,leeg.pdf,,DA3066611,leeg.pdf,,DA3516251,leeg.pdf,,DA3307413,leeg.pdf,
DA3977696,leeg.pdf,,DA3587839,leeg.pdf,,DA3179135,leeg.pdf,,DA3356315,leeg.pdf,,DA3150421,leeg.pdf,,DA3296290,leeg.pdf,,DA3285014,leeg.pdf,,DA3991068,leeg.pdf,,DA3261298,leeg.pdf,,DA3396070,leeg.pdf,,DA3237853,leeg.pdf,,DA3197694,leeg.pdf,,DA3390040,leeg.pdf,,DA3663947,leeg.pdf,,DA3334894,leeg.pdf,
DA3260068,leeg.pdf,,DA3414680,leeg.pdf,,DA3607459,leeg.pdf,,DA3144506,leeg.pdf,,DA3782380,leeg.pdf,,DA3102616,leeg.pdf,,DA3071658,leeg.pdf,,DA3581058,leeg.pdf,,DA3323834,leeg.pdf,,DA3313095,leeg.pdf,,DA3091688,leeg.pdf,,DA3378912,leeg.pdf,,DA3640661,leeg.pdf,,DA3085955,leeg.pdf,,DA3855545,leeg.pdf,
DA3812002,leeg.pdf,,DA3685480,leeg.pdf,,DA3100884,leeg.pdf,,DA3647179,leeg.pdf,,DA3435059,leeg.pdf,,DA3834312,leeg.pdf,,DA3282138,leeg.pdf,,DA3750226,leeg.pdf,,DA3127599,leeg.pdf,,DA3258962,leeg.pdf,,DA3560138,leeg.pdf,,DA3969668,leeg.pdf,,DA3225624,leeg.pdf,,DA3300461,leeg.pdf,,DA3089745,leeg.pdf,
DA3058632,leeg.pdf,,DA3298504,leeg.pdf,,DA3078568,leeg.pdf,,DA3121157,leeg.pdf,,DA3365221,leeg.pdf,,DA3149690,leeg.pdf,,DA3220053,leeg.pdf,,DA3283371,leeg.pdf,,DA3331680,leeg.pdf,,DA3441509,leeg.pdf,,DA3862664,leeg.pdf,,DA3082571,leeg.pdf,,DA3262282,leeg.pdf,,DA3306328,leeg.pdf,,DA3787887,leeg.pdf,
DA3300375,leeg.pdf,,DA3394116,leeg.pdf,,DA3314993,leeg.pdf,,DA3058033,leeg.pdf,,DA3938841,leeg.pdf,,DA3701341,leeg.pdf,,DA3116758,leeg.pdf,,DA3904057,leeg.pdf,,DA3259656,leeg.pdf,,DA3893075,leeg.pdf,,DA3132725,leeg.pdf,,DA3300584,leeg.pdf,,DA3360265,leeg.pdf,,DA3424385,leeg.pdf,,DA3833538,leeg.pdf,
DA3182843,leeg.pdf,,DA3500124,leeg.pdf,,DA3509744,leeg.pdf,,DA3361075,leeg.pdf,,DA3501650,leeg.pdf,,DA3790521,leeg.pdf,,DA3071093,leeg.pdf,,DA3710833,leeg.pdf,,DA3996314,leeg.pdf,,DA3210749,leeg.pdf,,DA3387769,leeg.pdf,,DA3245521,leeg.pdf,,DA3271717,leeg.pdf,,DA3261720,leeg.pdf,,DA3264096,leeg.pdf,
DA3729319,leeg.pdf,,DA3182796,leeg.pdf,,DA3224657,leeg.pdf,,DA3223540,leeg.pdf,,DA3315898,leeg.pdf,,DA3220278,leeg.pdf,,DA3139477,leeg.pdf,,DA3343594,leeg.pdf,,DA3436326,leeg.pdf,,DA3105153,leeg.pdf,,DA3728002,leeg.pdf,,DA3793175,leeg.pdf,,DA3125613,leeg.pdf,,DA3580613,leeg.pdf,,DA3408109,leeg.pdf,
DA3260097,leeg.pdf,,DA3263271,leeg.pdf,,DA3484036,leeg.pdf,,DA3054635,leeg.pdf,,DA3105023,leeg.pdf,,DA3236718,leeg.pdf,,DA3117811,leeg.pdf,,DA3732410,leeg.pdf,,DA3619231,leeg.pdf,,DA3660499,leeg.pdf,,DA3136074,leeg.pdf,,DA3923826,leeg.pdf,,DA3117285,leeg.pdf,,DA3689482,leeg.pdf,,DA3680674,leeg.pdf,
DA3887693,leeg.pdf,,DA3132646,leeg.pdf,,DA3483889,leeg.pdf,,DA3420226,leeg.pdf,,DA3698778,leeg.pdf,,DA3957015,leeg.pdf,,DA3461442,leeg.pdf,,DA3264684,leeg.pdf,,DA3580455,leeg.pdf,,DA3131649,leeg.pdf,,DA3142149,leeg.pdf,,DA3447552,leeg.pdf,,DA3141373,leeg.pdf,,DA3664019,leeg.pdf,,DA3857174,leeg.pdf,
DA3246419,leeg.pdf,,DA3193655,leeg.pdf,,DA3402900,leeg.pdf,,DA3560078,leeg.pdf,,DA3137252,leeg.pdf,,DA3809825,leeg.pdf,,DA3135080,leeg.pdf,,DA3804271,leeg.pdf,,DA3872995,leeg.pdf,,DA3119121,leeg.pdf,,DA3549771,leeg.pdf,,DA3230962,leeg.pdf,,DA3634401,leeg.pdf,,DA3320557,leeg.pdf,,DA3513517,leeg.pdf,
DA3351788,leeg.pdf,,DA3156810,leeg.pdf,,DA3100914,leeg.pdf,,DA3322724,leeg.pdf,,DA3044547,leeg.pdf,,DA3631606,leeg.pdf,,DA3528163,leeg.pdf,,DA3341866,leeg.pdf,,DA3070474,leeg.pdf,,DA3209706,leeg.pdf,,DA3963509,leeg.pdf,,DA3538482,leeg.pdf,,DA3131203,leeg.pdf,,DA3187554,leeg.pdf,,DA3581568,leeg.pdf,
DA3428106,leeg.pdf,,DA3704620,leeg.pdf,,DA3867394,leeg.pdf,,DA3116220,leeg.pdf,,DA3610862,leeg.pdf,,DA3906994,leeg.pdf,,DA3853763,leeg.pdf,,DA3218712,leeg.pdf,,DA3144378,leeg.pdf,,DA3117667,leeg.pdf,,DA3145429,leeg.pdf,,DA3969799,leeg.pdf,,DA3804676,leeg.pdf,,DA3249027,leeg.pdf,,DA3189963,leeg.pdf,
DA3360563,leeg.pdf,,DA3929917,leeg.pdf,,DA3997318,leeg.pdf,,DA3892718,leeg.pdf,,DA3426601,leeg.pdf,,DA3908447,leeg.pdf,,DA3268631,leeg.pdf,,DA3042034,leeg.pdf,,DA3262996,leeg.pdf,,DA3713570,leeg.pdf,,DA3415294,leeg.pdf,,DA3080217,leeg.pdf,,DA3594763,leeg.pdf,,DA3246055,leeg.pdf,,DA3070778,leeg.pdf,
DA3225198,leeg.pdf,,DA3460567,leeg.pdf,,DA3327843,leeg.pdf,,DA3918602,leeg.pdf,,DA3518071,leeg.pdf,,DA3067398,leeg.pdf,,DA3676228,leeg.pdf,,DA3116415,leeg.pdf,,DA3085025,leeg.pdf,,DA3900606,leeg.pdf,,DA3830826,leeg.pdf,,DA3157345,leeg.pdf,,DA3728734,leeg.pdf,,DA3386762,leeg.pdf,,DA3155459,leeg.pdf,
DA3453507,leeg.pdf,,DA3975152,leeg.pdf,,DA3059725,leeg.pdf,,DA3152469,leeg.pdf,,DA3243380,leeg.pdf,,DA3200888,leeg.pdf,,DA3056437,leeg.pdf,,DA3557655,leeg.pdf,,DA3326436,leeg.pdf,,DA3368963,leeg.pdf,,DA3415103,leeg.pdf,,DA3283029,leeg.pdf,,DA3347029,leeg.pdf,,DA3815164,leeg.pdf,,DA3770294,leeg.pdf,
DA3419889,leeg.pdf,,DA3133203,leeg.pdf,,DA3965852,leeg.pdf,,DA3151736,leeg.pdf,,DA3469125,leeg.pdf,,DA3329429,leeg.pdf,,DA3068623,leeg.pdf,,DA3875934,leeg.pdf,,DA3305803,leeg.pdf,,DA3254893,leeg.pdf,,DA3924357,leeg.pdf,,DA3344989,leeg.pdf,,DA3752866,leeg.pdf,,DA3835702,leeg.pdf,,DA3654817,leeg.pdf,
DA3909733,leeg.pdf,,DA3444707,leeg.pdf,,DA3409564,leeg.pdf,,DA3223507,leeg.pdf,,DA3762863,leeg.pdf,,DA3117293,leeg.pdf,,DA3733906,leeg.pdf,,DA3710288,leeg.pdf,,DA3935615,leeg.pdf,,DA3809471,leeg.pdf,,DA3991118,leeg.pdf,,DA3100004,leeg.pdf,,DA3570377,leeg.pdf,,DA3098567,leeg.pdf,,DA3573167,leeg.pdf,
DA3133560,leeg.pdf,,DA3488935,leeg.pdf,,DA3042512,leeg.pdf,,DA3999812,leeg.pdf,,DA3621227,leeg.pdf,,DA3609957,leeg.pdf,,DA3871421,leeg.pdf,,DA3061263,leeg.pdf,,DA3050036,leeg.pdf,,DA3834044,leeg.pdf,,DA3099461,leeg.pdf,,DA3233338,leeg.pdf,,DA3143462,leeg.pdf,,DA3235597,leeg.pdf,,DA3921459,leeg.pdf,
DA3167584,leeg.pdf,,DA3363037,leeg.pdf,,DA3959993,leeg.pdf,,DA3545110,leeg.pdf,,DA3199365,leeg.pdf,,DA3108027,leeg.pdf,,DA3908054,leeg.pdf,,DA3923791,leeg.pdf,,DA3753176,leeg.pdf,,DA3888814,leeg.pdf,,DA3632184,leeg.pdf,,DA3985436,leeg.pdf,,DA3910514,leeg.pdf,,DA3355345,leeg.pdf,,DA3582230,leeg.pdf,
DA3437142,leeg.pdf,,DA3970623,leeg.pdf,,DA3851039,leeg.pdf,,DA3111267,leeg.pdf,,DA3359962,leeg.pdf,,DA3339831,leeg.pdf,,DA3203807,leeg.pdf,,DA3361626,leeg.pdf,,DA3332784,leeg.pdf,,DA3045853,leeg.pdf,,DA3059341,leeg.pdf,,DA3187621,leeg.pdf,,DA3046839,leeg.pdf,,DA3936700,leeg.pdf,,DA3482939,leeg.pdf,
DA3103320,leeg.pdf,,DA3255042,leeg.pdf,,DA3587687,leeg.pdf,,DA3443660,leeg.pdf,,DA3111939,leeg.pdf,,DA3170780,leeg.pdf,,DA3884811,leeg.pdf,,DA3393674,leeg.pdf,,DA3091092,leeg.pdf,,DA3446251,leeg.pdf,,DA3156557,leeg.pdf,,DA3104364,leeg.pdf,,DA3177503,leeg.pdf,,DA3288651,leeg.pdf,,DA3070700,leeg.pdf,
DA3078299,leeg.pdf,,DA3174764,leeg.pdf,,DA3961595,leeg.pdf,,DA3431242,leeg.pdf,,DA3827181,leeg.pdf,,DA3116842,leeg.pdf,,DA3560837,leeg.pdf,,DA3700251,leeg.pdf,,DA3274601,leeg.pdf,,DA3968590,leeg.pdf,,DA3968856,leeg.pdf,,DA3903803,leeg.pdf,,DA3093451,leeg.pdf,,DA3858339,leeg.pdf,,DA3736976,leeg.pdf,
DA3379274,leeg.pdf,,DA3139126,leeg.pdf,,DA3138788,leeg.pdf,,DA3041748,leeg.pdf,,DA3608728,leeg.pdf,,DA3126918,leeg.pdf,,DA3494007,leeg.pdf,,DA3044032,leeg.pdf,,DA3756326,leeg.pdf,,DA3144427,leeg.pdf,,DA3115548,leeg.pdf,,DA3113055,leeg.pdf,,DA3705866,leeg.pdf,,DA3720924,leeg.pdf,,DA3938830,leeg.pdf,
DA3859966,leeg.pdf,,DA3669208,leeg.pdf,,DA3156113,leeg.pdf,,DA3324664,leeg.pdf,,DA3792340,leeg.pdf,,DA3098235,leeg.pdf,,DA3766276,leeg.pdf,,DA3786880,leeg.pdf,,DA3162197,leeg.pdf,,DA3981378,leeg.pdf,,DA3289796,leeg.pdf,,DA3095822,leeg.pdf,,DA3863130,leeg.pdf,,DA3876408,leeg.pdf,,DA3219582,leeg.pdf,
DA3733474,leeg.pdf,,DA3156446,leeg.pdf,,DA3928490,leeg.pdf,,DA3069548,leeg.pdf,,DA3615373,leeg.pdf,,DA3119805,leeg.pdf,,DA3563983,leeg.pdf,,DA3128394,leeg.pdf,,DA3110126,leeg.pdf,,DA3668880,leeg.pdf,,DA3297073,leeg.pdf,,DA3082930,leeg.pdf,,DA3523828,leeg.pdf,,DA3154663,leeg.pdf,,DA3454025,leeg.pdf,
DA3132688,leeg.pdf,,DA3840669,leeg.pdf,,DA3786057,leeg.pdf,,DA3236187,leeg.pdf,,DA3861029,leeg.pdf,,DA3472767,leeg.pdf,,DA3742691,leeg.pdf,,DA3308176,leeg.pdf,,DA3235215,leeg.pdf,,DA3393344,leeg.pdf,,DA3077204,leeg.pdf,,DA3335371,leeg.pdf,,DA3164189,leeg.pdf,,DA3244253,leeg.pdf,,DA3366297,leeg.pdf,
DA3266557,leeg.pdf,,DA3924301,leeg.pdf,,DA3671080,leeg.pdf,,DA3080556,leeg.pdf,,DA3320204,leeg.pdf,,DA3163185,leeg.pdf,,DA3340230,leeg.pdf,,DA3622473,leeg.pdf,,DA3219550,leeg.pdf,,DA3221227,leeg.pdf,,DA3754143,leeg.pdf,,DA3403420,leeg.pdf,,DA3378118,leeg.pdf,,DA3687103,leeg.pdf,,DA3789487,leeg.pdf,
DA3684909,leeg.pdf,,DA3703379,leeg.pdf,,DA3307563,leeg.pdf,,DA3712551,leeg.pdf,,DA3725466,leeg.pdf,,DA3109204,leeg.pdf,,DA3060173,leeg.pdf,,DA3738263,leeg.pdf,,DA3158030,leeg.pdf,,DA3180976,leeg.pdf,,DA3215690,leeg.pdf,,DA3120169,leeg.pdf,,DA3715039,leeg.pdf,,DA3179530,leeg.pdf,,DA3365427,leeg.pdf,
DA3686204,leeg.pdf,,DA3560172,leeg.pdf,,DA3219946,leeg.pdf,,DA3481105,leeg.pdf,,DA3604803,leeg.pdf,,DA3440606,leeg.pdf,,DA3187569,leeg.pdf,,DA3947552,leeg.pdf,,DA3130029,leeg.pdf,,DA3195438,leeg.pdf,,DA3576534,leeg.pdf,,DA3156034,leeg.pdf,,DA3315282,leeg.pdf,,DA3242076,leeg.pdf,,DA3453962,leeg.pdf,
DA3450063,leeg.pdf,,DA3230388,leeg.pdf,,DA3302785,leeg.pdf,,DA3170380,leeg.pdf,,DA3824077,leeg.pdf,,DA3103298,leeg.pdf,,DA3127232,leeg.pdf,,DA3154824,leeg.pdf,,DA3440761,leeg.pdf,,DA3140475,leeg.pdf,,DA3480402,leeg.pdf,,DA3178778,leeg.pdf,,DA3912646,leeg.pdf,,DA3988165,leeg.pdf,,DA3040183,leeg.pdf,
DA3285112,leeg.pdf,,DA3052668,leeg.pdf,,DA3065062,leeg.pdf,,DA3709997,leeg.pdf,,DA3461803,leeg.pdf,,DA3885516,leeg.pdf,,DA3094852,leeg.pdf,,DA3114925,leeg.pdf,,DA3423694,leeg.pdf,,DA3597707,leeg.pdf,,DA3250759,leeg.pdf,,DA3996667,leeg.pdf,,DA3128148,leeg.pdf,,DA3399905,leeg.pdf,,DA3910622,leeg.pdf,
DA3143515,leeg.pdf,,DA3524142,leeg.pdf,,DA3697821,leeg.pdf,,DA3114609,leeg.pdf,,DA3523922,leeg.pdf,,DA3342039,leeg.pdf,,DA3709830,leeg.pdf,,DA3205956,leeg.pdf,,DA3411746,leeg.pdf,,DA3288053,leeg.pdf,,DA3374841,leeg.pdf,,DA3442216,leeg.pdf,,DA3754462,leeg.pdf,,DA3077554,leeg.pdf,,DA3429138,leeg.pdf,
DA3454601,leeg.pdf,,DA3715358,leeg.pdf,,DA3827866,leeg.pdf,,DA3978917,leeg.pdf,,DA3236707,leeg.pdf,,DA3944033,leeg.pdf,,DA3578622,leeg.pdf,,DA3973760,leeg.pdf,,DA3156933,leeg.pdf,,DA3173849,leeg.pdf,,DA3108730,leeg.pdf,,DA3234471,leeg.pdf,,DA3351296,leeg.pdf,,DA3700555,leeg.pdf,,DA3388523,leeg.pdf,
DA3272965,leeg.pdf,,DA3090088,leeg.pdf,,DA3830166,leeg.pdf,,DA3067828,leeg.pdf,,DA3603793,leeg.pdf,,DA3490956,leeg.pdf,,DA3837415,leeg.pdf,,DA3265318,leeg.pdf,,DA3062014,leeg.pdf,,DA3169422,leeg.pdf,,DA3219642,leeg.pdf,,DA3442077,leeg.pdf,,DA3274657,leeg.pdf,,DA3926104,leeg.pdf,,DA3126937,leeg.pdf,
DA3380740,leeg.pdf,,DA3664739,leeg.pdf,,DA3260688,leeg.pdf,,DA3856285,leeg.pdf,,DA3118477,leeg.pdf,,DA3130075,leeg.pdf,,DA3503663,leeg.pdf,,DA3449919,leeg.pdf,,DA3630680,leeg.pdf,,DA3643803,leeg.pdf,,DA3264695,leeg.pdf,,DA3824866,leeg.pdf,,DA3849321,leeg.pdf,,DA3570609,leeg.pdf,,DA3160769,leeg.pdf,
DA3653405,leeg.pdf,,DA3408940,leeg.pdf,,DA3167888,leeg.pdf,,DA3214448,leeg.pdf,,DA3145286,leeg.pdf,,DA3397885,leeg.pdf,,DA3735224,leeg.pdf,,DA3281457,leeg.pdf,,DA3560518,leeg.pdf,,DA3498871,leeg.pdf,,DA3944635,leeg.pdf,,DA3731212,leeg.pdf,,DA3449839,leeg.pdf,,DA3638299,leeg.pdf,,DA3169433,leeg.pdf,
DA3350031,leeg.pdf,,DA3103476,leeg.pdf,,DA3910419,leeg.pdf,,DA3068969,leeg.pdf,,DA3184618,leeg.pdf,,DA3484559,leeg.pdf,,DA3260842,leeg.pdf,,DA3107521,leeg.pdf,,DA3068578,leeg.pdf,,DA3869343,leeg.pdf,,DA3348911,leeg.pdf,,DA3813744,leeg.pdf,,DA3381024,leeg.pdf,,DA3897081,leeg.pdf,,DA3209871,leeg.pdf,
DA3699142,leeg.pdf,,DA3419980,leeg.pdf,,DA3601153,leeg.pdf,,DA3482506,leeg.pdf,,DA3430681,leeg.pdf,,DA3710589,leeg.pdf,,DA3764645,leeg.pdf,,DA3237351,leeg.pdf,,DA3662990,leeg.pdf,,DA3702373,leeg.pdf,,DA3100645,leeg.pdf,,DA3617416,leeg.pdf,,DA3235503,leeg.pdf,,DA3631398,leeg.pdf,,DA3097169,leeg.pdf,
DA3892049,leeg.pdf,,DA3181906,leeg.pdf,,DA3342714,leeg.pdf,,DA3192118,leeg.pdf,,DA3895117,leeg.pdf,,DA3268238,leeg.pdf,,DA3036370,leeg.pdf,,DA3455013,leeg.pdf,,DA3609824,leeg.pdf,,DA3175602,leeg.pdf,,DA3087495,leeg.pdf,,DA3565354,leeg.pdf,,DA3319817,leeg.pdf,,DA3325214,leeg.pdf,,DA3637077,leeg.pdf,
DA3804110,leeg.pdf,,DA3145722,leeg.pdf,,DA3144220,leeg.pdf,,DA3789815,leeg.pdf,,DA3879394,leeg.pdf,,DA3309937,leeg.pdf,,DA3611335,leeg.pdf,,DA3225248,leeg.pdf,,DA3320334,leeg.pdf,,DA3062483,leeg.pdf,,DA3559050,leeg.pdf,,DA3470538,leeg.pdf,,DA3714984,leeg.pdf,,DA3887564,leeg.pdf,,DA3984971,leeg.pdf,
DA3249487,leeg.pdf,,DA3637971,leeg.pdf,,DA3789931,leeg.pdf,,DA3796413,leeg.pdf,,DA3248034,leeg.pdf,,DA3363416,leeg.pdf,,DA3786114,leeg.pdf,,DA3338775,leeg.pdf,,DA3184695,leeg.pdf,,DA3726712,leeg.pdf,,DA3635164,leeg.pdf,,DA3077769,leeg.pdf,,DA3382702,leeg.pdf,,DA3109765,leeg.pdf,,DA3327791,leeg.pdf,
DA3817598,leeg.pdf,,DA3142831,leeg.pdf,,DA3757239,leeg.pdf,,DA3494335,leeg.pdf,,DA3941336,leeg.pdf,,DA3829541,leeg.pdf,,DA3494070,leeg.pdf,,DA3201275,leeg.pdf,,DA3078268,leeg.pdf,,DA3879481,leeg.pdf,,DA3454502,leeg.pdf,,DA3189293,leeg.pdf,,DA3625845,leeg.pdf,,DA3992754,leeg.pdf,,DA3121504,leeg.pdf,
DA3954711,leeg.pdf,,DA3582815,leeg.pdf,,DA3944244,leeg.pdf,,DA3921112,leeg.pdf,,DA3407711,leeg.pdf,,DA3562708,leeg.pdf,,DA3173137,leeg.pdf,,DA3625889,leeg.pdf,,DA3178882,leeg.pdf,,DA3898091,leeg.pdf,,DA3967349,leeg.pdf,,DA3651112,leeg.pdf,,DA3685653,leeg.pdf,,DA3239990,leeg.pdf,,DA3670212,leeg.pdf,
DA3931387,leeg.pdf,,DA3576689,leeg.pdf,,DA3177190,leeg.pdf,,DA3707417,leeg.pdf,,DA3063866,leeg.pdf,,DA3937306,leeg.pdf,,DA3304479,leeg.pdf,,DA3406584,leeg.pdf,,DA3054334,leeg.pdf,,DA3423498,leeg.pdf,,DA3925475,leeg.pdf,,DA3122935,leeg.pdf,,DA3475801,leeg.pdf,,DA3954031,leeg.pdf,,DA3347687,leeg.pdf,
DA3571959,leeg.pdf,,DA3625284,leeg.pdf,,DA3206872,leeg.pdf,,DA3457312,leeg.pdf,,DA3620300,leeg.pdf,,DA3428627,leeg.pdf,,DA3070178,leeg.pdf,,DA3097418,leeg.pdf,,DA3481028,leeg.pdf,,DA3372652,leeg.pdf,,DA3680419,leeg.pdf,,DA3719165,leeg.pdf,,DA3239578,leeg.pdf,,DA3795095,leeg.pdf,,DA3125714,leeg.pdf,
DA3361372,leeg.pdf,,DA3710815,leeg.pdf,,DA3804600,leeg.pdf,,DA3629106,leeg.pdf,,DA3617907,leeg.pdf,,DA3455815,leeg.pdf,,DA3214055,leeg.pdf,,DA3087650,leeg.pdf,,DA3823635,leeg.pdf,,DA3641188,leeg.pdf,,DA3694700,leeg.pdf,,DA3932688,leeg.pdf,,DA3460495,leeg.pdf,,DA3094908,leeg.pdf,,DA3314115,leeg.pdf,
DA3555323,leeg.pdf,,DA3287853,leeg.pdf,,DA3040620,leeg.pdf,,DA3134240,leeg.pdf,,DA3592899,leeg.pdf,,DA3317378,leeg.pdf,,DA3247601,leeg.pdf,,DA3195339,leeg.pdf,,DA3669179,leeg.pdf,,DA3818072,leeg.pdf,,DA3468315,leeg.pdf,,DA3743938,leeg.pdf,,DA3381043,leeg.pdf,,DA3863110,leeg.pdf,,DA3294202,leeg.pdf,
DA3711883,leeg.pdf,,DA3078156,leeg.pdf,,DA3810160,leeg.pdf,,DA3685811,leeg.pdf,,DA3258357,leeg.pdf,,DA3251852,leeg.pdf,,DA3715815,leeg.pdf,,DA3845434,leeg.pdf,,DA3545629,leeg.pdf,,DA3631230,leeg.pdf,,DA3538562,leeg.pdf,,DA3364563,leeg.pdf,,DA3679285,leeg.pdf,,DA3412611,leeg.pdf,,DA3584030,leeg.pdf,
DA3054606,leeg.pdf,,DA3144434,leeg.pdf,,DA3391635,leeg.pdf,,DA3520851,leeg.pdf,,DA3753304,leeg.pdf,,DA3744485,leeg.pdf,,DA3666819,leeg.pdf,,DA3180538,leeg.pdf,,DA3131608,leeg.pdf,,DA3071875,leeg.pdf,,DA3171836,leeg.pdf,,DA3450623,leeg.pdf,,DA3210046,leeg.pdf,,DA3691126,leeg.pdf,,DA3106497,leeg.pdf,
DA3655513,leeg.pdf,,DA3146436,leeg.pdf,,DA3869105,leeg.pdf,,DA3558373,leeg.pdf,,DA3338542,leeg.pdf,,DA3450407,leeg.pdf,,DA3031925,leeg.pdf,,DA3159569,leeg.pdf,,DA3318494,leeg.pdf,,DA3446684,leeg.pdf,,DA3461516,leeg.pdf,,DA3908922,leeg.pdf,,DA3675379,leeg.pdf,,DA3560589,leeg.pdf,,DA3465868,leeg.pdf,
DA3514723,leeg.pdf,,DA3495139,leeg.pdf,,DA3183969,leeg.pdf,,DA3801483,leeg.pdf,,DA3535754,leeg.pdf,,DA3500011,leeg.pdf,,DA3183673,leeg.pdf,,DA3762366,leeg.pdf,,DA3151457,leeg.pdf,,DA3509259,leeg.pdf,,DA3351220,leeg.pdf,,DA3799119,leeg.pdf,,DA3272063,leeg.pdf,,DA3467008,leeg.pdf,,DA3952082,leeg.pdf,
DA3702241,leeg.pdf,,DA3993649,leeg.pdf,,DA3977867,leeg.pdf,,DA3838677,leeg.pdf,,DA3235841,leeg.pdf,,DA3155814,leeg.pdf,,DA3222988,leeg.pdf,,DA3412828,leeg.pdf,,DA3713050,leeg.pdf,,DA3266618,leeg.pdf,,DA3239251,leeg.pdf,,DA3251756,leeg.pdf,,DA3543638,leeg.pdf,,DA3522020,leeg.pdf,,DA3061932,leeg.pdf,
DA3726312,leeg.pdf,,DA3048015,leeg.pdf,,DA3340916,leeg.pdf,,DA3572076,leeg.pdf,,DA3073856,leeg.pdf,,DA3051613,leeg.pdf,,DA3242554,leeg.pdf,,DA3694898,leeg.pdf,,DA3381029,leeg.pdf,,DA3636036,leeg.pdf,,DA3145379,leeg.pdf,,DA3197155,leeg.pdf,,DA3941777,leeg.pdf,,DA3476026,leeg.pdf,,DA3525810,leeg.pdf,
DA3240395,leeg.pdf,,DA3169170,leeg.pdf,,DA3093534,leeg.pdf,,DA3660864,leeg.pdf,,DA3334423,leeg.pdf,,DA3228923,leeg.pdf,,DA3097719,leeg.pdf,,DA3964896,leeg.pdf,,DA3389132,leeg.pdf,,DA3424552,leeg.pdf,,DA3059525,leeg.pdf,,DA3907572,leeg.pdf,,DA3135965,leeg.pdf,,DA3660806,leeg.pdf,,DA3912123,leeg.pdf,
DA3078420,leeg.pdf,,DA3678817,leeg.pdf,,DA3097745,leeg.pdf,,DA3347070,leeg.pdf,,DA3682035,leeg.pdf,,DA3877957,leeg.pdf,,DA3533517,leeg.pdf,,DA3935164,leeg.pdf,,DA3052168,leeg.pdf,,DA3229435,leeg.pdf,,DA3412480,leeg.pdf,,DA3907984,leeg.pdf,,DA3441734,leeg.pdf,,DA3779174,leeg.pdf,,DA3169407,leeg.pdf,
DA3666368,leeg.pdf,,DA3545238,leeg.pdf,,DA3884193,leeg.pdf,,DA3084165,leeg.pdf,,DA3938975,leeg.pdf,,DA3153216,leeg.pdf,,DA3492801,leeg.pdf,,DA3576076,leeg.pdf,,DA3367057,leeg.pdf,,DA3181918,leeg.pdf,,DA3900888,leeg.pdf,,DA3551572,leeg.pdf,,DA3949514,leeg.pdf,,DA3538904,leeg.pdf,,DA3299407,leeg.pdf,
DA3455277,leeg.pdf,,DA3756174,leeg.pdf,,DA3799299,leeg.pdf,,DA3294391,leeg.pdf,,DA3772549,leeg.pdf,,DA3764740,leeg.pdf,,DA3210114,leeg.pdf,,DA3330582,leeg.pdf,,DA3854729,leeg.pdf,,DA3250069,leeg.pdf,,DA3598452,leeg.pdf,,DA3583287,leeg.pdf,,DA3466059,leeg.pdf,,DA3535215,leeg.pdf,,DA3472380,leeg.pdf,
DA3324458,leeg.pdf,,DA3655945,leeg.pdf,,DA3559493,leeg.pdf,,DA3233332,leeg.pdf,,DA3470447,leeg.pdf,,DA3370397,leeg.pdf,,DA3601682,leeg.pdf,,DA3161510,leeg.pdf,,DA3210465,leeg.pdf,,DA3282350,leeg.pdf,,DA3924322,leeg.pdf,,DA3800415,leeg.pdf,,DA3179457,leeg.pdf,,DA3150934,leeg.pdf,,DA3576522,leeg.pdf,
DA3378042,leeg.pdf,,DA3061649,leeg.pdf,,DA3286069,leeg.pdf,,DA3205808,leeg.pdf,,DA3886015,leeg.pdf,,DA3519743,leeg.pdf,,DA3073904,leeg.pdf,,DA3136752,leeg.pdf,,DA3134915,leeg.pdf,,DA3932809,leeg.pdf,,DA3966882,leeg.pdf,,DA3907985,leeg.pdf,,DA3094920,leeg.pdf,,DA3498535,leeg.pdf,,DA3178610,leeg.pdf,
DA3475193,leeg.pdf,,DA3742202,leeg.pdf,,DA3935744,leeg.pdf,,DA3049010,leeg.pdf,,DA3739815,leeg.pdf,,DA3104115,leeg.pdf,,DA3759663,leeg.pdf,,DA3543120,leeg.pdf,,DA3518208,leeg.pdf,,DA3496127,leeg.pdf,,DA3623686,leeg.pdf,,DA3652861,leeg.pdf,,DA3775180,leeg.pdf,,DA3567260,leeg.pdf,,DA3690683,leeg.pdf,
DA3316845,leeg.pdf,,DA3316806,leeg.pdf,,DA3144072,leeg.pdf,,DA3256551,leeg.pdf,,DA3158059,leeg.pdf,,DA3350681,leeg.pdf,,DA3658236,leeg.pdf,,DA3060091,leeg.pdf,,DA3963704,leeg.pdf,,DA3648067,leeg.pdf,,DA3147502,leeg.pdf,,DA3819226,leeg.pdf,,DA3641572,leeg.pdf,,DA3710725,leeg.pdf,,DA3371967,leeg.pdf,
DA3873381,leeg.pdf,,DA3483382,leeg.pdf,,DA3210152,leeg.pdf,,DA3631831,leeg.pdf,,DA3585436,leeg.pdf,,DA3497949,leeg.pdf,,DA3232867,leeg.pdf,,DA3541747,leeg.pdf,,DA3089641,leeg.pdf,,DA3262463,leeg.pdf,,DA3651907,leeg.pdf,,DA3254572,leeg.pdf,,DA3103602,leeg.pdf,,DA3171622,leeg.pdf,,DA3843337,leeg.pdf,
DA3035095,leeg.pdf,,DA3414341,leeg.pdf,,DA3743977,leeg.pdf,,DA3523842,leeg.pdf,,DA3510257,leeg.pdf,,DA3828376,leeg.pdf,,DA3526381,leeg.pdf,,DA3517020,leeg.pdf,,DA3090503,leeg.pdf,,DA3271903,leeg.pdf,,DA3169715,leeg.pdf,,DA3995702,leeg.pdf,,DA3157313,leeg.pdf,,DA3458802,leeg.pdf,,DA3529346,leeg.pdf,
DA3269363,leeg.pdf,,DA3128404,leeg.pdf,,DA3212376,leeg.pdf,,DA3901967,leeg.pdf,,DA3203386,leeg.pdf,,DA3307067,leeg.pdf,,DA3514624,leeg.pdf,,DA3230369,leeg.pdf,,DA3560372,leeg.pdf,,DA3596480,leeg.pdf,,DA3106313,leeg.pdf,,DA3387613,leeg.pdf,,DA3603156,leeg.pdf,,DA3520587,leeg.pdf,,DA3358192,leeg.pdf,
DA3119187,leeg.pdf,,DA3666413,leeg.pdf,,DA3286599,leeg.pdf,,DA3171067,leeg.pdf,,DA3560224,leeg.pdf,,DA3467706,leeg.pdf,,DA3465948,leeg.pdf,,DA3835835,leeg.pdf,,DA3253302,leeg.pdf,,DA3962679,leeg.pdf,,DA3790460,leeg.pdf,,DA3759920,leeg.pdf,,DA3201383,leeg.pdf,,DA3886369,leeg.pdf,,DA3212090,leeg.pdf,
DA3987371,leeg.pdf,,DA3324786,leeg.pdf,,DA3477186,leeg.pdf,,DA3339722,leeg.pdf,,DA3155000,leeg.pdf,,DA3780410,leeg.pdf,,DA3404882,leeg.pdf,,DA3958686,leeg.pdf,,DA3144622,leeg.pdf,,DA3707250,leeg.pdf,,DA3159974,leeg.pdf,,DA3227781,leeg.pdf,,DA3235793,leeg.pdf,,DA3580787,leeg.pdf,,DA3170931,leeg.pdf,
DA3085168,leeg.pdf,,DA3896908,leeg.pdf,,DA3844718,leeg.pdf,,DA3749792,leeg.pdf,,DA3523584,leeg.pdf,,DA3367559,leeg.pdf,,DA3893068,leeg.pdf,,DA3540986,leeg.pdf,,DA3154930,leeg.pdf,,DA3798478,leeg.pdf,,DA3270270,leeg.pdf,,DA3264669,leeg.pdf,,DA3570468,leeg.pdf,,DA3062543,leeg.pdf,,DA3967421,leeg.pdf,
DA3118347,leeg.pdf,,DA3384190,leeg.pdf,,DA3504797,leeg.pdf,,DA3460298,leeg.pdf,,DA3163436,leeg.pdf,,DA3818773,leeg.pdf,,DA3202007,leeg.pdf,,DA3906266,leeg.pdf,,DA3044886,leeg.pdf,,DA3189847,leeg.pdf,,DA3623751,leeg.pdf,,DA3804842,leeg.pdf,,DA3503566,leeg.pdf,,DA3819991,leeg.pdf,,DA3672563,leeg.pdf,
DA3814296,leeg.pdf,,DA3438436,leeg.pdf,,DA3692217,leeg.pdf,,DA3625069,leeg.pdf,,DA3300043,leeg.pdf,,DA3114255,leeg.pdf,,DA3512449,leeg.pdf,,DA3322761,leeg.pdf,,DA3205910,leeg.pdf,,DA3862533,leeg.pdf,,DA3518817,leeg.pdf,,DA3393418,leeg.pdf,,DA3322019,leeg.pdf,,DA3202668,leeg.pdf,,DA3859665,leeg.pdf,
DA3803163,leeg.pdf,,DA3290793,leeg.pdf,,DA3425448,leeg.pdf,,DA3041671,leeg.pdf,,DA3206273,leeg.pdf,,DA3543614,leeg.pdf,,DA3230765,leeg.pdf,,DA3769112,leeg.pdf,,DA3526502,leeg.pdf,,DA3694683,leeg.pdf,,DA3190407,leeg.pdf,,DA3514269,leeg.pdf,,DA3591153,leeg.pdf,,DA3283850,leeg.pdf,,DA3570978,leeg.pdf,
DA3721834,leeg.pdf,,DA3155689,leeg.pdf,,DA3383630,leeg.pdf,,DA3721953,leeg.pdf,,DA3430409,leeg.pdf,,DA3033217,leeg.pdf,,DA3728508,leeg.pdf,,DA3934118,leeg.pdf,,DA3136348,leeg.pdf,,DA3084356,leeg.pdf,,DA3045845,leeg.pdf,,DA3419875,leeg.pdf,,DA3251835,leeg.pdf,,DA3822569,leeg.pdf,,DA3041168,leeg.pdf,
DA3267182,leeg.pdf,,DA3616017,leeg.pdf,,DA3081605,leeg.pdf,,DA3187518,leeg.pdf,,DA3761042,leeg.pdf,,DA3962527,leeg.pdf,,DA3141080,leeg.pdf,,DA3061768,leeg.pdf,,DA3106140,leeg.pdf,,DA3204484,leeg.pdf,,DA3911255,leeg.pdf,,DA3110513,leeg.pdf,,DA3699078,leeg.pdf,,DA3448430,leeg.pdf,,DA3480167,leeg.pdf,
DA3959547,leeg.pdf,,DA3998484,leeg.pdf,,DA3768528,leeg.pdf,,DA3773877,leeg.pdf,,DA3111705,leeg.pdf,,DA3609831,leeg.pdf,,DA3841481,leeg.pdf,,DA3155338,leeg.pdf,,DA3685426,leeg.pdf,,DA3301853,leeg.pdf,,DA3243210,leeg.pdf,,DA3042593,leeg.pdf,,DA3115279,leeg.pdf,,DA3220753,leeg.pdf,,DA3735581,leeg.pdf,
DA3817976,leeg.pdf,,DA3249393,leeg.pdf,,DA3346538,leeg.pdf,,DA3185736,leeg.pdf,,DA3164527,leeg.pdf,,DA3275923,leeg.pdf,,DA3222545,leeg.pdf,,DA3144636,leeg.pdf,,DA3493635,leeg.pdf,,DA3309246,leeg.pdf,,DA3161279,leeg.pdf,,DA3160156,leeg.pdf,,DA3126981,leeg.pdf,,DA3045501,leeg.pdf,,DA3570814,leeg.pdf,
DA3181835,leeg.pdf,,DA3874988,leeg.pdf,,DA3407261,leeg.pdf,,DA3471231,leeg.pdf,,DA3570237,leeg.pdf,,DA3167640,leeg.pdf,,DA3807644,leeg.pdf,,DA3326755,leeg.pdf,,DA3126264,leeg.pdf,,DA3811967,leeg.pdf,,DA3106670,leeg.pdf,,DA3427180,leeg.pdf,,DA3424679,leeg.pdf,,DA3310608,leeg.pdf,,DA3914521,leeg.pdf,
DA3263632,leeg.pdf,,DA3317654,leeg.pdf,,DA3330424,leeg.pdf,,DA3802693,leeg.pdf,,DA3174334,leeg.pdf,,DA3740407,leeg.pdf,,DA3400550,leeg.pdf,,DA3370616,leeg.pdf,,DA3249309,leeg.pdf,,DA3560830,leeg.pdf,,DA3914072,leeg.pdf,,DA3252321,leeg.pdf,,DA3898020,leeg.pdf,,DA3103870,leeg.pdf,,DA3927125,leeg.pdf,
DA3517163,leeg.pdf,,DA3214132,leeg.pdf,,DA3934100,leeg.pdf,,DA3227590,leeg.pdf,,DA3048629,leeg.pdf,,DA3640964,leeg.pdf,,DA3829266,leeg.pdf,,DA3109864,leeg.pdf,,DA3125464,leeg.pdf,,DA3511354,leeg.pdf,,DA3417512,leeg.pdf,,DA3662231,leeg.pdf,,DA3565343,leeg.pdf,,DA3069784,leeg.pdf,,DA3062025,leeg.pdf,
DA3456780,leeg.pdf,,DA3046133,leeg.pdf,,DA3426970,leeg.pdf,,DA3986034,leeg.pdf,,DA3888545,leeg.pdf,,DA3487303,leeg.pdf,,DA3449240,leeg.pdf,,DA3902992,leeg.pdf,,DA3817482,leeg.pdf,,DA3393972,leeg.pdf,,DA3090806,leeg.pdf,,DA3466184,leeg.pdf,,DA3348370,leeg.pdf,,DA3524219,leeg.pdf,,DA3570311,leeg.pdf,
DA3245770,leeg.pdf,,DA3326669,leeg.pdf,,DA3761625,leeg.pdf,,DA3891841,leeg.pdf,,DA3117658,leeg.pdf,,DA3855662,leeg.pdf,,DA3642159,leeg.pdf,,DA3396841,leeg.pdf,,DA3452050,leeg.pdf,,DA3887373,leeg.pdf,,DA3866259,leeg.pdf,,DA3262455,leeg.pdf,,DA3165858,leeg.pdf,,DA3870063,leeg.pdf,,DA3870379,leeg.pdf,
DA3253538,leeg.pdf,,DA3312748,leeg.pdf,,DA3619268,leeg.pdf,,DA3236270,leeg.pdf,,DA3596695,leeg.pdf,,DA3968930,leeg.pdf,,DA3156109,leeg.pdf,,DA3185905,leeg.pdf,,DA3170287,leeg.pdf,,DA3142548,leeg.pdf,,DA3891833,leeg.pdf,,DA3931958,leeg.pdf,,DA3332428,leeg.pdf,,DA3724417,leeg.pdf,,DA3663132,leeg.pdf,
DA3083598,leeg.pdf,,DA3129902,leeg.pdf,,DA3247597,leeg.pdf,,DA3796411,leeg.pdf,,DA3984955,leeg.pdf,,DA3459980,leeg.pdf,,DA3504217,leeg.pdf,,DA3663240,leeg.pdf,,DA3357696,leeg.pdf,,DA3306344,leeg.pdf,,DA3615571,leeg.pdf,,DA3046759,leeg.pdf,,DA3421308,leeg.pdf,,DA3926662,leeg.pdf,,DA3251568,leeg.pdf,
DA3796189,leeg.pdf,,DA3878310,leeg.pdf,,DA3981422,leeg.pdf,,DA3242028,leeg.pdf,,DA3325692,leeg.pdf,,DA3771266,leeg.pdf,,DA3675026,leeg.pdf,,DA3986973,leeg.pdf,,DA3074954,leeg.pdf,,DA3705843,leeg.pdf,,DA3062544,leeg.pdf,,DA3219888,leeg.pdf,,DA3729942,leeg.pdf,,DA3915164,leeg.pdf,,DA3393341,leeg.pdf,
DA3452276,leeg.pdf,,DA3110364,leeg.pdf,,DA3574884,leeg.pdf,,DA3423829,leeg.pdf,,DA3606268,leeg.pdf,,DA3384106,leeg.pdf,,DA3030811,leeg.pdf,,DA3238471,leeg.pdf,,DA3960943,leeg.pdf,,DA3058401,leeg.pdf,,DA3931824,leeg.pdf,,DA3657272,leeg.pdf,,DA3071183,leeg.pdf,,DA3162345,leeg.pdf,,DA3049405,leeg.pdf,
DA3565766,leeg.pdf,,DA3605975,leeg.pdf,,DA3216472,leeg.pdf,,DA3757686,leeg.pdf,,DA3218129,leeg.pdf,,DA3977716,leeg.pdf,,DA3420044,leeg.pdf,,DA3963805,leeg.pdf,,DA3967136,leeg.pdf,,DA3631167,leeg.pdf,,DA3427819,leeg.pdf,,DA3091693,leeg.pdf,,DA3994351,leeg.pdf,,DA3479233,leeg.pdf,,DA3602484,leeg.pdf,
DA3660729,leeg.pdf,,DA3972447,leeg.pdf,,DA3389353,leeg.pdf,,DA3288442,leeg.pdf,,DA3483399,leeg.pdf,,DA3118690,leeg.pdf,,DA3462689,leeg.pdf,,DA3468543,leeg.pdf,,DA3048841,leeg.pdf,,DA3199564,leeg.pdf,,DA3458266,leeg.pdf,,DA3727975,leeg.pdf,,DA3790789,leeg.pdf,,DA3366313,leeg.pdf,,DA3245495,leeg.pdf,
DA3091193,leeg.pdf,,DA3123375,leeg.pdf,,DA3274556,leeg.pdf,,DA3750133,leeg.pdf,,DA3616426,leeg.pdf,,DA3610449,leeg.pdf,,DA3220929,leeg.pdf,,DA3480054,leeg.pdf,,DA3909854,leeg.pdf,,DA3128038,leeg.pdf,,DA3170498,leeg.pdf,,DA3323968,leeg.pdf,,DA3154131,leeg.pdf,,DA3834801,leeg.pdf,,DA3353141,leeg.pdf,
DA3626667,leeg.pdf,,DA3494504,leeg.pdf,,DA3204283,leeg.pdf,,DA3285135,leeg.pdf,,DA3789328,leeg.pdf,,DA3487754,leeg.pdf,,DA3068785,leeg.pdf,,DA3602981,leeg.pdf,,DA3095276,leeg.pdf,,DA3075103,leeg.pdf,,DA3496515,leeg.pdf,,DA3802044,leeg.pdf,,DA3751178,leeg.pdf,,DA3640223,leeg.pdf,,DA3259400,leeg.pdf,
DA3122489,leeg.pdf,,DA3083517,leeg.pdf,,DA3105329,leeg.pdf,,DA3543448,leeg.pdf,,DA3305624,leeg.pdf,,DA3172543,leeg.pdf,,DA3094214,leeg.pdf,,DA3097722,leeg.pdf,,DA3192427,leeg.pdf,,DA3767271,leeg.pdf,,DA3502569,leeg.pdf,,DA3293653,leeg.pdf,,DA3744514,leeg.pdf,,DA3262675,leeg.pdf,,DA3312952,leeg.pdf,
DA3097998,leeg.pdf,,DA3909863,leeg.pdf,,DA3144951,leeg.pdf,,DA3839090,leeg.pdf,,DA3166772,leeg.pdf,,DA3451870,leeg.pdf,,DA3375606,leeg.pdf,,DA3308122,leeg.pdf,,DA3966300,leeg.pdf,,DA3908026,leeg.pdf,,DA3974996,leeg.pdf,,DA3275037,leeg.pdf,,DA3835505,leeg.pdf,,DA3341163,leeg.pdf,,DA3366638,leeg.pdf,
DA3296371,leeg.pdf,,DA3657792,leeg.pdf,,DA3509882,leeg.pdf,,DA3443471,leeg.pdf,,DA3207390,leeg.pdf,,DA3255873,leeg.pdf,,DA3055637,leeg.pdf,,DA3908748,leeg.pdf,,DA3363497,leeg.pdf,,DA3816055,leeg.pdf,,DA3229333,leeg.pdf,,DA3607123,leeg.pdf,,DA3636525,leeg.pdf,,DA3112921,leeg.pdf,,DA3962847,leeg.pdf,
DA3488675,leeg.pdf,,DA3405131,leeg.pdf,,DA3282481,leeg.pdf,,DA3107519,leeg.pdf,,DA3418728,leeg.pdf,,DA3777800,leeg.pdf,,DA3520150,leeg.pdf,,DA3259524,leeg.pdf,,DA3921962,leeg.pdf,,DA3978112,leeg.pdf,,DA3457609,leeg.pdf,,DA3078114,leeg.pdf,,DA3466116,leeg.pdf,,DA3889415,leeg.pdf,,DA3489824,leeg.pdf,
DA3197535,leeg.pdf,,DA3673755,leeg.pdf,,DA3848083,leeg.pdf,,DA3465614,leeg.pdf,,DA3347914,leeg.pdf,,DA3483740,leeg.pdf,,DA3455009,leeg.pdf,,DA3874112,leeg.pdf,,DA3129668,leeg.pdf,,DA3162930,leeg.pdf,,DA3411411,leeg.pdf,,DA3067105,leeg.pdf,,DA3282315,leeg.pdf,,DA3757111,leeg.pdf,,DA3197264,leeg.pdf,
DA3180202,leeg.pdf,,DA3970008,leeg.pdf,,DA3164616,leeg.pdf,,DA3665786,leeg.pdf,,DA3336523,leeg.pdf,,DA3271615,leeg.pdf,,DA3929700,leeg.pdf,,DA3096118,leeg.pdf,,DA3535909,leeg.pdf,,DA3167499,leeg.pdf,,DA3369439,leeg.pdf,,DA3731593,leeg.pdf,,DA3175157,leeg.pdf,,DA3036594,leeg.pdf,,DA3148042,leeg.pdf,
DA3312496,leeg.pdf,,DA3592307,leeg.pdf,,DA3874158,leeg.pdf,,DA3676170,leeg.pdf,,DA3925011,leeg.pdf,,DA3601295,leeg.pdf,,DA3094347,leeg.pdf,,DA3630506,leeg.pdf,,DA3471821,leeg.pdf,,DA3824112,leeg.pdf,,DA3077813,leeg.pdf,,DA3210903,leeg.pdf,,DA3171664,leeg.pdf,,DA3300612,leeg.pdf,,DA3807469,leeg.pdf,
DA3694724,leeg.pdf,,DA3095728,leeg.pdf,,DA3247219,leeg.pdf,,DA3415916,leeg.pdf,,DA3418132,leeg.pdf,,DA3049011,leeg.pdf,,DA3883999,leeg.pdf,,DA3239492,leeg.pdf,,DA3843162,leeg.pdf,,DA3927358,leeg.pdf,,DA3933625,leeg.pdf,,DA3588389,leeg.pdf,,DA3636698,leeg.pdf,,DA3425803,leeg.pdf,,DA3289035,leeg.pdf,
DA3660732,leeg.pdf,,DA3609115,leeg.pdf,,DA3050107,leeg.pdf,,DA3481113,leeg.pdf,,DA3793189,leeg.pdf,,DA3726860,leeg.pdf,,DA3194768,leeg.pdf,,DA3094631,leeg.pdf,,DA3717774,leeg.pdf,,DA3968567,leeg.pdf,,DA3746503,leeg.pdf,,DA3097633,leeg.pdf,,DA3454600,leeg.pdf,,DA3852787,leeg.pdf,,DA3287589,leeg.pdf,
DA3791406,leeg.pdf,,DA3267194,leeg.pdf,,DA3311155,leeg.pdf,,DA3350516,leeg.pdf,,DA3855721,leeg.pdf,,DA3151241,leeg.pdf,,DA3093387,leeg.pdf,,DA3899050,leeg.pdf,,DA3942150,leeg.pdf,,DA3575959,leeg.pdf,,DA3374145,leeg.pdf,,DA3562700,leeg.pdf,,DA3937211,leeg.pdf,,DA3456925,leeg.pdf,,DA3193226,leeg.pdf,
DA3386114,leeg.pdf,,DA3135765,leeg.pdf,,DA3573337,leeg.pdf,,DA3359944,leeg.pdf,,DA3317069,leeg.pdf,,DA3608311,leeg.pdf,,DA3438895,leeg.pdf,,DA3569483,leeg.pdf,,DA3806450,leeg.pdf,,DA3453993,leeg.pdf,,DA3269034,leeg.pdf,,DA3303568,leeg.pdf,,DA3669224,leeg.pdf,,DA3315861,leeg.pdf,,DA3547148,leeg.pdf,
DA3199916,leeg.pdf,,DA3091574,leeg.pdf,,DA3267131,leeg.pdf,,DA3308343,leeg.pdf,,DA3643076,leeg.pdf,,DA3045423,leeg.pdf,,DA3360825,leeg.pdf,,DA3938524,leeg.pdf,,DA3508456,leeg.pdf,,DA3679655,leeg.pdf,,DA3912346,leeg.pdf,,DA3338372,leeg.pdf,,DA3424718,leeg.pdf,,DA3891855,leeg.pdf,,DA3861093,leeg.pdf,
DA3258925,leeg.pdf,,DA3045424,leeg.pdf,,DA3186384,leeg.pdf,,DA3223141,leeg.pdf,,DA3191990,leeg.pdf,,DA3272497,leeg.pdf,,DA3523215,leeg.pdf,,DA3371663,leeg.pdf,,DA3650313,leeg.pdf,,DA3279454,leeg.pdf,,DA3448958,leeg.pdf,,DA3641112,leeg.pdf,,DA3244736,leeg.pdf,,DA3763635,leeg.pdf,,DA3110507,leeg.pdf,
DA3358089,leeg.pdf,,DA3420396,leeg.pdf,,DA3571254,leeg.pdf,,DA3315052,leeg.pdf,,DA3278333,leeg.pdf,,DA3603809,leeg.pdf,,DA3908640,leeg.pdf,,DA3344760,leeg.pdf,,DA3576639,leeg.pdf,,DA3138889,leeg.pdf,,DA3781628,leeg.pdf,,DA3998620,leeg.pdf,,DA3276083,leeg.pdf,,DA3561175,leeg.pdf,,DA3065808,leeg.pdf,
DA3901867,leeg.pdf,,DA3235022,leeg.pdf,,DA3154365,leeg.pdf,,DA3332013,leeg.pdf,,DA3316330,leeg.pdf,,DA3124408,leeg.pdf,,DA3218187,leeg.pdf,,DA3201503,leeg.pdf,,DA3138204,leeg.pdf,,DA3441584,leeg.pdf,,DA3116824,leeg.pdf,,DA3722782,leeg.pdf,,DA3528445,leeg.pdf,,DA3944370,leeg.pdf,,DA3201451,leeg.pdf,
DA3226487,leeg.pdf,,DA3051954,leeg.pdf,,DA3397601,leeg.pdf,,DA3889237,leeg.pdf,,DA3367228,leeg.pdf,,DA3906738,leeg.pdf,,DA3360624,leeg.pdf,,DA3978086,leeg.pdf,,DA3360369,leeg.pdf,,DA3519039,leeg.pdf,,DA3443229,leeg.pdf,,DA3676177,leeg.pdf,,DA3626986,leeg.pdf,,DA3303319,leeg.pdf,,DA3424981,leeg.pdf,
DA3323245,leeg.pdf,,DA3145620,leeg.pdf,,DA3303783,leeg.pdf,,DA3352059,leeg.pdf,,DA3348949,leeg.pdf,,DA3571246,leeg.pdf,,DA3364545,leeg.pdf,,DA3971988,leeg.pdf,,DA3508824,leeg.pdf,,DA3738676,leeg.pdf,,DA3747501,leeg.pdf,,DA3535177,leeg.pdf,,DA3527905,leeg.pdf,,DA3383886,leeg.pdf,,DA3663929,leeg.pdf,
DA3178730,leeg.pdf,,DA3531367,leeg.pdf,,DA3609468,leeg.pdf,,DA3335379,leeg.pdf,,DA3666258,leeg.pdf,,DA3484300,leeg.pdf,,DA3447110,leeg.pdf,,DA3882556,leeg.pdf,,DA3503062,leeg.pdf,,DA3212385,leeg.pdf,,DA3323080,leeg.pdf,,DA3836129,leeg.pdf,,DA3866262,leeg.pdf,,DA3308586,leeg.pdf,,DA3633363,leeg.pdf,
DA3152577,leeg.pdf,,DA3087206,leeg.pdf,,DA3116872,leeg.pdf,,DA3397666,leeg.pdf,,DA3166386,leeg.pdf,,DA3308419,leeg.pdf,,DA3111745,leeg.pdf,,DA3743970,leeg.pdf,,DA3189732,leeg.pdf,,DA3689038,leeg.pdf,,DA3525743,leeg.pdf,,DA3075491,leeg.pdf,,DA3128472,leeg.pdf,,DA3693022,leeg.pdf,,DA3622059,leeg.pdf,
DA3951046,leeg.pdf,,DA3214701,leeg.pdf,,DA3438184,leeg.pdf,,DA3154258,leeg.pdf,,DA3451740,leeg.pdf,,DA3088859,leeg.pdf,,DA3573368,leeg.pdf,,DA3303128,leeg.pdf,,DA3823533,leeg.pdf,,DA3902387,leeg.pdf,,DA3821231,leeg.pdf,,DA3214326,leeg.pdf,,DA3836484,leeg.pdf,,DA3345336,leeg.pdf,,DA3203581,leeg.pdf,
DA3320181,leeg.pdf,,DA3812985,leeg.pdf,,DA3188580,leeg.pdf,,DA3108057,leeg.pdf,,DA3479077,leeg.pdf,,DA3236249,leeg.pdf,,DA3038337,leeg.pdf,,DA3502805,leeg.pdf,,DA3976696,leeg.pdf,,DA3167782,leeg.pdf,,DA3413354,leeg.pdf,,DA3933356,leeg.pdf,,DA3962262,leeg.pdf,,DA3207519,leeg.pdf,,DA3338735,leeg.pdf,
DA3453493,leeg.pdf,,DA3425146,leeg.pdf,,DA3444793,leeg.pdf,,DA3575289,leeg.pdf,,DA3800088,leeg.pdf,,DA3135801,leeg.pdf,,DA3092811,leeg.pdf,,DA3268016,leeg.pdf,,DA3559072,leeg.pdf,,DA3303052,leeg.pdf,,DA3323260,leeg.pdf,,DA3043049,leeg.pdf,,DA3256856,leeg.pdf,,DA3785107,leeg.pdf,,DA3338526,leeg.pdf,
DA3210590,leeg.pdf,,DA3926711,leeg.pdf,,DA3721649,leeg.pdf,,DA3424799,leeg.pdf,,DA3121855,leeg.pdf,,DA3418661,leeg.pdf,,DA3424988,leeg.pdf,,DA3684445,leeg.pdf,,DA3460741,leeg.pdf,,DA3196384,leeg.pdf,,DA3650001,leeg.pdf,,DA3482366,leeg.pdf,,DA3357787,leeg.pdf,,DA3133621,leeg.pdf,,DA3367413,leeg.pdf,
DA3887435,leeg.pdf,,DA3126602,leeg.pdf,,DA3046394,leeg.pdf,,DA3491671,leeg.pdf,,DA3530876,leeg.pdf,,DA3720175,leeg.pdf,,DA3676223,leeg.pdf,,DA3899182,leeg.pdf,,DA3591243,leeg.pdf,,DA3085627,leeg.pdf,,DA3083319,leeg.pdf,,DA3127749,leeg.pdf,,DA3900418,leeg.pdf,,DA3962712,leeg.pdf,,DA3134931,leeg.pdf,
DA3461141,leeg.pdf,,DA3113808,leeg.pdf,,DA3179692,leeg.pdf,,DA3057679,leeg.pdf,,DA3218888,leeg.pdf,,DA3329185,leeg.pdf,,DA3786699,leeg.pdf,,DA3377524,leeg.pdf,,DA3392028,leeg.pdf,,DA3124374,leeg.pdf,,DA3133855,leeg.pdf,,DA3305441,leeg.pdf,,DA3081131,leeg.pdf,,DA3599441,leeg.pdf,,DA3208610,leeg.pdf,
DA3464475,leeg.pdf,,DA3513953,leeg.pdf,,DA3513898,leeg.pdf,,DA3954209,leeg.pdf,,DA3942088,leeg.pdf,,DA3294054,leeg.pdf,,DA3039049,leeg.pdf,,DA3039915,leeg.pdf,,DA3903658,leeg.pdf,,DA3927876,leeg.pdf,,DA3775497,leeg.pdf,,DA3374370,leeg.pdf,,DA3899213,leeg.pdf,,DA3251490,leeg.pdf,,DA3281561,leeg.pdf,
DA3288995,leeg.pdf,,DA3421406,leeg.pdf,,DA3094168,leeg.pdf,,DA3332893,leeg.pdf,,DA3813221,leeg.pdf,,DA3498264,leeg.pdf,,DA3218381,leeg.pdf,,DA3278110,leeg.pdf,,DA3162674,leeg.pdf,,DA3668164,leeg.pdf,,DA3829531,leeg.pdf,,DA3961739,leeg.pdf,,DA3908789,leeg.pdf,,DA3354850,leeg.pdf,,DA3949244,leeg.pdf,
DA3401878,leeg.pdf,,DA3427634,leeg.pdf,,DA3090422,leeg.pdf,,DA3416277,leeg.pdf,,DA3932505,leeg.pdf,,DA3156777,leeg.pdf,,DA3114951,leeg.pdf,,DA3795835,leeg.pdf,,DA3232882,leeg.pdf,,DA3610368,leeg.pdf,,DA3332207,leeg.pdf,,DA3462850,leeg.pdf,,DA3071996,leeg.pdf,,DA3693379,leeg.pdf,,DA3270683,leeg.pdf,
DA3144921,leeg.pdf,,DA3446554,leeg.pdf,,DA3505891,leeg.pdf,,DA3136466,leeg.pdf,,DA3986977,leeg.pdf,,DA3691344,leeg.pdf,,DA3077394,leeg.pdf,,DA3459735,leeg.pdf,,DA3345181,leeg.pdf,,DA3079721,leeg.pdf,,DA3761665,leeg.pdf,,DA3246285,leeg.pdf,,DA3955156,leeg.pdf,,DA3501782,leeg.pdf,,DA3365430,leeg.pdf,
DA3654327,leeg.pdf,,DA3359329,leeg.pdf,,DA3947728,leeg.pdf,,DA3128830,leeg.pdf,,DA3289815,leeg.pdf,,DA3187367,leeg.pdf,,DA3821267,leeg.pdf,,DA3621552,leeg.pdf,,DA3799426,leeg.pdf,,DA3508258,leeg.pdf,,DA3378577,leeg.pdf,,DA3158558,leeg.pdf,,DA3042716,leeg.pdf,,DA3615395,leeg.pdf,,DA3268814,leeg.pdf,
DA3250979,leeg.pdf,,DA3168837,leeg.pdf,,DA3320852,leeg.pdf,,DA3676732,leeg.pdf,,DA3354090,leeg.pdf,,DA3240738,leeg.pdf,,DA3408572,leeg.pdf,,DA3472854,leeg.pdf,,DA3489457,leeg.pdf,,DA3356554,leeg.pdf,,DA3787333,leeg.pdf,,DA3632769,leeg.pdf,,DA3247802,leeg.pdf,,DA3072715,leeg.pdf,,DA3910803,leeg.pdf,
DA3285590,leeg.pdf,,DA3578223,leeg.pdf,,DA3640327,leeg.pdf,,DA3502990,leeg.pdf,,DA3232838,leeg.pdf,,DA3242933,leeg.pdf,,DA3233152,leeg.pdf,,DA3895406,leeg.pdf,,DA3452067,leeg.pdf,,DA3293439,leeg.pdf,,DA3103415,leeg.pdf,,DA3949655,leeg.pdf,,DA3619491,leeg.pdf,,DA3620158,leeg.pdf,,DA3252039,leeg.pdf,
DA3622050,leeg.pdf,,DA3196407,leeg.pdf,,DA3282659,leeg.pdf,,DA3554516,leeg.pdf,,DA3148641,leeg.pdf,,DA3536814,leeg.pdf,,DA3329156,leeg.pdf,,DA3773088,leeg.pdf,,DA3238656,leeg.pdf,,DA3442071,leeg.pdf,,DA3543490,leeg.pdf,,DA3506816,leeg.pdf,,DA3207976,leeg.pdf,,DA3309784,leeg.pdf,,DA3697186,leeg.pdf,
DA3095550,leeg.pdf,,DA3108147,leeg.pdf,,DA3271421,leeg.pdf,,DA3466617,leeg.pdf,,DA3523520,leeg.pdf,,DA3964524,leeg.pdf,,DA3725001,leeg.pdf,,DA3436472,leeg.pdf,,DA3821104,leeg.pdf,,DA3179972,leeg.pdf,,DA3712109,leeg.pdf,,DA3348443,leeg.pdf,,DA3093883,leeg.pdf,,DA3642687,leeg.pdf,,DA3205151,leeg.pdf,
DA3658899,leeg.pdf,,DA3525409,leeg.pdf,,DA3085919,leeg.pdf,,DA3586379,leeg.pdf,,DA3773039,leeg.pdf,,DA3282810,leeg.pdf,,DA3278800,leeg.pdf,,DA3854858,leeg.pdf,,DA3419003,leeg.pdf,,DA3126092,leeg.pdf,,DA3045875,leeg.pdf,,DA3301170,leeg.pdf,,DA3545910,leeg.pdf,,DA3756929,leeg.pdf,,DA3631253,leeg.pdf,
DA3042968,leeg.pdf,,DA3178576,leeg.pdf,,DA3497112,leeg.pdf,,DA3202549,leeg.pdf,,DA3240772,leeg.pdf,,DA3415127,leeg.pdf,,DA3238424,leeg.pdf,,DA3733267,leeg.pdf,,DA3792628,leeg.pdf,,DA3406156,leeg.pdf,,DA3967660,leeg.pdf,,DA3116319,leeg.pdf,,DA3466416,leeg.pdf,,DA3561962,leeg.pdf,,DA3948656,leeg.pdf,
DA3195606,leeg.pdf,,DA3169600,leeg.pdf,,DA3202462,leeg.pdf,,DA3934250,leeg.pdf,,DA3362471,leeg.pdf,,DA3510686,leeg.pdf,,DA3084313,leeg.pdf,,DA3130963,leeg.pdf,,DA3693208,leeg.pdf,,DA3081128,leeg.pdf,,DA3328207,leeg.pdf,,DA3249406,leeg.pdf,,DA3184169,leeg.pdf,,DA3754377,leeg.pdf,,DA3472399,leeg.pdf,
DA3064024,leeg.pdf,,DA3893921,leeg.pdf,,DA3458489,leeg.pdf,,DA3586309,leeg.pdf,,DA3671559,leeg.pdf,,DA3407690,leeg.pdf,,DA3067987,leeg.pdf,,DA3359007,leeg.pdf,,DA3291749,leeg.pdf,,DA3191280,leeg.pdf,,DA3844621,leeg.pdf,,DA3211967,leeg.pdf,,DA3049189,leeg.pdf,,DA3316473,leeg.pdf,,DA3160868,leeg.pdf,
DA3557675,leeg.pdf,,DA3293416,leeg.pdf,,DA3685395,leeg.pdf,,DA3426598,leeg.pdf,,DA3641389,leeg.pdf,,DA3484578,leeg.pdf,,DA3446941,leeg.pdf,,DA3088715,leeg.pdf,,DA3322519,leeg.pdf,,DA3427838,leeg.pdf,,DA3997497,leeg.pdf,,DA3422466,leeg.pdf,,DA3588828,leeg.pdf,,DA3212022,leeg.pdf,,DA3416039,leeg.pdf,
DA3630776,leeg.pdf,,DA3358599,leeg.pdf,,DA3278715,leeg.pdf,,DA3272137,leeg.pdf,,DA3068006,leeg.pdf,,DA3575712,leeg.pdf,,DA3858453,leeg.pdf,,DA3143110,leeg.pdf,,DA3748202,leeg.pdf,,DA3030133,leeg.pdf,,DA3578114,leeg.pdf,,DA3177149,leeg.pdf,,DA3319031,leeg.pdf,,DA3420632,leeg.pdf,,DA3694770,leeg.pdf,
DA3274332,leeg.pdf,,DA3252824,leeg.pdf,,DA3784064,leeg.pdf,,DA3911005,leeg.pdf,,DA3575162,leeg.pdf,,DA3460526,leeg.pdf,,DA3057513,leeg.pdf,,DA3648709,leeg.pdf,,DA3312196,leeg.pdf,,DA3406625,leeg.pdf,,DA3653997,leeg.pdf,,DA3754329,leeg.pdf,,DA3954734,leeg.pdf,,DA3674860,leeg.pdf,,DA3556281,leeg.pdf,
DA3217667,leeg.pdf,,DA3305394,leeg.pdf,,DA3581367,leeg.pdf,,DA3851224,leeg.pdf,,DA3647156,leeg.pdf,,DA3401244,leeg.pdf,,DA3693024,leeg.pdf,,DA3174774,leeg.pdf,,DA3381597,leeg.pdf,,DA3314032,leeg.pdf,,DA3363517,leeg.pdf,,DA3104978,leeg.pdf,,DA3670119,leeg.pdf,,DA3686352,leeg.pdf,,DA3243956,leeg.pdf,
DA3617143,leeg.pdf,,DA3966337,leeg.pdf,,DA3191624,leeg.pdf,,DA3560379,leeg.pdf,,DA3101480,leeg.pdf,,DA3391867,leeg.pdf,,DA3821375,leeg.pdf,,DA3875663,leeg.pdf,,DA3167103,leeg.pdf,,DA3975406,leeg.pdf,,DA3147224,leeg.pdf,,DA3487885,leeg.pdf,,DA3170338,leeg.pdf,,DA3182097,leeg.pdf,,DA3633196,leeg.pdf,
DA3727327,leeg.pdf,,DA3331377,leeg.pdf,,DA3325796,leeg.pdf,,DA3049678,leeg.pdf,,DA3855896,leeg.pdf,,DA3434332,leeg.pdf,,DA3079795,leeg.pdf,,DA3807656,leeg.pdf,,DA3543020,leeg.pdf,,DA3455079,leeg.pdf,,DA3510535,leeg.pdf,,DA3785713,leeg.pdf,,DA3649514,leeg.pdf,,DA3282259,leeg.pdf,,DA3100419,leeg.pdf,
DA3287599,leeg.pdf,,DA3253187,leeg.pdf,,DA3136064,leeg.pdf,,DA3275414,leeg.pdf,,DA3118857,leeg.pdf,,DA3047191,leeg.pdf,,DA3283769,leeg.pdf,,DA3830977,leeg.pdf,,DA3225419,leeg.pdf,,DA3397350,leeg.pdf,,DA3468870,leeg.pdf,,DA3617294,leeg.pdf,,DA3369085,leeg.pdf,,DA3134322,leeg.pdf,,DA3460281,leeg.pdf,
DA3158732,leeg.pdf,,DA3683073,leeg.pdf,,DA3650731,leeg.pdf,,DA3200580,leeg.pdf,,DA3594461,leeg.pdf,,DA3042762,leeg.pdf,,DA3500570,leeg.pdf,,DA3883656,leeg.pdf,,DA3210991,leeg.pdf,,DA3270452,leeg.pdf,,DA3380384,leeg.pdf,,DA3692446,leeg.pdf,,DA3145736,leeg.pdf,,DA3467618,leeg.pdf,,DA3411308,leeg.pdf,
DA3588759,leeg.pdf,,DA3143781,leeg.pdf,,DA3991850,leeg.pdf,,DA3604817,leeg.pdf,,DA3326006,leeg.pdf,,DA3531292,leeg.pdf,,DA3739013,leeg.pdf,,DA3529996,leeg.pdf,,DA3424043,leeg.pdf,,DA3369931,leeg.pdf,,DA3569849,leeg.pdf,,DA3213969,leeg.pdf,,DA3443284,leeg.pdf,,DA3331155,leeg.pdf,,DA3375971,leeg.pdf,
DA3520625,leeg.pdf,,DA3659395,leeg.pdf,,DA3210601,leeg.pdf,,DA3391931,leeg.pdf,,DA3417684,leeg.pdf,,DA3129115,leeg.pdf,,DA3684990,leeg.pdf,,DA3220998,leeg.pdf,,DA3606070,leeg.pdf,,DA3660355,leeg.pdf,,DA3157805,leeg.pdf,,DA3775116,leeg.pdf,,DA3311993,leeg.pdf,,DA3557263,leeg.pdf,,DA3135644,leeg.pdf,
DA3706840,leeg.pdf,,DA3456721,leeg.pdf,,DA3701591,leeg.pdf,,DA3975684,leeg.pdf,,DA3241837,leeg.pdf,,DA3074101,leeg.pdf,,DA3053440,leeg.pdf,,DA3818743,leeg.pdf,,DA3444018,leeg.pdf,,DA3162908,leeg.pdf,,DA3552973,leeg.pdf,,DA3927761,leeg.pdf,,DA3515360,leeg.pdf,,DA3687770,leeg.pdf,,DA3606203,leeg.pdf,
DA3251479,leeg.pdf,,DA3191355,leeg.pdf,,DA3990051,leeg.pdf,,DA3599583,leeg.pdf,,DA3654786,leeg.pdf,,DA3716351,leeg.pdf,,DA3226070,leeg.pdf,,DA3811486,leeg.pdf,,DA3430863,leeg.pdf,,DA3720609,leeg.pdf,,DA3419181,leeg.pdf,,DA3071961,leeg.pdf,,DA3117016,leeg.pdf,,DA3572231,leeg.pdf,,DA3223314,leeg.pdf,
DA3835590,leeg.pdf,,DA3673413,leeg.pdf,,DA3277863,leeg.pdf,,DA3582081,leeg.pdf,,DA3219501,leeg.pdf,,DA3877222,leeg.pdf,,DA3304243,leeg.pdf,,DA3252342,leeg.pdf,,DA3797669,leeg.pdf,,DA3546825,leeg.pdf,,DA3105980,leeg.pdf,,DA3280453,leeg.pdf,,DA3246686,leeg.pdf,,DA3419820,leeg.pdf,,DA3898466,leeg.pdf,
DA3834464,leeg.pdf,,DA3096730,leeg.pdf,,DA3615092,leeg.pdf,,DA3800146,leeg.pdf,,DA3937448,leeg.pdf,,DA3372854,leeg.pdf,,DA3195967,leeg.pdf,,DA3450886,leeg.pdf,,DA3410747,leeg.pdf,,DA3076723,leeg.pdf,,DA3249459,leeg.pdf,,DA3139330,leeg.pdf,,DA3078967,leeg.pdf,,DA3732930,leeg.pdf,,DA3215359,leeg.pdf,
DA3581768,leeg.pdf,,DA3693281,leeg.pdf,,DA3219005,leeg.pdf,,DA3707476,leeg.pdf,,DA3272826,leeg.pdf,,DA3632251,leeg.pdf,,DA3212642,leeg.pdf,,DA3783861,leeg.pdf,,DA3878548,leeg.pdf,,DA3096484,leeg.pdf,,DA3515058,leeg.pdf,,DA3141666,leeg.pdf,,DA3214952,leeg.pdf,,DA3763854,leeg.pdf,,DA3095947,leeg.pdf,
DA3062164,leeg.pdf,,DA3650572,leeg.pdf,,DA3287769,leeg.pdf,,DA3182457,leeg.pdf,,DA3147727,leeg.pdf,,DA3595242,leeg.pdf,,DA3139993,leeg.pdf,,DA3281131,leeg.pdf,,DA3682504,leeg.pdf,,DA3930242,leeg.pdf,,DA3080142,leeg.pdf,,DA3482316,leeg.pdf,,DA3199014,leeg.pdf,,DA3887432,leeg.pdf,,DA3297684,leeg.pdf,
DA3085466,leeg.pdf,,DA3285813,leeg.pdf,,DA3197449,leeg.pdf,,DA3179628,leeg.pdf,,DA3065870,leeg.pdf,,DA3197287,leeg.pdf,,DA3505014,leeg.pdf,,DA3126060,leeg.pdf,,DA3548720,leeg.pdf,,DA3241862,leeg.pdf,,DA3595784,leeg.pdf,,DA3127941,leeg.pdf,,DA3289840,leeg.pdf,,DA3223050,leeg.pdf,,DA3110545,leeg.pdf,
DA3817718,leeg.pdf,,DA3881561,leeg.pdf,,DA3642985,leeg.pdf,,DA3893725,leeg.pdf,,DA3287628,leeg.pdf,,DA3102814,leeg.pdf,,DA3411104,leeg.pdf,,DA3181383,leeg.pdf,,DA3790949,leeg.pdf,,DA3451333,leeg.pdf,,DA3312436,leeg.pdf,,DA3789560,leeg.pdf,,DA3636330,leeg.pdf,,DA3293447,leeg.pdf,,DA3687489,leeg.pdf,
DA3619148,leeg.pdf,,DA3901322,leeg.pdf,,DA3809246,leeg.pdf,,DA3200970,leeg.pdf,,DA3099637,leeg.pdf,,DA3517577,leeg.pdf,,DA3321797,leeg.pdf,,DA3710320,leeg.pdf,,DA3569012,leeg.pdf,,DA3425911,leeg.pdf,,DA3126086,leeg.pdf,,DA3185614,leeg.pdf,,DA3901163,leeg.pdf,,DA3803456,leeg.pdf,,DA3918156,leeg.pdf,
DA3566936,leeg.pdf,,DA3634929,leeg.pdf,,DA3820080,leeg.pdf,,DA3822581,leeg.pdf,,DA3206596,leeg.pdf,,DA3103823,leeg.pdf,,DA3147562,leeg.pdf,,DA3083647,leeg.pdf,,DA3588975,leeg.pdf,,DA3715834,leeg.pdf,,DA3652705,leeg.pdf,,DA3294648,leeg.pdf,,DA3486642,leeg.pdf,,DA3100341,leeg.pdf,,DA3041865,leeg.pdf,
DA3787768,leeg.pdf,,DA3499478,leeg.pdf,,DA3294706,leeg.pdf,,DA3163321,leeg.pdf,,DA3104766,leeg.pdf,,DA3384667,leeg.pdf,,DA3584095,leeg.pdf,,DA3228783,leeg.pdf,,DA3133165,leeg.pdf,,DA3205371,leeg.pdf,,DA3507901,leeg.pdf,,DA3677884,leeg.pdf,,DA3297717,leeg.pdf,,DA3582492,leeg.pdf,,DA3128712,leeg.pdf,
DA3804213,leeg.pdf,,DA3459167,leeg.pdf,,DA3516573,leeg.pdf,,DA3110483,leeg.pdf,,DA3241126,leeg.pdf,,DA3061181,leeg.pdf,,DA3129930,leeg.pdf,,DA3535561,leeg.pdf,,DA3601936,leeg.pdf,,DA3927537,leeg.pdf,,DA3846705,leeg.pdf,,DA3228889,leeg.pdf,,DA3802582,leeg.pdf,,DA3352679,leeg.pdf,,DA3134272,leeg.pdf,
DA3281563,leeg.pdf,,DA3768519,leeg.pdf,,DA3988761,leeg.pdf,,DA3278462,leeg.pdf,,DA3314534,leeg.pdf,,DA3442366,leeg.pdf,,DA3485207,leeg.pdf,,DA3435443,leeg.pdf,,DA3118313,leeg.pdf,,DA3168881,leeg.pdf,,DA3595032,leeg.pdf,,DA3083699,leeg.pdf,,DA3346700,leeg.pdf,,DA3809638,leeg.pdf,,DA3178065,leeg.pdf,
DA3644900,leeg.pdf,,DA3154254,leeg.pdf,,DA3047760,leeg.pdf,,DA3208244,leeg.pdf,,DA3136787,leeg.pdf,,DA3382688,leeg.pdf,,DA3184038,leeg.pdf,,DA3235578,leeg.pdf,,DA3683536,leeg.pdf,,DA3322561,leeg.pdf,,DA3207511,leeg.pdf,,DA3088302,leeg.pdf,,DA3331592,leeg.pdf,,DA3312664,leeg.pdf,,DA3307086,leeg.pdf,
DA3093723,leeg.pdf,,DA3540584,leeg.pdf,,DA3081678,leeg.pdf,,DA3149640,leeg.pdf,,DA3849725,leeg.pdf,,DA3567633,leeg.pdf,,DA3050154,leeg.pdf,,DA3714208,leeg.pdf,,DA3682565,leeg.pdf,,DA3266573,leeg.pdf,,DA3763199,leeg.pdf,,DA3879104,leeg.pdf,,DA3668596,leeg.pdf,,DA3135462,leeg.pdf,,DA3835805,leeg.pdf,
DA3331299,leeg.pdf,,DA3378680,leeg.pdf,,DA3477123,leeg.pdf,,DA3369985,leeg.pdf,,DA3253196,leeg.pdf,,DA3866602,leeg.pdf,,DA3400625,leeg.pdf,,DA3416937,leeg.pdf,,DA3180038,leeg.pdf,,DA3137306,leeg.pdf,,DA3480544,leeg.pdf,,DA3175199,leeg.pdf,,DA3642404,leeg.pdf,,DA3093913,leeg.pdf,,DA3369638,leeg.pdf,
DA3596087,leeg.pdf,,DA3245365,leeg.pdf,,DA3960962,leeg.pdf,,DA3252929,leeg.pdf,,DA3300870,leeg.pdf,,DA3548794,leeg.pdf,,DA3061910,leeg.pdf,,DA3688369,leeg.pdf,,DA3141505,leeg.pdf,,DA3677606,leeg.pdf,,DA3842774,leeg.pdf,,DA3112690,leeg.pdf,,DA3126380,leeg.pdf,,DA3685401,leeg.pdf,,DA3410087,leeg.pdf,
DA3368152,leeg.pdf,,DA3209416,leeg.pdf,,DA3035579,leeg.pdf,,DA3098349,leeg.pdf,,DA3459534,leeg.pdf,,DA3493342,leeg.pdf,,DA3124019,leeg.pdf,,DA3464865,leeg.pdf,,DA3210881,leeg.pdf,,DA3309298,leeg.pdf,,DA3366447,leeg.pdf,,DA3339265,leeg.pdf,,DA3044062,leeg.pdf,,DA3808387,leeg.pdf,,DA3635600,leeg.pdf,
DA3590598,leeg.pdf,,DA3494556,leeg.pdf,,DA3117080,leeg.pdf,,DA3654802,leeg.pdf,,DA3904779,leeg.pdf,,DA3627270,leeg.pdf,,DA3076230,leeg.pdf,,DA3909481,leeg.pdf,,DA3806306,leeg.pdf,,DA3155242,leeg.pdf,,DA3253447,leeg.pdf,,DA3670209,leeg.pdf,,DA3555576,leeg.pdf,,DA3804659,leeg.pdf,,DA3157604,leeg.pdf,
DA3974674,leeg.pdf,,DA3083421,leeg.pdf,,DA3742643,leeg.pdf,,DA3096709,leeg.pdf,,DA3076632,leeg.pdf,,DA3200651,leeg.pdf,,DA3467122,leeg.pdf,,DA3902759,leeg.pdf,,DA3262150,leeg.pdf,,DA3159686,leeg.pdf,,DA3322781,leeg.pdf,,DA3818825,leeg.pdf,,DA3232701,leeg.pdf,,DA3462585,leeg.pdf,,DA3245244,leeg.pdf,
DA3616067,leeg.pdf,,DA3332463,leeg.pdf,,DA3124519,leeg.pdf,,DA3039500,leeg.pdf,,DA3298161,leeg.pdf,,DA3615787,leeg.pdf,,DA3029748,leeg.pdf,,DA3582745,leeg.pdf,,DA3755250,leeg.pdf,,DA3257820,leeg.pdf,,DA3365222,leeg.pdf,,DA3513406,leeg.pdf,,DA3106198,leeg.pdf,,DA3414796,leeg.pdf,,DA3078493,leeg.pdf,
DA3524035,leeg.pdf,,DA3323340,leeg.pdf,,DA3944556,leeg.pdf,,DA3832255,leeg.pdf,,DA3938731,leeg.pdf,,DA3419124,leeg.pdf,,DA3829063,leeg.pdf,,DA3739905,leeg.pdf,,DA3503872,leeg.pdf,,DA3843272,leeg.pdf,,DA3680800,leeg.pdf,,DA3048596,leeg.pdf,,DA3193537,leeg.pdf,,DA3878652,leeg.pdf,,DA3045437,leeg.pdf,
DA3388656,leeg.pdf,,DA3282797,leeg.pdf,,DA3068664,leeg.pdf,,DA3852383,leeg.pdf,,DA3207484,leeg.pdf,,DA3303040,leeg.pdf,,DA3108906,leeg.pdf,,DA3787224,leeg.pdf,,DA3416911,leeg.pdf,,DA3636246,leeg.pdf,,DA3987912,leeg.pdf,,DA3616506,leeg.pdf,,DA3449003,leeg.pdf,,DA3081280,leeg.pdf,,DA3590665,leeg.pdf,
DA3554237,leeg.pdf,,DA3053801,leeg.pdf,,DA3483799,leeg.pdf,,DA3083304,leeg.pdf,,DA3557497,leeg.pdf,,DA3323897,leeg.pdf,,DA3821083,leeg.pdf,,DA3055088,leeg.pdf,,DA3506618,leeg.pdf,,DA3766745,leeg.pdf,,DA3127730,leeg.pdf,,DA3224183,leeg.pdf,,DA3226224,leeg.pdf,,DA3658934,leeg.pdf,,DA3447074,leeg.pdf,
DA3079886,leeg.pdf,,DA3064654,leeg.pdf,,DA3712666,leeg.pdf,,DA3876566,leeg.pdf,,DA3345660,leeg.pdf,,DA3769092,leeg.pdf,,DA3276014,leeg.pdf,,DA3419873,leeg.pdf,,DA3402301,leeg.pdf,,DA3652923,leeg.pdf,,DA3604481,leeg.pdf,,DA3310777,leeg.pdf,,DA3321358,leeg.pdf,,DA3708240,leeg.pdf,,DA3533442,leeg.pdf,
DA3635277,leeg.pdf,,DA3340224,leeg.pdf,,DA3175432,leeg.pdf,,DA3567234,leeg.pdf,,DA3224553,leeg.pdf,,DA3581949,leeg.pdf,,DA3502111,leeg.pdf,,DA3391146,leeg.pdf,,DA3471031,leeg.pdf,,DA3663172,leeg.pdf,,DA3203281,leeg.pdf,,DA3118050,leeg.pdf,,DA3239298,leeg.pdf,,DA3239982,leeg.pdf,,DA3279430,leeg.pdf,
DA3887501,leeg.pdf,,DA3258970,leeg.pdf,,DA3584599,leeg.pdf,,DA3828621,leeg.pdf,,DA3960289,leeg.pdf,,DA3487791,leeg.pdf,,DA3311391,leeg.pdf,,DA3354142,leeg.pdf,,DA3389542,leeg.pdf,,DA3328642,leeg.pdf,,DA3853549,leeg.pdf,,DA3096886,leeg.pdf,,DA3445085,leeg.pdf,,DA3300042,leeg.pdf,,DA3335687,leeg.pdf,
DA3517781,leeg.pdf,,DA3142580,leeg.pdf,,DA3264073,leeg.pdf,,DA3942584,leeg.pdf,,DA3293382,leeg.pdf,,DA3051825,leeg.pdf,,DA3193711,leeg.pdf,,DA3288785,leeg.pdf,,DA3296874,leeg.pdf,,DA3722516,leeg.pdf,,DA3626286,leeg.pdf,,DA3130064,leeg.pdf,,DA3094613,leeg.pdf,,DA3676840,leeg.pdf,,DA3072148,leeg.pdf,
DA3335249,leeg.pdf,,DA3348195,leeg.pdf,,DA3995066,leeg.pdf,,DA3287702,leeg.pdf,,DA3573912,leeg.pdf,,DA3093517,leeg.pdf,,DA3114654,leeg.pdf,,DA3453570,leeg.pdf,,DA3162758,leeg.pdf,,DA3842546,leeg.pdf,,DA3597904,leeg.pdf,,DA3345225,leeg.pdf,,DA3090404,leeg.pdf,,DA3051988,leeg.pdf,,DA3521110,leeg.pdf,
DA3325370,leeg.pdf,,DA3735866,leeg.pdf,,DA3811657,leeg.pdf,,DA3741588,leeg.pdf,,DA3671242,leeg.pdf,,DA3961122,leeg.pdf,,DA3064592,leeg.pdf,,DA3064142,leeg.pdf,,DA3091831,leeg.pdf,,DA3508326,leeg.pdf,,DA3672095,leeg.pdf,,DA3054095,leeg.pdf,,DA3113440,leeg.pdf,,DA3635904,leeg.pdf,,DA3081049,leeg.pdf,
DA3309653,leeg.pdf,,DA3495869,leeg.pdf,,DA3075651,leeg.pdf,,DA3095161,leeg.pdf,,DA3870233,leeg.pdf,,DA3895445,leeg.pdf,,DA3063114,leeg.pdf,,DA3161258,leeg.pdf,,DA3165526,leeg.pdf,,DA3792571,leeg.pdf,,DA3354192,leeg.pdf,,DA3201269,leeg.pdf,,DA3120854,leeg.pdf,,DA3615630,leeg.pdf,,DA3565068,leeg.pdf,
DA3116497,leeg.pdf,,DA3670788,leeg.pdf,,DA3193112,leeg.pdf,,DA3370967,leeg.pdf,,DA3594072,leeg.pdf,,DA3103751,leeg.pdf,,DA3239789,leeg.pdf,,DA3516674,leeg.pdf,,DA3911057,leeg.pdf,,DA3643363,leeg.pdf,,DA3246075,leeg.pdf,,DA3202740,leeg.pdf,,DA3144994,leeg.pdf,,DA3509575,leeg.pdf,,DA3169352,leeg.pdf,
DA3881652,leeg.pdf,,DA3066136,leeg.pdf,,DA3705282,leeg.pdf,,DA3531055,leeg.pdf,,DA3262771,leeg.pdf,,DA3643292,leeg.pdf,,DA3608182,leeg.pdf,,DA3104487,leeg.pdf,,DA3505977,leeg.pdf,,DA3146406,leeg.pdf,,DA3602367,leeg.pdf,,DA3312283,leeg.pdf,,DA3678115,leeg.pdf,,DA3557449,leeg.pdf,,DA3367655,leeg.pdf,
DA3722808,leeg.pdf,,DA3400227,leeg.pdf,,DA3098550,leeg.pdf,,DA3352943,leeg.pdf,,DA3079117,leeg.pdf,,DA3115017,leeg.pdf,,DA3818376,leeg.pdf,,DA3687250,leeg.pdf,,DA3978280,leeg.pdf,,DA3791952,leeg.pdf,,DA3815972,leeg.pdf,,DA3785135,leeg.pdf,,DA3579229,leeg.pdf,,DA3447818,leeg.pdf,,DA3163787,leeg.pdf,
DA3656507,leeg.pdf,,DA3070955,leeg.pdf,,DA3180431,leeg.pdf,,DA3305053,leeg.pdf,,DA3461471,leeg.pdf,,DA3593211,leeg.pdf,,DA3793591,leeg.pdf,,DA3349692,leeg.pdf,,DA3541761,leeg.pdf,,DA3651555,leeg.pdf,,DA3663532,leeg.pdf,,DA3400122,leeg.pdf,,DA3939514,leeg.pdf,,DA3621023,leeg.pdf,,DA3918324,leeg.pdf,
DA3728654,leeg.pdf,,DA3261901,leeg.pdf,,DA3236167,leeg.pdf,,DA3590196,leeg.pdf,,DA3068873,leeg.pdf,,DA3609507,leeg.pdf,,DA3296368,leeg.pdf,,DA3170808,leeg.pdf,,DA3759059,leeg.pdf,,DA3167195,leeg.pdf,,DA3305252,leeg.pdf,,DA3721200,leeg.pdf,,DA3826097,leeg.pdf,,DA3393130,leeg.pdf,,DA3752372,leeg.pdf,
DA3346216,leeg.pdf,,DA3621547,leeg.pdf,,DA3161654,leeg.pdf,,DA3800112,leeg.pdf,,DA3506653,leeg.pdf,,DA3513489,leeg.pdf,,DA3106959,leeg.pdf,,DA3447008,leeg.pdf,,DA3894947,leeg.pdf,,DA3219263,leeg.pdf,,DA3099448,leeg.pdf,,DA3682343,leeg.pdf,,DA3554696,leeg.pdf,,DA3239224,leeg.pdf,,DA3398925,leeg.pdf,
DA3767658,leeg.pdf,,DA3626149,leeg.pdf,,DA3777892,leeg.pdf,,DA3112512,leeg.pdf,,DA3071889,leeg.pdf,,DA3184283,leeg.pdf,,DA3595397,leeg.pdf,,DA3562936,leeg.pdf,,DA3368237,leeg.pdf,,DA3476494,leeg.pdf,,DA3354257,leeg.pdf,,DA3488606,leeg.pdf,,DA3822474,leeg.pdf,,DA3107909,leeg.pdf,,DA3278379,leeg.pdf,
DA3405078,leeg.pdf,,DA3300935,leeg.pdf,,DA3235967,leeg.pdf,,DA3356931,leeg.pdf,,DA3915487,leeg.pdf,,DA3244787,leeg.pdf,,DA3719755,leeg.pdf,,DA3741027,leeg.pdf,,DA3684713,leeg.pdf,,DA3751927,leeg.pdf,,DA3070124,leeg.pdf,,DA3135689,leeg.pdf,,DA3986577,leeg.pdf,,DA3650980,leeg.pdf,,DA3342009,leeg.pdf,
DA3600649,leeg.pdf,,DA3564784,leeg.pdf,,DA3214227,leeg.pdf,,DA3496339,leeg.pdf,,DA3195962,leeg.pdf,,DA3999427,leeg.pdf,,DA3401458,leeg.pdf,,DA3122126,leeg.pdf,,DA3330675,leeg.pdf,,DA3636294,leeg.pdf,,DA3199313,leeg.pdf,,DA3106866,leeg.pdf,,DA3982131,leeg.pdf,,DA3246993,leeg.pdf,,DA3216094,leeg.pdf,
DA3735941,leeg.pdf,,DA3584063,leeg.pdf,,DA3384515,leeg.pdf,,DA3470532,leeg.pdf,,DA3827653,leeg.pdf,,DA3122586,leeg.pdf,,DA3546751,leeg.pdf,,DA3357396,leeg.pdf,,DA3240269,leeg.pdf,,DA3085293,leeg.pdf,,DA3249767,leeg.pdf,,DA3368408,leeg.pdf,,DA3210006,leeg.pdf,,DA3676446,leeg.pdf,,DA3341257,leeg.pdf,
DA3373723,leeg.pdf,,DA3123632,leeg.pdf,,DA3147857,leeg.pdf,,DA3059263,leeg.pdf,,DA3335814,leeg.pdf,,DA3068393,leeg.pdf,,DA3972483,leeg.pdf,,DA3097375,leeg.pdf,,DA3181958,leeg.pdf,,DA3630404,leeg.pdf,,DA3136771,leeg.pdf,,DA3477939,leeg.pdf,,DA3085604,leeg.pdf,,DA3975137,leeg.pdf,,DA3625361,leeg.pdf,
DA3488187,leeg.pdf,,DA3316731,leeg.pdf,,DA3042458,leeg.pdf,,DA3578465,leeg.pdf,,DA3055661,leeg.pdf,,DA3549134,leeg.pdf,,DA3095461,leeg.pdf,,DA3199810,leeg.pdf,,DA3310217,leeg.pdf,,DA3474772,leeg.pdf,,DA3357344,leeg.pdf,,DA3342235,leeg.pdf,,DA3974487,leeg.pdf,,DA3662341,leeg.pdf,,DA3120947,leeg.pdf,
DA3286385,leeg.pdf,,DA3212007,leeg.pdf,,DA3086023,leeg.pdf,,DA3313489,leeg.pdf,,DA3214018,leeg.pdf,,DA3792068,leeg.pdf,,DA3953004,leeg.pdf,,DA3962191,leeg.pdf,,DA3276896,leeg.pdf,,DA3462891,leeg.pdf,,DA3934658,leeg.pdf,,DA3598398,leeg.pdf,,DA3867690,leeg.pdf,,DA3133871,leeg.pdf,,DA3684798,leeg.pdf,
DA3461998,leeg.pdf,,DA3313208,leeg.pdf,,DA3090973,leeg.pdf,,DA3225745,leeg.pdf,,DA3441989,leeg.pdf,,DA3983283,leeg.pdf,,DA3499647,leeg.pdf,,DA3693389,leeg.pdf,,DA3330180,leeg.pdf,,DA3709030,leeg.pdf,,DA3539225,leeg.pdf,,DA3879411,leeg.pdf,,DA3573125,leeg.pdf,,DA3189083,leeg.pdf,,DA3362694,leeg.pdf,
DA3277314,leeg.pdf,,DA3710503,leeg.pdf,,DA3437173,leeg.pdf,,DA3814349,leeg.pdf,,DA3403826,leeg.pdf,,DA3262055,leeg.pdf,,DA3848399,leeg.pdf,,DA3659762,leeg.pdf,,DA3987392,leeg.pdf,,DA3537072,leeg.pdf,,DA3406026,leeg.pdf,,DA3064652,leeg.pdf,,DA3739679,leeg.pdf,,DA3192766,leeg.pdf,,DA3066974,leeg.pdf,
DA3544482,leeg.pdf,,DA3683439,leeg.pdf,,DA3059483,leeg.pdf,,DA3288301,leeg.pdf,,DA3892339,leeg.pdf,,DA3303104,leeg.pdf,,DA3294176,leeg.pdf,,DA3372981,leeg.pdf,,DA3162829,leeg.pdf,,DA3289267,leeg.pdf,,DA3591872,leeg.pdf,,DA3838125,leeg.pdf,,DA3255862,leeg.pdf,,DA3270491,leeg.pdf,,DA3636358,leeg.pdf,
DA3581738,leeg.pdf,,DA3176023,leeg.pdf,,DA3094228,leeg.pdf,,DA3383382,leeg.pdf,,DA3228740,leeg.pdf,,DA3279027,leeg.pdf,,DA3209105,leeg.pdf,,DA3150355,leeg.pdf,,DA3205954,leeg.pdf,,DA3296522,leeg.pdf,,DA3060698,leeg.pdf,,DA3456598,leeg.pdf,,DA3226622,leeg.pdf,,DA3612702,leeg.pdf,,DA3177619,leeg.pdf,
DA3627798,leeg.pdf,,DA3583309,leeg.pdf,,DA3323877,leeg.pdf,,DA3182566,leeg.pdf,,DA3978584,leeg.pdf,,DA3974189,leeg.pdf,,DA3150422,leeg.pdf,,DA3215968,leeg.pdf,,DA3145033,leeg.pdf,,DA3162531,leeg.pdf,,DA3593460,leeg.pdf,,DA3498281,leeg.pdf,,DA3973846,leeg.pdf,,DA3957045,leeg.pdf,,DA3898918,leeg.pdf,
DA3347976,leeg.pdf,,DA3171402,leeg.pdf,,DA3659215,leeg.pdf,,DA3291675,leeg.pdf,,DA3323736,leeg.pdf,,DA3054920,leeg.pdf,,DA3274238,leeg.pdf,,DA3144980,leeg.pdf,,DA3076006,leeg.pdf,,DA3238796,leeg.pdf,,DA3540567,leeg.pdf,,DA3042419,leeg.pdf,,DA3200162,leeg.pdf,,DA3817392,leeg.pdf,,DA3675485,leeg.pdf,
DA3206253,leeg.pdf,,DA3755840,leeg.pdf,,DA3460987,leeg.pdf,,DA3057169,leeg.pdf,,DA3330766,leeg.pdf,,DA3544490,leeg.pdf,,DA3885629,leeg.pdf,,DA3409686,leeg.pdf,,DA3938400,leeg.pdf,,DA3048809,leeg.pdf,,DA3065163,leeg.pdf,,DA3405141,leeg.pdf,,DA3145337,leeg.pdf,,DA3658021,leeg.pdf,,DA3959767,leeg.pdf,
DA3898888,leeg.pdf,,DA3610652,leeg.pdf,,DA3396136,leeg.pdf,,DA3189235,leeg.pdf,,DA3192699,leeg.pdf,,DA3889136,leeg.pdf,,DA3795319,leeg.pdf,,DA3134625,leeg.pdf,,DA3433816,leeg.pdf,,DA3107710,leeg.pdf,,DA3051926,leeg.pdf,,DA3062208,leeg.pdf,,DA3185257,leeg.pdf,,DA3200432,leeg.pdf,,DA3901796,leeg.pdf,
DA3257676,leeg.pdf,,DA3233771,leeg.pdf,,DA3441272,leeg.pdf,,DA3202199,leeg.pdf,,DA3777567,leeg.pdf,,DA3543504,leeg.pdf,,DA3513984,leeg.pdf,,DA3246271,leeg.pdf,,DA3619816,leeg.pdf,,DA3501018,leeg.pdf,,DA3745084,leeg.pdf,,DA3137498,leeg.pdf,,DA3786570,leeg.pdf,,DA3152048,leeg.pdf,,DA3938194,leeg.pdf,
DA3222844,leeg.pdf,,DA3277968,leeg.pdf,,DA3242425,leeg.pdf,,DA3148563,leeg.pdf,,DA3927037,leeg.pdf,,DA3348967,leeg.pdf,,DA3982718,leeg.pdf,,DA3109212,leeg.pdf,,DA3086335,leeg.pdf,,DA3280529,leeg.pdf,,DA3913885,leeg.pdf,,DA3256996,leeg.pdf,,DA3413973,leeg.pdf,,DA3797210,leeg.pdf,,DA3441250,leeg.pdf,
DA3350133,leeg.pdf,,DA3147794,leeg.pdf,,DA3313587,leeg.pdf,,DA3734452,leeg.pdf,,DA3618942,leeg.pdf,,DA3676981,leeg.pdf,,DA3194415,leeg.pdf,,DA3869634,leeg.pdf,,DA3246179,leeg.pdf,,DA3276876,leeg.pdf,,DA3823765,leeg.pdf,,DA3135647,leeg.pdf,,DA3259200,leeg.pdf,,DA3344309,leeg.pdf,,DA3108991,leeg.pdf,
DA3251934,leeg.pdf,,DA3148261,leeg.pdf,,DA3248102,leeg.pdf,,DA3491256,leeg.pdf,,DA3860557,leeg.pdf,,DA3705528,leeg.pdf,,DA3076726,leeg.pdf,,DA3478493,leeg.pdf,,DA3385539,leeg.pdf,,DA3229082,leeg.pdf,,DA3900382,leeg.pdf,,DA3373581,leeg.pdf,,DA3397974,leeg.pdf,,DA3714656,leeg.pdf,,DA3492423,leeg.pdf,
DA3216695,leeg.pdf,,DA3081601,leeg.pdf,,DA3088959,leeg.pdf,,DA3415298,leeg.pdf,,DA3604520,leeg.pdf,,DA3118015,leeg.pdf,,DA3510151,leeg.pdf,,DA3320183,leeg.pdf,,DA3673403,leeg.pdf,,DA3652107,leeg.pdf,,DA3776280,leeg.pdf,,DA3054239,leeg.pdf,,DA3264660,leeg.pdf,,DA3805461,leeg.pdf,,DA3965783,leeg.pdf,
DA3998937,leeg.pdf,,DA3360791,leeg.pdf,,DA3541875,leeg.pdf,,DA3401733,leeg.pdf,,DA3712187,leeg.pdf,,DA3714231,leeg.pdf,,DA3651136,leeg.pdf,,DA3073356,leeg.pdf,,DA3106199,leeg.pdf,,DA3342085,leeg.pdf,,DA3505655,leeg.pdf,,DA3570818,leeg.pdf,,DA3048709,leeg.pdf,,DA3656635,leeg.pdf,,DA3211646,leeg.pdf,
DA3522574,leeg.pdf,,DA3962672,leeg.pdf,,DA3142105,leeg.pdf,,DA3187666,leeg.pdf,,DA3774750,leeg.pdf,,DA3301634,leeg.pdf,,DA3198040,leeg.pdf,,DA3132909,leeg.pdf,,DA3270262,leeg.pdf,,DA3295066,leeg.pdf,,DA3121720,leeg.pdf,,DA3182912,leeg.pdf,,DA3525040,leeg.pdf,,DA3261548,leeg.pdf,,DA3036450,leeg.pdf,
DA3939787,leeg.pdf,,DA3912502,leeg.pdf,,DA3897475,leeg.pdf,,DA3179824,leeg.pdf,,DA3057434,leeg.pdf,,DA3697411,leeg.pdf,,DA3931641,leeg.pdf,,DA3193698,leeg.pdf,,DA3736903,leeg.pdf,,DA3278793,leeg.pdf,,DA3139655,leeg.pdf,,DA3224134,leeg.pdf,,DA3972421,leeg.pdf,,DA3722460,leeg.pdf,,DA3733763,leeg.pdf,
DA3525555,leeg.pdf,,DA3924138,leeg.pdf,,DA3215141,leeg.pdf,,DA3227244,leeg.pdf,,DA3498677,leeg.pdf,,DA3332258,leeg.pdf,,DA3229045,leeg.pdf,,DA3246911,leeg.pdf,,DA3439321,leeg.pdf,,DA3380248,leeg.pdf,,DA3327579,leeg.pdf,,DA3262713,leeg.pdf,,DA3712280,leeg.pdf,,DA3392881,leeg.pdf,,DA3994380,leeg.pdf,
DA3423525,leeg.pdf,,DA3417368,leeg.pdf,,DA3960495,leeg.pdf,,DA3679195,leeg.pdf,,DA3365809,leeg.pdf,,DA3930336,leeg.pdf,,DA3503483,leeg.pdf,,DA3318326,leeg.pdf,,DA3892436,leeg.pdf,,DA3579197,leeg.pdf,,DA3199333,leeg.pdf,,DA3746118,leeg.pdf,,DA3483245,leeg.pdf,,DA3172733,leeg.pdf,,DA3494630,leeg.pdf,
DA3141353,leeg.pdf,,DA3069781,leeg.pdf,,DA3732830,leeg.pdf,,DA3667346,leeg.pdf,,DA3155001,leeg.pdf,,DA3391517,leeg.pdf,,DA3923456,leeg.pdf,,DA3119455,leeg.pdf,,DA3162267,leeg.pdf,,DA3211765,leeg.pdf,,DA3509052,leeg.pdf,,DA3887492,leeg.pdf,,DA3231443,leeg.pdf,,DA3540591,leeg.pdf,,DA3120792,leeg.pdf,
DA3377987,leeg.pdf,,DA3275092,leeg.pdf,,DA3806799,leeg.pdf,,DA3081175,leeg.pdf,,DA3379683,leeg.pdf,,DA3480790,leeg.pdf,,DA3403910,leeg.pdf,,DA3170873,leeg.pdf,,DA3897706,leeg.pdf,,DA3310157,leeg.pdf,,DA3823413,leeg.pdf,,DA3365438,leeg.pdf,,DA3744636,leeg.pdf,,DA3140839,leeg.pdf,,DA3379181,leeg.pdf,
DA3576999,leeg.pdf,,DA3920276,leeg.pdf,,DA3318029,leeg.pdf,,DA3462972,leeg.pdf,,DA3883040,leeg.pdf,,DA3613269,leeg.pdf,,DA3119290,leeg.pdf,,DA3838469,leeg.pdf,,DA3690101,leeg.pdf,,DA3209363,leeg.pdf,,DA3304725,leeg.pdf,,DA3155321,leeg.pdf,,DA3117356,leeg.pdf,,DA3037246,leeg.pdf,,DA3521577,leeg.pdf,
DA3648952,leeg.pdf,,DA3960555,leeg.pdf,,DA3547900,leeg.pdf,,DA3867804,leeg.pdf,,DA3106108,leeg.pdf,,DA3241492,leeg.pdf,,DA3049893,leeg.pdf,,DA3303835,leeg.pdf,,DA3563708,leeg.pdf,,DA3119062,leeg.pdf,,DA3495329,leeg.pdf,,DA3375256,leeg.pdf,,DA3269933,leeg.pdf,,DA3413632,leeg.pdf,,DA3713037,leeg.pdf,
DA3216802,leeg.pdf,,DA3796608,leeg.pdf,,DA3828898,leeg.pdf,,DA3522081,leeg.pdf,,DA3166641,leeg.pdf,,DA3108502,leeg.pdf,,DA3741115,leeg.pdf,,DA3633529,leeg.pdf,,DA3537541,leeg.pdf,,DA3454282,leeg.pdf,,DA3182556,leeg.pdf,,DA3130862,leeg.pdf,,DA3948909,leeg.pdf,,DA3727049,leeg.pdf,,DA3770154,leeg.pdf,
DA3859137,leeg.pdf,,DA3933082,leeg.pdf,,DA3692391,leeg.pdf,,DA3067723,leeg.pdf,,DA3369484,leeg.pdf,,DA3212225,leeg.pdf,,DA3265300,leeg.pdf,,DA3311372,leeg.pdf,,DA3894056,leeg.pdf,,DA3256445,leeg.pdf,,DA3261344,leeg.pdf,,DA3326386,leeg.pdf,,DA3996880,leeg.pdf,,DA3609438,leeg.pdf,,DA3583567,leeg.pdf,
DA3708288,leeg.pdf,,DA3553027,leeg.pdf,,DA3442736,leeg.pdf,,DA3113903,leeg.pdf,,DA3266593,leeg.pdf,,DA3908156,leeg.pdf,,DA3558135,leeg.pdf,,DA3293299,leeg.pdf,,DA3601435,leeg.pdf,,DA3246094,leeg.pdf,,DA3483225,leeg.pdf,,DA3726580,leeg.pdf,,DA3478818,leeg.pdf,,DA3712400,leeg.pdf,,DA3070184,leeg.pdf,
DA3382680,leeg.pdf,,DA3954887,leeg.pdf,,DA3658588,leeg.pdf,,DA3685497,leeg.pdf,,DA3547261,leeg.pdf,,DA3691347,leeg.pdf,,DA3697846,leeg.pdf,,DA3220217,leeg.pdf,,DA3103088,leeg.pdf,,DA3893524,leeg.pdf,,DA3201215,leeg.pdf,,DA3857654,leeg.pdf,,DA3082954,leeg.pdf,,DA3057665,leeg.pdf,,DA3567941,leeg.pdf,
DA3089678,leeg.pdf,,DA3095889,leeg.pdf,,DA3561258,leeg.pdf,,DA3941329,leeg.pdf,,DA3908442,leeg.pdf,,DA3951037,leeg.pdf,,DA3499016,leeg.pdf,,DA3225322,leeg.pdf,,DA3533658,leeg.pdf,,DA3518804,leeg.pdf,,DA3463843,leeg.pdf,,DA3996194,leeg.pdf,,DA3788309,leeg.pdf,,DA3403680,leeg.pdf,,DA3837928,leeg.pdf,
DA3399036,leeg.pdf,,DA3987516,leeg.pdf,,DA3472481,leeg.pdf,,DA3304758,leeg.pdf,,DA3876104,leeg.pdf,,DA3375391,leeg.pdf,,DA3171288,leeg.pdf,,DA3391319,leeg.pdf,,DA3536106,leeg.pdf,,DA3720193,leeg.pdf,,DA3833339,leeg.pdf,,DA3443843,leeg.pdf,,DA3202495,leeg.pdf,,DA3945987,leeg.pdf,,DA3583104,leeg.pdf,
DA3950695,leeg.pdf,,DA3359100,leeg.pdf,,DA3735159,leeg.pdf,,DA3759507,leeg.pdf,,DA3701183,leeg.pdf,,DA3807593,leeg.pdf,,DA3800976,leeg.pdf,,DA3328225,leeg.pdf,,DA3133511,leeg.pdf,,DA3899548,leeg.pdf,,DA3403900,leeg.pdf,,DA3230755,leeg.pdf,,DA3155465,leeg.pdf,,DA3236131,leeg.pdf,,DA3799004,leeg.pdf,
DA3048429,leeg.pdf,,DA3888558,leeg.pdf,,DA3580519,leeg.pdf,,DA3482965,leeg.pdf,,DA3313595,leeg.pdf,,DA3405896,leeg.pdf,,DA3931437,leeg.pdf,,DA3301976,leeg.pdf,,DA3052469,leeg.pdf,,DA3240266,leeg.pdf,,DA3249358,leeg.pdf,,DA3415276,leeg.pdf,,DA3770869,leeg.pdf,,DA3768515,leeg.pdf,,DA3448144,leeg.pdf,
DA3691818,leeg.pdf,,DA3448986,leeg.pdf,,DA3909282,leeg.pdf,,DA3187749,leeg.pdf,,DA3887552,leeg.pdf,,DA3631817,leeg.pdf,,DA3212232,leeg.pdf,,DA3593870,leeg.pdf,,DA3851097,leeg.pdf,,DA3533614,leeg.pdf,,DA3399215,leeg.pdf,,DA3480165,leeg.pdf,,DA3493280,leeg.pdf,,DA3086856,leeg.pdf,,DA3360875,leeg.pdf,
DA3553513,leeg.pdf,,DA3690751,leeg.pdf,,DA3956591,leeg.pdf,,DA3706804,leeg.pdf,,DA3285109,leeg.pdf,,DA3203895,leeg.pdf,,DA3677337,leeg.pdf,,DA3245316,leeg.pdf,,DA3255691,leeg.pdf,,DA3344691,leeg.pdf,,DA3474549,leeg.pdf,,DA3430906,leeg.pdf,,DA3387322,leeg.pdf,,DA3203822,leeg.pdf,,DA3754015,leeg.pdf,
DA3158855,leeg.pdf,,DA3036184,leeg.pdf,,DA3986425,leeg.pdf,,DA3516751,leeg.pdf,,DA3119896,leeg.pdf,,DA3817353,leeg.pdf,,DA3735041,leeg.pdf,,DA3612402,leeg.pdf,,DA3081227,leeg.pdf,,DA3725802,leeg.pdf,,DA3406437,leeg.pdf,,DA3790454,leeg.pdf,,DA3536469,leeg.pdf,,DA3073134,leeg.pdf,,DA3973018,leeg.pdf,
DA3742814,leeg.pdf,,DA3118654,leeg.pdf,,DA3356651,leeg.pdf,,DA3474434,leeg.pdf,,DA3837160,leeg.pdf,,DA3704162,leeg.pdf,,DA3813761,leeg.pdf,,DA3249784,leeg.pdf,,DA3927140,leeg.pdf,,DA3140978,leeg.pdf,,DA3457948,leeg.pdf,,DA3062611,leeg.pdf,,DA3077139,leeg.pdf,,DA3320841,leeg.pdf,,DA3667099,leeg.pdf,
DA3826507,leeg.pdf,,DA3823829,leeg.pdf,,DA3060506,leeg.pdf,,DA3530055,leeg.pdf,,DA3097962,leeg.pdf,,DA3260468,leeg.pdf,,DA3178252,leeg.pdf,,DA3199129,leeg.pdf,,DA3376287,leeg.pdf,,DA3254845,leeg.pdf,,DA3312906,leeg.pdf,,DA3690292,leeg.pdf,,DA3629011,leeg.pdf,,DA3142647,leeg.pdf,,DA3267643,leeg.pdf,
DA3234029,leeg.pdf,,DA3891521,leeg.pdf,,DA3199667,leeg.pdf,,DA3261362,leeg.pdf,,DA3585122,leeg.pdf,,DA3375034,leeg.pdf,,DA3773464,leeg.pdf,,DA3199432,leeg.pdf,,DA3131996,leeg.pdf,,DA3696956,leeg.pdf,,DA3482660,leeg.pdf,,DA3062994,leeg.pdf,,DA3273188,leeg.pdf,,DA3062563,leeg.pdf,,DA3745726,leeg.pdf,
DA3213115,leeg.pdf,,DA3512180,leeg.pdf,,DA3318017,leeg.pdf,,DA3798118,leeg.pdf,,DA3969032,leeg.pdf,,DA3144725,leeg.pdf,,DA3257709,leeg.pdf,,DA3102573,leeg.pdf,,DA3251854,leeg.pdf,,DA3967466,leeg.pdf,,DA3046013,leeg.pdf,,DA3397424,leeg.pdf,,DA3380773,leeg.pdf,,DA3143950,leeg.pdf,,DA3302009,leeg.pdf,
DA3567055,leeg.pdf,,DA3607070,leeg.pdf,,DA3088993,leeg.pdf,,DA3127977,leeg.pdf,,DA3771799,leeg.pdf,,DA3098013,leeg.pdf,,DA3498440,leeg.pdf,,DA3189466,leeg.pdf,,DA3190776,leeg.pdf,,DA3213978,leeg.pdf,,DA3421511,leeg.pdf,,DA3613874,leeg.pdf,,DA3748334,leeg.pdf,,DA3102061,leeg.pdf,,DA3242707,leeg.pdf,
DA3155062,leeg.pdf,,DA3141463,leeg.pdf,,DA3671349,leeg.pdf,,DA3362142,leeg.pdf,,DA3423639,leeg.pdf,,DA3139738,leeg.pdf,,DA3409100,leeg.pdf,,DA3502684,leeg.pdf,,DA3146174,leeg.pdf,,DA3929027,leeg.pdf,,DA3452853,leeg.pdf,,DA3084114,leeg.pdf,,DA3704959,leeg.pdf,,DA3069689,leeg.pdf,,DA3874615,leeg.pdf,
DA3237830,leeg.pdf,,DA3197800,leeg.pdf,,DA3190280,leeg.pdf,,DA3923708,leeg.pdf,,DA3097282,leeg.pdf,,DA3086901,leeg.pdf,,DA3279633,leeg.pdf,,DA3706984,leeg.pdf,,DA3499702,leeg.pdf,,DA3213610,leeg.pdf,,DA3952527,leeg.pdf,,DA3752489,leeg.pdf,,DA3172539,leeg.pdf,,DA3563167,leeg.pdf,,DA3906997,leeg.pdf,
DA3513964,leeg.pdf,,DA3689699,leeg.pdf,,DA3411281,leeg.pdf,,DA3969284,leeg.pdf,,DA3658548,leeg.pdf,,DA3315344,leeg.pdf,,DA3226371,leeg.pdf,,DA3547936,leeg.pdf,,DA3753814,leeg.pdf,,DA3686234,leeg.pdf,,DA3211200,leeg.pdf,,DA3754327,leeg.pdf,,DA3109478,leeg.pdf,,DA3388727,leeg.pdf,,DA3396300,leeg.pdf,
DA3560262,leeg.pdf,,DA3405983,leeg.pdf,,DA3283834,leeg.pdf,,DA3642907,leeg.pdf,,DA3059648,leeg.pdf,,DA3789288,leeg.pdf,,DA3267329,leeg.pdf,,DA3632230,leeg.pdf,,DA3130376,leeg.pdf,,DA3230158,leeg.pdf,,DA3125401,leeg.pdf,,DA3727331,leeg.pdf,,DA3682037,leeg.pdf,,DA3739251,leeg.pdf,,DA3838822,leeg.pdf,
DA3124903,leeg.pdf,,DA3216469,leeg.pdf,,DA3832210,leeg.pdf,,DA3617351,leeg.pdf,,DA3482392,leeg.pdf,,DA3855922,leeg.pdf,,DA3259914,leeg.pdf,,DA3366286,leeg.pdf,,DA3166158,leeg.pdf,,DA3570581,leeg.pdf,,DA3123769,leeg.pdf,,DA3823251,leeg.pdf,,DA3846061,leeg.pdf,,DA3418292,leeg.pdf,,DA3304519,leeg.pdf,
DA3413955,leeg.pdf,,DA3721584,leeg.pdf,,DA3629717,leeg.pdf,,DA3277432,leeg.pdf,,DA3358724,leeg.pdf,,DA3589119,leeg.pdf,,DA3842690,leeg.pdf,,DA3449578,leeg.pdf,,DA3109501,leeg.pdf,,DA3131991,leeg.pdf,,DA3100199,leeg.pdf,,DA3439833,leeg.pdf,,DA3315400,leeg.pdf,,DA3291012,leeg.pdf,,DA3376944,leeg.pdf,
DA3255414,leeg.pdf,,DA3821408,leeg.pdf,,DA3338135,leeg.pdf,,DA3435783,leeg.pdf,,DA3594385,leeg.pdf,,DA3825951,leeg.pdf,,DA3887646,leeg.pdf,,DA3587007,leeg.pdf,,DA3714388,leeg.pdf,,DA3401364,leeg.pdf,,DA3953026,leeg.pdf,,DA3862352,leeg.pdf,,DA3803009,leeg.pdf,,DA3782751,leeg.pdf,,DA3211002,leeg.pdf,
DA3249568,leeg.pdf,,DA3294988,leeg.pdf,,DA3982017,leeg.pdf,,DA3040260,leeg.pdf,,DA3315263,leeg.pdf,,DA3452463,leeg.pdf,,DA3103440,leeg.pdf,,DA3339921,leeg.pdf,,DA3225354,leeg.pdf,,DA3092517,leeg.pdf,,DA3185623,leeg.pdf,,DA3974457,leeg.pdf,,DA3808585,leeg.pdf,,DA3111449,leeg.pdf,,DA3880524,leeg.pdf,
DA3183496,leeg.pdf,,DA3395396,leeg.pdf,,DA3288753,leeg.pdf,,DA3105919,leeg.pdf,,DA3504853,leeg.pdf,,DA3793279,leeg.pdf,,DA3933787,leeg.pdf,,DA3448941,leeg.pdf,,DA3732086,leeg.pdf,,DA3458805,leeg.pdf,,DA3565386,leeg.pdf,,DA3398574,leeg.pdf,,DA3042682,leeg.pdf,,DA3189551,leeg.pdf,,DA3761299,leeg.pdf,
DA3782699,leeg.pdf,,DA3354668,leeg.pdf,,DA3760962,leeg.pdf,,DA3136900,leeg.pdf,,DA3424177,leeg.pdf,,DA3115426,leeg.pdf,,DA3318168,leeg.pdf,,DA3536405,leeg.pdf,,DA3085643,leeg.pdf,,DA3550813,leeg.pdf,,DA3612628,leeg.pdf,,DA3237266,leeg.pdf,,DA3326570,leeg.pdf,,DA3415930,leeg.pdf,,DA3204120,leeg.pdf,
DA3936139,leeg.pdf,,DA3229461,leeg.pdf,,DA3463599,leeg.pdf,,DA3043558,leeg.pdf,,DA3141825,leeg.pdf,,DA3676318,leeg.pdf,,DA3116873,leeg.pdf,,DA3230929,leeg.pdf,,DA3242218,leeg.pdf,,DA3423262,leeg.pdf,,DA3170277,leeg.pdf,,DA3485084,leeg.pdf,,DA3582204,leeg.pdf,,DA3274037,leeg.pdf,,DA3456156,leeg.pdf,
DA3576724,leeg.pdf,,DA3436427,leeg.pdf,,DA3760581,leeg.pdf,,DA3131764,leeg.pdf,,DA3679203,leeg.pdf,,DA3412242,leeg.pdf,,DA3848509,leeg.pdf,,DA3449337,leeg.pdf,,DA3938926,leeg.pdf,,DA3943934,leeg.pdf,,DA3804305,leeg.pdf,,DA3681343,leeg.pdf,,DA3251878,leeg.pdf,,DA3789167,leeg.pdf,,DA3784477,leeg.pdf,
DA3552731,leeg.pdf,,DA3065688,leeg.pdf,,DA3803199,leeg.pdf,,DA3350588,leeg.pdf,,DA3113700,leeg.pdf,,DA3943006,leeg.pdf,,DA3971323,leeg.pdf,,DA3100654,leeg.pdf,,DA3294967,leeg.pdf,,DA3931777,leeg.pdf,,DA3127181,leeg.pdf,,DA3904045,leeg.pdf,,DA3133347,leeg.pdf,,DA3291791,leeg.pdf,,DA3141836,leeg.pdf,
DA3725415,leeg.pdf,,DA3588584,leeg.pdf,,DA3720184,leeg.pdf,,DA3337984,leeg.pdf,,DA3129888,leeg.pdf,,DA3659836,leeg.pdf,,DA3251676,leeg.pdf,,DA3488412,leeg.pdf,,DA3629112,leeg.pdf,,DA3658980,leeg.pdf,,DA3232389,leeg.pdf,,DA3999083,leeg.pdf,,DA3196426,leeg.pdf,,DA3103550,leeg.pdf,,DA3465778,leeg.pdf,
DA3334878,leeg.pdf,,DA3307664,leeg.pdf,,DA3340602,leeg.pdf,,DA3519261,leeg.pdf,,DA3163440,leeg.pdf,,DA3362421,leeg.pdf,,DA3156276,leeg.pdf,,DA3606836,leeg.pdf,,DA3859406,leeg.pdf,,DA3197517,leeg.pdf,,DA3939149,leeg.pdf,,DA3561215,leeg.pdf,,DA3939846,leeg.pdf,,DA3800691,leeg.pdf,,DA3043973,leeg.pdf,
DA3356610,leeg.pdf,,DA3609045,leeg.pdf,,DA3624269,leeg.pdf,,DA3597759,leeg.pdf,,DA3616705,leeg.pdf,,DA3882881,leeg.pdf,,DA3607804,leeg.pdf,,DA3677333,leeg.pdf,,DA3375892,leeg.pdf,,DA3036643,leeg.pdf,,DA3308346,leeg.pdf,,DA3565769,leeg.pdf,,DA3629229,leeg.pdf,,DA3685170,leeg.pdf,,DA3047172,leeg.pdf,
DA3583258,leeg.pdf,,DA3562139,leeg.pdf,,DA3462345,leeg.pdf,,DA3471883,leeg.pdf,,DA3145211,leeg.pdf,,DA3998268,leeg.pdf,,DA3836177,leeg.pdf,,DA3197371,leeg.pdf,,DA3246122,leeg.pdf,,DA3230444,leeg.pdf,,DA3134547,leeg.pdf,,DA3421370,leeg.pdf,,DA3756915,leeg.pdf,,DA3508101,leeg.pdf,,DA3640852,leeg.pdf,
DA3161494,leeg.pdf,,DA3480357,leeg.pdf,,DA3840234,leeg.pdf,,DA3310708,leeg.pdf,,DA3678300,leeg.pdf,,DA3401940,leeg.pdf,,DA3928783,leeg.pdf,,DA3248320,leeg.pdf,,DA3409325,leeg.pdf,,DA3334518,leeg.pdf,,DA3262777,leeg.pdf,,DA3773953,leeg.pdf,,DA3151112,leeg.pdf,,DA3404395,leeg.pdf,,DA3097386,leeg.pdf,
DA3265407,leeg.pdf,,DA3749243,leeg.pdf,,DA3657024,leeg.pdf,,DA3217224,leeg.pdf,,DA3391683,leeg.pdf,,DA3058998,leeg.pdf,,DA3201970,leeg.pdf,,DA3673878,leeg.pdf,,DA3154924,leeg.pdf,,DA3214739,leeg.pdf,,DA3103361,leeg.pdf,,DA3243313,leeg.pdf,,DA3036198,leeg.pdf,,DA3507033,leeg.pdf,,DA3033121,leeg.pdf,
DA3131532,leeg.pdf,,DA3802022,leeg.pdf,,DA3533914,leeg.pdf,,DA3709440,leeg.pdf,,DA3782140,leeg.pdf,,DA3695329,leeg.pdf,,DA3093772,leeg.pdf,,DA3382246,leeg.pdf,,DA3423043,leeg.pdf,,DA3337532,leeg.pdf,,DA3381371,leeg.pdf,,DA3368234,leeg.pdf,,DA3126581,leeg.pdf,,DA3163798,leeg.pdf,,DA3110306,leeg.pdf,
DA3241793,leeg.pdf,,DA3188679,leeg.pdf,,DA3297900,leeg.pdf,,DA3648445,leeg.pdf,,DA3125730,leeg.pdf,,DA3676867,leeg.pdf,,DA3281028,leeg.pdf,,DA3353771,leeg.pdf,,DA3889351,leeg.pdf,,DA3240384,leeg.pdf,,DA3655834,leeg.pdf,,DA3437099,leeg.pdf,,DA3783716,leeg.pdf,,DA3206030,leeg.pdf,,DA3715717,leeg.pdf,
DA3163979,leeg.pdf,,DA3291360,leeg.pdf,,DA3239940,leeg.pdf,,DA3310967,leeg.pdf,,DA3419225,leeg.pdf,,DA3266860,leeg.pdf,,DA3904414,leeg.pdf,,DA3656995,leeg.pdf,,DA3568210,leeg.pdf,,DA3837564,leeg.pdf,,DA3575718,leeg.pdf,,DA3115928,leeg.pdf,,DA3966423,leeg.pdf,,DA3183065,leeg.pdf,,DA3788491,leeg.pdf,
DA3129426,leeg.pdf,,DA3250212,leeg.pdf,,DA3123208,leeg.pdf,,DA3120110,leeg.pdf,,DA3322297,leeg.pdf,,DA3379976,leeg.pdf,,DA3202932,leeg.pdf,,DA3974830,leeg.pdf,,DA3547299,leeg.pdf,,DA3415695,leeg.pdf,,DA3704424,leeg.pdf,,DA3844860,leeg.pdf,,DA3107196,leeg.pdf,,DA3091164,leeg.pdf,,DA3116560,leeg.pdf,
DA3145639,leeg.pdf,,DA3296438,leeg.pdf,,DA3102272,leeg.pdf,,DA3990093,leeg.pdf,,DA3382831,leeg.pdf,,DA3296411,leeg.pdf,,DA3393450,leeg.pdf,,DA3208083,leeg.pdf,,DA3454438,leeg.pdf,,DA3194578,leeg.pdf,,DA3125692,leeg.pdf,,DA3926878,leeg.pdf,,DA3282176,leeg.pdf,,DA3434379,leeg.pdf,,DA3410117,leeg.pdf,
DA3237195,leeg.pdf,,DA3862980,leeg.pdf,,DA3931708,leeg.pdf,,DA3943647,leeg.pdf,,DA3133651,leeg.pdf,,DA3440185,leeg.pdf,,DA3434585,leeg.pdf,,DA3158661,leeg.pdf,,DA3421103,leeg.pdf,,DA3055050,leeg.pdf,,DA3193944,leeg.pdf,,DA3675889,leeg.pdf,,DA3445216,leeg.pdf,,DA3793702,leeg.pdf,,DA3235275,leeg.pdf,
DA3737747,leeg.pdf,,DA3035171,leeg.pdf,,DA3111479,leeg.pdf,,DA3411798,leeg.pdf,,DA3479355,leeg.pdf,,DA3063317,leeg.pdf,,DA3342323,leeg.pdf,,DA3461061,leeg.pdf,,DA3398223,leeg.pdf,,DA3072013,leeg.pdf,,DA3069708,leeg.pdf,,DA3387175,leeg.pdf,,DA3370732,leeg.pdf,,DA3692617,leeg.pdf,,DA3891137,leeg.pdf,
DA3307793,leeg.pdf,,DA3366075,leeg.pdf,,DA3286380,leeg.pdf,,DA3185510,leeg.pdf,,DA3339598,leeg.pdf,,DA3054079,leeg.pdf,,DA3509115,leeg.pdf,,DA3179117,leeg.pdf,,DA3143795,leeg.pdf,,DA3735711,leeg.pdf,,DA3166812,leeg.pdf,,DA3152365,leeg.pdf,,DA3513001,leeg.pdf,,DA3055609,leeg.pdf,,DA3069470,leeg.pdf,
DA3772036,leeg.pdf,,DA3293710,leeg.pdf,,DA3585303,leeg.pdf,,DA3316943,leeg.pdf,,DA3599744,leeg.pdf,,DA3843425,leeg.pdf,,DA3309689,leeg.pdf,,DA3129199,leeg.pdf,,DA3825564,leeg.pdf,,DA3050694,leeg.pdf,,DA3923955,leeg.pdf,,DA3404849,leeg.pdf,,DA3975226,leeg.pdf,,DA3081166,leeg.pdf,,DA3846707,leeg.pdf,
DA3259443,leeg.pdf,,DA3840042,leeg.pdf,,DA3837406,leeg.pdf,,DA3132831,leeg.pdf,,DA3077833,leeg.pdf,,DA3136032,leeg.pdf,,DA3140561,leeg.pdf,,DA3265647,leeg.pdf,,DA3181092,leeg.pdf,,DA3201158,leeg.pdf,,DA3334304,leeg.pdf,,DA3298032,leeg.pdf,,DA3060463,leeg.pdf,,DA3056589,leeg.pdf,,DA3135271,leeg.pdf,
DA3428976,leeg.pdf,,DA3328946,leeg.pdf,,DA3566142,leeg.pdf,,DA3560187,leeg.pdf,,DA3519266,leeg.pdf,,DA3236491,leeg.pdf,,DA3958953,leeg.pdf,,DA3332434,leeg.pdf,,DA3156384,leeg.pdf,,DA3717582,leeg.pdf,,DA3181382,leeg.pdf,,DA3212163,leeg.pdf,,DA3193708,leeg.pdf,,DA3908493,leeg.pdf,,DA3043587,leeg.pdf,
DA3960649,leeg.pdf,,DA3543269,leeg.pdf,,DA3089070,leeg.pdf,,DA3340818,leeg.pdf,,DA3091803,leeg.pdf,,DA3644536,leeg.pdf,,DA3705202,leeg.pdf,,DA3491339,leeg.pdf,,DA3855249,leeg.pdf,,DA3234354,leeg.pdf,,DA3179224,leeg.pdf,,DA3763648,leeg.pdf,,DA3975412,leeg.pdf,,DA3272910,leeg.pdf,,DA3701376,leeg.pdf,
DA3475255,leeg.pdf,,DA3817514,leeg.pdf,,DA3117653,leeg.pdf,,DA3320221,leeg.pdf,,DA3340806,leeg.pdf,,DA3173128,leeg.pdf,,DA3567555,leeg.pdf,,DA3394325,leeg.pdf,,DA3158873,leeg.pdf,,DA3097027,leeg.pdf,,DA3316612,leeg.pdf,,DA3258974,leeg.pdf,,DA3652377,leeg.pdf,,DA3427996,leeg.pdf,,DA3139114,leeg.pdf,
DA3044857,leeg.pdf,,DA3157454,leeg.pdf,,DA3413685,leeg.pdf,,DA3635147,leeg.pdf,,DA3108787,leeg.pdf,,DA3989014,leeg.pdf,,DA3408876,leeg.pdf,,DA3698900,leeg.pdf,,DA3242737,leeg.pdf,,DA3272130,leeg.pdf,,DA3097758,leeg.pdf,,DA3328749,leeg.pdf,,DA3186685,leeg.pdf,,DA3503498,leeg.pdf,,DA3323534,leeg.pdf,
DA3215889,leeg.pdf,,DA3564921,leeg.pdf,,DA3687577,leeg.pdf,,DA3494239,leeg.pdf,,DA3268064,leeg.pdf,,DA3951572,leeg.pdf,,DA3376453,leeg.pdf,,DA3387186,leeg.pdf,,DA3161722,leeg.pdf,,DA3240166,leeg.pdf,,DA3315810,leeg.pdf,,DA3553264,leeg.pdf,,DA3278327,leeg.pdf,,DA3498422,leeg.pdf,,DA3761567,leeg.pdf,
DA3993867,leeg.pdf,,DA3946159,leeg.pdf,,DA3360937,leeg.pdf,,DA3287615,leeg.pdf,,DA3243893,leeg.pdf,,DA3353063,leeg.pdf,,DA3380648,leeg.pdf,,DA3166753,leeg.pdf,,DA3408123,leeg.pdf,,DA3060114,leeg.pdf,,DA3259448,leeg.pdf,,DA3725557,leeg.pdf,,DA3138081,leeg.pdf,,DA3237832,leeg.pdf,,DA3683018,leeg.pdf,
DA3924123,leeg.pdf,,DA3618082,leeg.pdf,,DA3047867,leeg.pdf,,DA3624900,leeg.pdf,,DA3678987,leeg.pdf,,DA3229741,leeg.pdf,,DA3944666,leeg.pdf,,DA3404824,leeg.pdf,,DA3226065,leeg.pdf,,DA3347078,leeg.pdf,,DA3730137,leeg.pdf,,DA3287148,leeg.pdf,,DA3429034,leeg.pdf,,DA3232884,leeg.pdf,,DA3378394,leeg.pdf,
DA3070829,leeg.pdf,,DA3589501,leeg.pdf,,DA3081014,leeg.pdf,,DA3762562,leeg.pdf,,DA3910934,leeg.pdf,,DA3842846,leeg.pdf,,DA3228885,leeg.pdf,,DA3332362,leeg.pdf,,DA3344535,leeg.pdf,,DA3034873,leeg.pdf,,DA3994507,leeg.pdf,,DA3620824,leeg.pdf,,DA3106318,leeg.pdf,,DA3566191,leeg.pdf,,DA3154835,leeg.pdf,
DA3841079,leeg.pdf,,DA3377933,leeg.pdf,,DA3922727,leeg.pdf,,DA3537163,leeg.pdf,,DA3504927,leeg.pdf,,DA3797869,leeg.pdf,,DA3115249,leeg.pdf,,DA3610906,leeg.pdf,,DA3940680,leeg.pdf,,DA3346919,leeg.pdf,,DA3090896,leeg.pdf,,DA3186894,leeg.pdf,,DA3338663,leeg.pdf,,DA3356859,leeg.pdf,,DA3927216,leeg.pdf,
DA3352426,leeg.pdf,,DA3867973,leeg.pdf,,DA3404452,leeg.pdf,,DA3058905,leeg.pdf,,DA3489478,leeg.pdf,,DA3551523,leeg.pdf,,DA3776505,leeg.pdf,,DA3546906,leeg.pdf,,DA3966692,leeg.pdf,,DA3343822,leeg.pdf,,DA3126601,leeg.pdf,,DA3779463,leeg.pdf,,DA3309996,leeg.pdf,,DA3121519,leeg.pdf,,DA3123788,leeg.pdf,
DA3772407,leeg.pdf,,DA3665514,leeg.pdf,,DA3926609,leeg.pdf,,DA3916701,leeg.pdf,,DA3344245,leeg.pdf,,DA3371293,leeg.pdf,,DA3197918,leeg.pdf,,DA3372071,leeg.pdf,,DA3636123,leeg.pdf,,DA3285163,leeg.pdf,,DA3195309,leeg.pdf,,DA3487491,leeg.pdf,,DA3211523,leeg.pdf,,DA3122676,leeg.pdf,,DA3385301,leeg.pdf,
DA3624565,leeg.pdf,,DA3861900,leeg.pdf,,DA3750014,leeg.pdf,,DA3913486,leeg.pdf,,DA3075936,leeg.pdf,,DA3098871,leeg.pdf,,DA3819778,leeg.pdf,,DA3080702,leeg.pdf,,DA3636150,leeg.pdf,,DA3758757,leeg.pdf,,DA3326552,leeg.pdf,,DA3119514,leeg.pdf,,DA3295687,leeg.pdf,,DA3186226,leeg.pdf,,DA3323373,leeg.pdf,
DA3206790,leeg.pdf,,DA3054398,leeg.pdf,,DA3903243,leeg.pdf,,DA3409687,leeg.pdf,,DA3820862,leeg.pdf,,DA3314554,leeg.pdf,,DA3551053,leeg.pdf,,DA3723305,leeg.pdf,,DA3765846,leeg.pdf,,DA3094069,leeg.pdf,,DA3208996,leeg.pdf,,DA3269316,leeg.pdf,,DA3346669,leeg.pdf,,DA3651808,leeg.pdf,,DA3139272,leeg.pdf,
DA3181978,leeg.pdf,,DA3200931,leeg.pdf,,DA3633860,leeg.pdf,,DA3705763,leeg.pdf,,DA3796626,leeg.pdf,,DA3654727,leeg.pdf,,DA3609554,leeg.pdf,,DA3551268,leeg.pdf,,DA3184022,leeg.pdf,,DA3394533,leeg.pdf,,DA3543955,leeg.pdf,,DA3321928,leeg.pdf,,DA3268895,leeg.pdf,,DA3205514,leeg.pdf,,DA3164743,leeg.pdf,
DA3646262,leeg.pdf,,DA3660321,leeg.pdf,,DA3087526,leeg.pdf,,DA3160037,leeg.pdf,,DA3187458,leeg.pdf,,DA3190878,leeg.pdf,,DA3955348,leeg.pdf,,DA3868923,leeg.pdf,,DA3510182,leeg.pdf,,DA3081396,leeg.pdf,,DA3579126,leeg.pdf,,DA3076144,leeg.pdf,,DA3972269,leeg.pdf,,DA3332500,leeg.pdf,,DA3621127,leeg.pdf,
DA3194476,leeg.pdf,,DA3716414,leeg.pdf,,DA3520405,leeg.pdf,,DA3857284,leeg.pdf,,DA3881582,leeg.pdf,,DA3324430,leeg.pdf,,DA3652032,leeg.pdf,,DA3838779,leeg.pdf,,DA3812171,leeg.pdf,,DA3827724,leeg.pdf,,DA3835563,leeg.pdf,,DA3888997,leeg.pdf,,DA3195118,leeg.pdf,,DA3995821,leeg.pdf,,DA3454522,leeg.pdf,
DA3827302,leeg.pdf,,DA3258659,leeg.pdf,,DA3404512,leeg.pdf,,DA3500017,leeg.pdf,,DA3333752,leeg.pdf,,DA3791882,leeg.pdf,,DA3902574,leeg.pdf,,DA3924981,leeg.pdf,,DA3277597,leeg.pdf,,DA3056514,leeg.pdf,,DA3573334,leeg.pdf,,DA3155473,leeg.pdf,,DA3602932,leeg.pdf,,DA3165347,leeg.pdf,,DA3841218,leeg.pdf,
DA3245753,leeg.pdf,,DA3112559,leeg.pdf,,DA3384923,leeg.pdf,,DA3359194,leeg.pdf,,DA3054639,leeg.pdf,,DA3275100,leeg.pdf,,DA3050561,leeg.pdf,,DA3518399,leeg.pdf,,DA3993402,leeg.pdf,,DA3166417,leeg.pdf,,DA3376525,leeg.pdf,,DA3126235,leeg.pdf,,DA3710966,leeg.pdf,,DA3287476,leeg.pdf,,DA3058889,leeg.pdf,
DA3752882,leeg.pdf,,DA3435472,leeg.pdf,,DA3657107,leeg.pdf,,DA3970405,leeg.pdf,,DA3881297,leeg.pdf,,DA3204746,leeg.pdf,,DA3709774,leeg.pdf,,DA3193837,leeg.pdf,,DA3580749,leeg.pdf,,DA3135595,leeg.pdf,,DA3183131,leeg.pdf,,DA3091051,leeg.pdf,,DA3360372,leeg.pdf,,DA3301903,leeg.pdf,,DA3086443,leeg.pdf,
DA3347093,leeg.pdf,,DA3339459,leeg.pdf,,DA3868862,leeg.pdf,,DA3651153,leeg.pdf,,DA3345860,leeg.pdf,,DA3259492,leeg.pdf,,DA3414692,leeg.pdf,,DA3296099,leeg.pdf,,DA3898700,leeg.pdf,,DA3294511,leeg.pdf,,DA3327932,leeg.pdf,,DA3191129,leeg.pdf,,DA3421253,leeg.pdf,,DA3130173,leeg.pdf,,DA3355719,leeg.pdf,
DA3951806,leeg.pdf,,DA3061208,leeg.pdf,,DA3059124,leeg.pdf,,DA3445503,leeg.pdf,,DA3928167,leeg.pdf,,DA3853881,leeg.pdf,,DA3851975,leeg.pdf,,DA3408977,leeg.pdf,,DA3543990,leeg.pdf,,DA3716295,leeg.pdf,,DA3513635,leeg.pdf,,DA3250116,leeg.pdf,,DA3283073,leeg.pdf,,DA3203496,leeg.pdf,,DA3660984,leeg.pdf,
DA3429122,leeg.pdf,,DA3414123,leeg.pdf,,DA3873382,leeg.pdf,,DA3938341,leeg.pdf,,DA3172276,leeg.pdf,,DA3812327,leeg.pdf,,DA3786215,leeg.pdf,,DA3949806,leeg.pdf,,DA3105408,leeg.pdf,,DA3684265,leeg.pdf,,DA3696073,leeg.pdf,,DA3470363,leeg.pdf,,DA3249778,leeg.pdf,,DA3219431,leeg.pdf,,DA3218794,leeg.pdf,
DA3268002,leeg.pdf,,DA3218200,leeg.pdf,,DA3250079,leeg.pdf,,DA3052981,leeg.pdf,,DA3849389,leeg.pdf,,DA3609975,leeg.pdf,,DA3036572,leeg.pdf,,DA3456535,leeg.pdf,,DA3135006,leeg.pdf,,DA3478970,leeg.pdf,,DA3275927,leeg.pdf,,DA3281051,leeg.pdf,,DA3800566,leeg.pdf,,DA3446566,leeg.pdf,,DA3389598,leeg.pdf,
DA3940199,leeg.pdf,,DA3719686,leeg.pdf,,DA3205852,leeg.pdf,,DA3049076,leeg.pdf,,DA3118835,leeg.pdf,,DA3367437,leeg.pdf,,DA3099373,leeg.pdf,,DA3846115,leeg.pdf,,DA3269230,leeg.pdf,,DA3178567,leeg.pdf,,DA3313732,leeg.pdf,,DA3697686,leeg.pdf,,DA3699898,leeg.pdf,,DA3680964,leeg.pdf,,DA3943585,leeg.pdf,
DA3805020,leeg.pdf,,DA3908837,leeg.pdf,,DA3220803,leeg.pdf,,DA3419559,leeg.pdf,,DA3870594,leeg.pdf,,DA3634239,leeg.pdf,,DA3200335,leeg.pdf,,DA3033431,leeg.pdf,,DA3475663,leeg.pdf,,DA3848678,leeg.pdf,,DA3425927,leeg.pdf,,DA3050754,leeg.pdf,,DA3114141,leeg.pdf,,DA3942475,leeg.pdf,,DA3469227,leeg.pdf,
DA3694081,leeg.pdf,,DA3117610,leeg.pdf,,DA3087193,leeg.pdf,,DA3294427,leeg.pdf,,DA3058565,leeg.pdf,,DA3140818,leeg.pdf,,DA3678401,leeg.pdf,,DA3075198,leeg.pdf,,DA3612584,leeg.pdf,,DA3987760,leeg.pdf,,DA3319312,leeg.pdf,,DA3334922,leeg.pdf,,DA3956259,leeg.pdf,,DA3084420,leeg.pdf,,DA3754842,leeg.pdf,
DA3240323,leeg.pdf,,DA3182792,leeg.pdf,,DA3815493,leeg.pdf,,DA3310669,leeg.pdf,,DA3891373,leeg.pdf,,DA3124275,leeg.pdf,,DA3807189,leeg.pdf,,DA3429371,leeg.pdf,,DA3946144,leeg.pdf,,DA3041298,leeg.pdf,,DA3497872,leeg.pdf,,DA3070734,leeg.pdf,,DA3675163,leeg.pdf,,DA3703013,leeg.pdf,,DA3770930,leeg.pdf,
DA3047994,leeg.pdf,,DA3559366,leeg.pdf,,DA3179769,leeg.pdf,,DA3146456,leeg.pdf,,DA3475352,leeg.pdf,,DA3740895,leeg.pdf,,DA3563046,leeg.pdf,,DA3520109,leeg.pdf,,DA3284990,leeg.pdf,,DA3211858,leeg.pdf,,DA3652540,leeg.pdf,,DA3272125,leeg.pdf,,DA3793003,leeg.pdf,,DA3147063,leeg.pdf,,DA3881773,leeg.pdf,
DA3216870,leeg.pdf,,DA3990200,leeg.pdf,,DA3113646,leeg.pdf,,DA3053623,leeg.pdf,,DA3077408,leeg.pdf,,DA3539256,leeg.pdf,,DA3757731,leeg.pdf,,DA3184548,leeg.pdf,,DA3894032,leeg.pdf,,DA3695265,leeg.pdf,,DA3710835,leeg.pdf,,DA3237179,leeg.pdf,,DA3962451,leeg.pdf,,DA3083648,leeg.pdf,,DA3946133,leeg.pdf,
DA3296695,leeg.pdf,,DA3217570,leeg.pdf,,DA3140077,leeg.pdf,,DA3254315,leeg.pdf,,DA3495344,leeg.pdf,,DA3128852,leeg.pdf,,DA3103921,leeg.pdf,,DA3752145,leeg.pdf,,DA3856602,leeg.pdf,,DA3759480,leeg.pdf,,DA3627037,leeg.pdf,,DA3736505,leeg.pdf,,DA3249643,leeg.pdf,,DA3204580,leeg.pdf,,DA3854112,leeg.pdf,
DA3266029,leeg.pdf,,DA3563267,leeg.pdf,,DA3778910,leeg.pdf,,DA3672713,leeg.pdf,,DA3158248,leeg.pdf,,DA3119956,leeg.pdf,,DA3896995,leeg.pdf,,DA3168632,leeg.pdf,,DA3712586,leeg.pdf,,DA3263541,leeg.pdf,,DA3338709,leeg.pdf,,DA3240860,leeg.pdf,,DA3040862,leeg.pdf,,DA3103464,leeg.pdf,,DA3170347,leeg.pdf,
DA3146056,leeg.pdf,,DA3684451,leeg.pdf,,DA3470522,leeg.pdf,,DA3768481,leeg.pdf,,DA3658784,leeg.pdf,,DA3141504,leeg.pdf,,DA3822903,leeg.pdf,,DA3932415,leeg.pdf,,DA3270938,leeg.pdf,,DA3399067,leeg.pdf,,DA3292095,leeg.pdf,,DA3738306,leeg.pdf,,DA3166228,leeg.pdf,,DA3842439,leeg.pdf,,DA3405136,leeg.pdf,
DA3335159,leeg.pdf,,DA3454956,leeg.pdf,,DA3260554,leeg.pdf,,DA3123708,leeg.pdf,,DA3566836,leeg.pdf,,DA3543425,leeg.pdf,,DA3943344,leeg.pdf,,DA3396015,leeg.pdf,,DA3804447,leeg.pdf,,DA3450926,leeg.pdf,,DA3577349,leeg.pdf,,DA3922270,leeg.pdf,,DA3576338,leeg.pdf,,DA3234784,leeg.pdf,,DA3564153,leeg.pdf,
DA3561160,leeg.pdf,,DA3945095,leeg.pdf,,DA3897787,leeg.pdf,,DA3786072,leeg.pdf,,DA3148506,leeg.pdf,,DA3387293,leeg.pdf,,DA3821906,leeg.pdf,,DA3731918,leeg.pdf,,DA3874346,leeg.pdf,,DA3853267,leeg.pdf,,DA3841116,leeg.pdf,,DA3978924,leeg.pdf,,DA3689847,leeg.pdf,,DA3033445,leeg.pdf,,DA3382563,leeg.pdf,
DA3059883,leeg.pdf,,DA3765312,leeg.pdf,,DA3103423,leeg.pdf,,DA3310950,leeg.pdf,,DA3832054,leeg.pdf,,DA3597745,leeg.pdf,,DA3539283,leeg.pdf,,DA3652727,leeg.pdf,,DA3913936,leeg.pdf,,DA3480599,leeg.pdf,,DA3370579,leeg.pdf,,DA3069725,leeg.pdf,,DA3044756,leeg.pdf,,DA3737491,leeg.pdf,,DA3190655,leeg.pdf,
DA3048987,leeg.pdf,,DA3403334,leeg.pdf,,DA3806203,leeg.pdf,,DA3344398,leeg.pdf,,DA3905787,leeg.pdf,,DA3136191,leeg.pdf,,DA3217310,leeg.pdf,,DA3281989,leeg.pdf,,DA3219374,leeg.pdf,,DA3231734,leeg.pdf,,DA3348241,leeg.pdf,,DA3315573,leeg.pdf,,DA3666723,leeg.pdf,,DA3389836,leeg.pdf,,DA3555440,leeg.pdf,
DA3747415,leeg.pdf,,DA3152030,leeg.pdf,,DA3336328,leeg.pdf,,DA3367235,leeg.pdf,,DA3607830,leeg.pdf,,DA3721801,leeg.pdf,,DA3479502,leeg.pdf,,DA3349576,leeg.pdf,,DA3129008,leeg.pdf,,DA3952523,leeg.pdf,,DA3610621,leeg.pdf,,DA3432494,leeg.pdf,,DA3701048,leeg.pdf,,DA3253956,leeg.pdf,,DA3682451,leeg.pdf,
DA3655417,leeg.pdf,,DA3808989,leeg.pdf,,DA3468626,leeg.pdf,,DA3503792,leeg.pdf,,DA3246398,leeg.pdf,,DA3207954,leeg.pdf,,DA3559624,leeg.pdf,,DA3180983,leeg.pdf,,DA3426206,leeg.pdf,,DA3443872,leeg.pdf,,DA3987617,leeg.pdf,,DA3112672,leeg.pdf,,DA3396950,leeg.pdf,,DA3185497,leeg.pdf,,DA3496863,leeg.pdf,
DA3218527,leeg.pdf,,DA3174140,leeg.pdf,,DA3248625,leeg.pdf,,DA3931753,leeg.pdf,,DA3918668,leeg.pdf,,DA3309952,leeg.pdf,,DA3160830,leeg.pdf,,DA3491084,leeg.pdf,,DA3533684,leeg.pdf,,DA3131081,leeg.pdf,,DA3596625,leeg.pdf,,DA3332937,leeg.pdf,,DA3230825,leeg.pdf,,DA3094009,leeg.pdf,,DA3357678,leeg.pdf,
DA3138109,leeg.pdf,,DA3309338,leeg.pdf,,DA3802655,leeg.pdf,,DA3405937,leeg.pdf,,DA3222920,leeg.pdf,,DA3144280,leeg.pdf,,DA3164963,leeg.pdf,,DA3356810,leeg.pdf,,DA3257403,leeg.pdf,,DA3643129,leeg.pdf,,DA3515723,leeg.pdf,,DA3907148,leeg.pdf,,DA3139980,leeg.pdf,,DA3315757,leeg.pdf,,DA3228295,leeg.pdf,
DA3983522,leeg.pdf,,DA3288674,leeg.pdf,,DA3510048,leeg.pdf,,DA3124683,leeg.pdf,,DA3924656,leeg.pdf,,DA3549896,leeg.pdf,,DA3212825,leeg.pdf,,DA3114852,leeg.pdf,,DA3762550,leeg.pdf,,DA3482502,leeg.pdf,,DA3277353,leeg.pdf,,DA3959472,leeg.pdf,,DA3322870,leeg.pdf,,DA3741133,leeg.pdf,,DA3954238,leeg.pdf,
DA3433869,leeg.pdf,,DA3050220,leeg.pdf,,DA3826250,leeg.pdf,,DA3148394,leeg.pdf,,DA3429667,leeg.pdf,,DA3193535,leeg.pdf,,DA3131722,leeg.pdf,,DA3819045,leeg.pdf,,DA3891476,leeg.pdf,,DA3852243,leeg.pdf,,DA3177894,leeg.pdf,,DA3748071,leeg.pdf,,DA3691323,leeg.pdf,,DA3634374,leeg.pdf,,DA3064925,leeg.pdf,
DA3750212,leeg.pdf,,DA3708155,leeg.pdf,,DA3898488,leeg.pdf,,DA3115500,leeg.pdf,,DA3384387,leeg.pdf,,DA3198100,leeg.pdf,,DA3325568,leeg.pdf,,DA3734724,leeg.pdf,,DA3784421,leeg.pdf,,DA3729918,leeg.pdf,,DA3159901,leeg.pdf,,DA3191079,leeg.pdf,,DA3170655,leeg.pdf,,DA3302592,leeg.pdf,,DA3139370,leeg.pdf,
DA3770749,leeg.pdf,,DA3917445,leeg.pdf,,DA3538305,leeg.pdf,,DA3098724,leeg.pdf,,DA3702560,leeg.pdf,,DA3343200,leeg.pdf,,DA3082020,leeg.pdf,,DA3136337,leeg.pdf,,DA3523351,leeg.pdf,,DA3100906,leeg.pdf,,DA3699676,leeg.pdf,,DA3389074,leeg.pdf,,DA3192991,leeg.pdf,,DA3203101,leeg.pdf,,DA3468115,leeg.pdf,
DA3344499,leeg.pdf,,DA3546402,leeg.pdf,,DA3226942,leeg.pdf,,DA3483235,leeg.pdf,,DA3769676,leeg.pdf,,DA3620113,leeg.pdf,,DA3617753,leeg.pdf,,DA3600749,leeg.pdf,,DA3677223,leeg.pdf,,DA3290100,leeg.pdf,,DA3574238,leeg.pdf,,DA3381333,leeg.pdf,,DA3540241,leeg.pdf,,DA3426219,leeg.pdf,,DA3296791,leeg.pdf,
DA3848060,leeg.pdf,,DA3431251,leeg.pdf,,DA3745465,leeg.pdf,,DA3184910,leeg.pdf,,DA3781410,leeg.pdf,,DA3773613,leeg.pdf,,DA3197732,leeg.pdf,,DA3328995,leeg.pdf,,DA3196451,leeg.pdf,,DA3395273,leeg.pdf,,DA3134845,leeg.pdf,,DA3301536,leeg.pdf,,DA3871430,leeg.pdf,,DA3687419,leeg.pdf,,DA3173823,leeg.pdf,
DA3724563,leeg.pdf,,DA3931505,leeg.pdf,,DA3531929,leeg.pdf,,DA3255763,leeg.pdf,,DA3765178,leeg.pdf,,DA3262628,leeg.pdf,,DA3095076,leeg.pdf,,DA3055805,leeg.pdf,,DA3506135,leeg.pdf,,DA3467650,leeg.pdf,,DA3075811,leeg.pdf,,DA3911045,leeg.pdf,,DA3965929,leeg.pdf,,DA3559296,leeg.pdf,,DA3781749,leeg.pdf,
DA3037648,leeg.pdf,,DA3104647,leeg.pdf,,DA3937251,leeg.pdf,,DA3118137,leeg.pdf,,DA3457929,leeg.pdf,,DA3133792,leeg.pdf,,DA3126651,leeg.pdf,,DA3492880,leeg.pdf,,DA3123578,leeg.pdf,,DA3218360,leeg.pdf,,DA3098707,leeg.pdf,,DA3816514,leeg.pdf,,DA3389068,leeg.pdf,,DA3094302,leeg.pdf,,DA3361100,leeg.pdf,
DA3705063,leeg.pdf,,DA3164367,leeg.pdf,,DA3584887,leeg.pdf,,DA3621526,leeg.pdf,,DA3738644,leeg.pdf,,DA3187969,leeg.pdf,,DA3244431,leeg.pdf,,DA3580528,leeg.pdf,,DA3070986,leeg.pdf,,DA3323188,leeg.pdf,,DA3128819,leeg.pdf,,DA3094387,leeg.pdf,,DA3418117,leeg.pdf,,DA3469117,leeg.pdf,,DA3205401,leeg.pdf,
DA3317253,leeg.pdf,,DA3347661,leeg.pdf,,DA3667450,leeg.pdf,,DA3074261,leeg.pdf,,DA3156374,leeg.pdf,,DA3761008,leeg.pdf,,DA3062359,leeg.pdf,,DA3153155,leeg.pdf,,DA3924240,leeg.pdf,,DA3161449,leeg.pdf,,DA3997877,leeg.pdf,,DA3619179,leeg.pdf,,DA3818668,leeg.pdf,,DA3053572,leeg.pdf,,DA3503677,leeg.pdf,
DA3112108,leeg.pdf,,DA3199473,leeg.pdf,,DA3689031,leeg.pdf,,DA3202417,leeg.pdf,,DA3566097,leeg.pdf,,DA3760327,leeg.pdf,,DA3938077,leeg.pdf,,DA3255137,leeg.pdf,,DA3042122,leeg.pdf,,DA3358725,leeg.pdf,,DA3720256,leeg.pdf,,DA3138159,leeg.pdf,,DA3867872,leeg.pdf,,DA3110908,leeg.pdf,,DA3693962,leeg.pdf,
DA3770274,leeg.pdf,,DA3200801,leeg.pdf,,DA3260539,leeg.pdf,,DA3616258,leeg.pdf,,DA3048812,leeg.pdf,,DA3083572,leeg.pdf,,DA3715607,leeg.pdf,,DA3964891,leeg.pdf,,DA3831112,leeg.pdf,,DA3999550,leeg.pdf,,DA3452976,leeg.pdf,,DA3368161,leeg.pdf,,DA3639746,leeg.pdf,,DA3766105,leeg.pdf,,DA3615082,leeg.pdf,
DA3558738,leeg.pdf,,DA3125538,leeg.pdf,,DA3266302,leeg.pdf,,DA3119367,leeg.pdf,,DA3691352,leeg.pdf,,DA3247108,leeg.pdf,,DA3670143,leeg.pdf,,DA3301439,leeg.pdf,,DA3508874,leeg.pdf,,DA3526682,leeg.pdf,,DA3266769,leeg.pdf,,DA3112365,leeg.pdf,,DA3385614,leeg.pdf,,DA3408000,leeg.pdf,,DA3213773,leeg.pdf,
DA3457456,leeg.pdf,,DA3222565,leeg.pdf,,DA3339419,leeg.pdf,,DA3351860,leeg.pdf,,DA3313862,leeg.pdf,,DA3166567,leeg.pdf,,DA3240417,leeg.pdf,,DA3506602,leeg.pdf,,DA3564638,leeg.pdf,,DA3326332,leeg.pdf,,DA3449535,leeg.pdf,,DA3637299,leeg.pdf,,DA3985226,leeg.pdf,,DA3164387,leeg.pdf,,DA3661489,leeg.pdf,
DA3190062,leeg.pdf,,DA3489449,leeg.pdf,,DA3127348,leeg.pdf,,DA3603506,leeg.pdf,,DA3530032,leeg.pdf,,DA3595141,leeg.pdf,,DA3301203,leeg.pdf,,DA3577691,leeg.pdf,,DA3274758,leeg.pdf,,DA3040064,leeg.pdf,,DA3727361,leeg.pdf,,DA3131693,leeg.pdf,,DA3983568,leeg.pdf,,DA3321713,leeg.pdf,,DA3276371,leeg.pdf,
DA3286303,leeg.pdf,,DA3042420,leeg.pdf,,DA3852260,leeg.pdf,,DA3297492,leeg.pdf,,DA3200301,leeg.pdf,,DA3703725,leeg.pdf,,DA3331447,leeg.pdf,,DA3509139,leeg.pdf,,DA3652617,leeg.pdf,,DA3308725,leeg.pdf,,DA3198402,leeg.pdf,,DA3673191,leeg.pdf,,DA3093791,leeg.pdf,,DA3551647,leeg.pdf,,DA3363993,leeg.pdf,
DA3769082,leeg.pdf,,DA3572185,leeg.pdf,,DA3330003,leeg.pdf,,DA3331788,leeg.pdf,,DA3701465,leeg.pdf,,DA3341329,leeg.pdf,,DA3516805,leeg.pdf,,DA3106513,leeg.pdf,,DA3168149,leeg.pdf,,DA3493580,leeg.pdf,,DA3161751,leeg.pdf,,DA3452900,leeg.pdf,,DA3860270,leeg.pdf,,DA3463825,leeg.pdf,,DA3294779,leeg.pdf,
DA3061573,leeg.pdf,,DA3713397,leeg.pdf,,DA3802787,leeg.pdf,,DA3419927,leeg.pdf,,DA3434518,leeg.pdf,,DA3605403,leeg.pdf,,DA3047752,leeg.pdf,,DA3254103,leeg.pdf,,DA3825410,leeg.pdf,,DA3468347,leeg.pdf,,DA3234229,leeg.pdf,,DA3727528,leeg.pdf,,DA3344602,leeg.pdf,,DA3598927,leeg.pdf,,DA3963725,leeg.pdf,
DA3224943,leeg.pdf,,DA3960566,leeg.pdf,,DA3212510,leeg.pdf,,DA3210134,leeg.pdf,,DA3889022,leeg.pdf,,DA3914306,leeg.pdf,,DA3545647,leeg.pdf,,DA3411342,leeg.pdf,,DA3498885,leeg.pdf,,DA3540233,leeg.pdf,,DA3595703,leeg.pdf,,DA3926465,leeg.pdf,,DA3785419,leeg.pdf,,DA3905357,leeg.pdf,,DA3303983,leeg.pdf,
DA3552739,leeg.pdf,,DA3850615,leeg.pdf,,DA3028637,leeg.pdf,,DA3377342,leeg.pdf,,DA3790200,leeg.pdf,,DA3657216,leeg.pdf,,DA3967054,leeg.pdf,,DA3272483,leeg.pdf,,DA3565382,leeg.pdf,,DA3460478,leeg.pdf,,DA3668764,leeg.pdf,,DA3656734,leeg.pdf,,DA3649527,leeg.pdf,,DA3129582,leeg.pdf,,DA3703237,leeg.pdf,
DA3618985,leeg.pdf,,DA3775340,leeg.pdf,,DA3960581,leeg.pdf,,DA3380190,leeg.pdf,,DA3429074,leeg.pdf,,DA3585561,leeg.pdf,,DA3066782,leeg.pdf,,DA3626914,leeg.pdf,,DA3593993,leeg.pdf,,DA3262568,leeg.pdf,,DA3710454,leeg.pdf,,DA3307400,leeg.pdf,,DA3239873,leeg.pdf,,DA3829360,leeg.pdf,,DA3315688,leeg.pdf,
DA3690370,leeg.pdf,,DA3471691,leeg.pdf,,DA3907862,leeg.pdf,,DA3595528,leeg.pdf,,DA3974480,leeg.pdf,,DA3445695,leeg.pdf,,DA3489024,leeg.pdf,,DA3883393,leeg.pdf,,DA3185979,leeg.pdf,,DA3994358,leeg.pdf,,DA3295999,leeg.pdf,,DA3087268,leeg.pdf,,DA3564385,leeg.pdf,,DA3633631,leeg.pdf,,DA3348198,leeg.pdf,
DA3274944,leeg.pdf,,DA3648775,leeg.pdf,,DA3885695,leeg.pdf,,DA3223906,leeg.pdf,,DA3549159,leeg.pdf,,DA3132419,leeg.pdf,,DA3426609,leeg.pdf,,DA3231302,leeg.pdf,,DA3297154,leeg.pdf,,DA3158561,leeg.pdf,,DA3591183,leeg.pdf,,DA3803237,leeg.pdf,,DA3554323,leeg.pdf,,DA3733833,leeg.pdf,,DA3184380,leeg.pdf,
DA3744325,leeg.pdf,,DA3330562,leeg.pdf,,DA3988840,leeg.pdf,,DA3289070,leeg.pdf,,DA3475371,leeg.pdf,,DA3345897,leeg.pdf,,DA3277731,leeg.pdf,,DA3699175,leeg.pdf,,DA3300997,leeg.pdf,,DA3535616,leeg.pdf,,DA3275631,leeg.pdf,,DA3066042,leeg.pdf,,DA3824840,leeg.pdf,,DA3498622,leeg.pdf,,DA3328127,leeg.pdf,
DA3087264,leeg.pdf,,DA3519058,leeg.pdf,,DA3446916,leeg.pdf,,DA3239392,leeg.pdf,,DA3310230,leeg.pdf,,DA3957081,leeg.pdf,,DA3814779,leeg.pdf,,DA3633813,leeg.pdf,,DA3087904,leeg.pdf,,DA3538474,leeg.pdf,,DA3203049,leeg.pdf,,DA3148362,leeg.pdf,,DA3653861,leeg.pdf,,DA3392737,leeg.pdf,,DA3981372,leeg.pdf,
DA3306068,leeg.pdf,,DA3415200,leeg.pdf,,DA3899519,leeg.pdf,,DA3120311,leeg.pdf,,DA3268588,leeg.pdf,,DA3560158,leeg.pdf,,DA3459923,leeg.pdf,,DA3094781,leeg.pdf,,DA3580743,leeg.pdf,,DA3415264,leeg.pdf,,DA3060951,leeg.pdf,,DA3464112,leeg.pdf,,DA3842139,leeg.pdf,,DA3675220,leeg.pdf,,DA3140094,leeg.pdf,
DA3527184,leeg.pdf,,DA3848432,leeg.pdf,,DA3142856,leeg.pdf,,DA3914034,leeg.pdf,,DA3993309,leeg.pdf,,DA3228866,leeg.pdf,,DA3934593,leeg.pdf,,DA3603129,leeg.pdf,,DA3674028,leeg.pdf,,DA3136227,leeg.pdf,,DA3812046,leeg.pdf,,DA3274706,leeg.pdf,,DA3218392,leeg.pdf,,DA3770903,leeg.pdf,,DA3806992,leeg.pdf,
DA3218813,leeg.pdf,,DA3549189,leeg.pdf,,DA3560252,leeg.pdf,,DA3576716,leeg.pdf,,DA3414210,leeg.pdf,,DA3735602,leeg.pdf,,DA3117701,leeg.pdf,,DA3935361,leeg.pdf,,DA3751699,leeg.pdf,,DA3679347,leeg.pdf,,DA3195559,leeg.pdf,,DA3378715,leeg.pdf,,DA3576743,leeg.pdf,,DA3603167,leeg.pdf,,DA3349398,leeg.pdf,
DA3086493,leeg.pdf,,DA3972771,leeg.pdf,,DA3820726,leeg.pdf,,DA3295310,leeg.pdf,,DA3385263,leeg.pdf,,DA3725087,leeg.pdf,,DA3425133,leeg.pdf,,DA3332455,leeg.pdf,,DA3599956,leeg.pdf,,DA3146914,leeg.pdf,,DA3623877,leeg.pdf,,DA3413294,leeg.pdf,,DA3480337,leeg.pdf,,DA3369817,leeg.pdf,,DA3684076,leeg.pdf,
DA3162105,leeg.pdf,,DA3143576,leeg.pdf,,DA3291465,leeg.pdf,,DA3373434,leeg.pdf,,DA3269597,leeg.pdf,,DA3466756,leeg.pdf,,DA3231097,leeg.pdf,,DA3589244,leeg.pdf,,DA3298955,leeg.pdf,,DA3209108,leeg.pdf,,DA3438128,leeg.pdf,,DA3643312,leeg.pdf,,DA3133300,leeg.pdf,,DA3684427,leeg.pdf,,DA3385826,leeg.pdf,
DA3283273,leeg.pdf,,DA3387610,leeg.pdf,,DA3194873,leeg.pdf,,DA3384321,leeg.pdf,,DA3838347,leeg.pdf,,DA3623306,leeg.pdf,,DA3234132,leeg.pdf,,DA3133245,leeg.pdf,,DA3062746,leeg.pdf,,DA3559129,leeg.pdf,,DA3405015,leeg.pdf,,DA3158424,leeg.pdf,,DA3255842,leeg.pdf,,DA3421185,leeg.pdf,,DA3975123,leeg.pdf,
DA3838309,leeg.pdf,,DA3992331,leeg.pdf,,DA3576964,leeg.pdf,,DA3113415,leeg.pdf,,DA3590051,leeg.pdf,,DA3769787,leeg.pdf,,DA3066356,leeg.pdf,,DA3118821,leeg.pdf,,DA3069885,leeg.pdf,,DA3545413,leeg.pdf,,DA3250754,leeg.pdf,,DA3159411,leeg.pdf,,DA3497249,leeg.pdf,,DA3541404,leeg.pdf,,DA3665312,leeg.pdf,
DA3484325,leeg.pdf,,DA3461952,leeg.pdf,,DA3937774,leeg.pdf,,DA3553209,leeg.pdf,,DA3612281,leeg.pdf,,DA3707135,leeg.pdf,,DA3065452,leeg.pdf,,DA3208771,leeg.pdf,,DA3819092,leeg.pdf,,DA3202485,leeg.pdf,,DA3979021,leeg.pdf,,DA3115197,leeg.pdf,,DA3461021,leeg.pdf,,DA3877656,leeg.pdf,,DA3561055,leeg.pdf,
DA3392591,leeg.pdf,,DA3263378,leeg.pdf,,DA3047661,leeg.pdf,,DA3477526,leeg.pdf,,DA3160641,leeg.pdf,,DA3336231,leeg.pdf,,DA3344785,leeg.pdf,,DA3226761,leeg.pdf,,DA3223039,leeg.pdf,,DA3131065,leeg.pdf,,DA3531421,leeg.pdf,,DA3314783,leeg.pdf,,DA3956912,leeg.pdf,,DA3233159,leeg.pdf,,DA3875142,leeg.pdf,
DA3862141,leeg.pdf,,DA3125620,leeg.pdf,,DA3794118,leeg.pdf,,DA3087433,leeg.pdf,,DA3633473,leeg.pdf,,DA3981751,leeg.pdf,,DA3748759,leeg.pdf,,DA3141050,leeg.pdf,,DA3983513,leeg.pdf,,DA3241658,leeg.pdf,,DA3590402,leeg.pdf,,DA3068567,leeg.pdf,,DA3892688,leeg.pdf,,DA3153839,leeg.pdf,,DA3346962,leeg.pdf,
DA3763800,leeg.pdf,,DA3696642,leeg.pdf,,DA3387707,leeg.pdf,,DA3491845,leeg.pdf,,DA3584864,leeg.pdf,,DA3078979,leeg.pdf,,DA3055103,leeg.pdf,,DA3278274,leeg.pdf,,DA3763440,leeg.pdf,,DA3260816,leeg.pdf,,DA3469905,leeg.pdf,,DA3567493,leeg.pdf,,DA3090242,leeg.pdf,,DA3852679,leeg.pdf,,DA3715593,leeg.pdf,
DA3381328,leeg.pdf,,DA3114850,leeg.pdf,,DA3039765,leeg.pdf,,DA3516680,leeg.pdf,,DA3750579,leeg.pdf,,DA3524367,leeg.pdf,,DA3175407,leeg.pdf,,DA3632617,leeg.pdf,,DA3146075,leeg.pdf,,DA3548260,leeg.pdf,,DA3213026,leeg.pdf,,DA3420902,leeg.pdf,,DA3056737,leeg.pdf,,DA3294411,leeg.pdf,,DA3201474,leeg.pdf,
DA3314627,leeg.pdf,,DA3854314,leeg.pdf,,DA3588631,leeg.pdf,,DA3073393,leeg.pdf,,DA3249971,leeg.pdf,,DA3158158,leeg.pdf,,DA3606072,leeg.pdf,,DA3150345,leeg.pdf,,DA3275682,leeg.pdf,,DA3887023,leeg.pdf,,DA3420262,leeg.pdf,,DA3116821,leeg.pdf,,DA3256831,leeg.pdf,,DA3303754,leeg.pdf,,DA3845224,leeg.pdf,
DA3079868,leeg.pdf,,DA3716868,leeg.pdf,,DA3319334,leeg.pdf,,DA3757764,leeg.pdf,,DA3832110,leeg.pdf,,DA3697940,leeg.pdf,,DA3862058,leeg.pdf,,DA3182086,leeg.pdf,,DA3712967,leeg.pdf,,DA3187098,leeg.pdf,,DA3890561,leeg.pdf,,DA3080166,leeg.pdf,,DA3259025,leeg.pdf,,DA3321923,leeg.pdf,,DA3211913,leeg.pdf,
DA3890779,leeg.pdf,,DA3128000,leeg.pdf,,DA3056929,leeg.pdf,,DA3784971,leeg.pdf,,DA3614635,leeg.pdf,,DA3196150,leeg.pdf,,DA3484978,leeg.pdf,,DA3218573,leeg.pdf,,DA3754056,leeg.pdf,,DA3370054,leeg.pdf,,DA3748310,leeg.pdf,,DA3873128,leeg.pdf,,DA3140112,leeg.pdf,,DA3061912,leeg.pdf,,DA3522719,leeg.pdf,
DA3540522,leeg.pdf,,DA3895701,leeg.pdf,,DA3328315,leeg.pdf,,DA3384668,leeg.pdf,,DA3087817,leeg.pdf,,DA3210689,leeg.pdf,,DA3706092,leeg.pdf,,DA3158964,leeg.pdf,,DA3351980,leeg.pdf,,DA3228033,leeg.pdf,,DA3667710,leeg.pdf,,DA3823854,leeg.pdf,,DA3075248,leeg.pdf,,DA3953447,leeg.pdf,,DA3408633,leeg.pdf,
DA3824296,leeg.pdf,,DA3070790,leeg.pdf,,DA3620700,leeg.pdf,,DA3771806,leeg.pdf,,DA3918209,leeg.pdf,,DA3487147,leeg.pdf,,DA3376956,leeg.pdf,,DA3997406,leeg.pdf,,DA3638488,leeg.pdf,,DA3639287,leeg.pdf,,DA3905816,leeg.pdf,,DA3890426,leeg.pdf,,DA3583484,leeg.pdf,,DA3631721,leeg.pdf,,DA3802136,leeg.pdf,
DA3224331,leeg.pdf,,DA3764970,leeg.pdf,,DA3449699,leeg.pdf,,DA3866315,leeg.pdf,,DA3433613,leeg.pdf,,DA3317392,leeg.pdf,,DA3790156,leeg.pdf,,DA3768416,leeg.pdf,,DA3574865,leeg.pdf,,DA3812109,leeg.pdf,,DA3198262,leeg.pdf,,DA3538403,leeg.pdf,,DA3678442,leeg.pdf,,DA3209755,leeg.pdf,,DA3193482,leeg.pdf,
DA3831038,leeg.pdf,,DA3354077,leeg.pdf,,DA3271592,leeg.pdf,,DA3217591,leeg.pdf,,DA3540360,leeg.pdf,,DA3083500,leeg.pdf,,DA3108644,leeg.pdf,,DA3922399,leeg.pdf,,DA3051908,leeg.pdf,,DA3279308,leeg.pdf,,DA3282170,leeg.pdf,,DA3318915,leeg.pdf,,DA3972742,leeg.pdf,,DA3667220,leeg.pdf,,DA3777264,leeg.pdf,
DA3145835,leeg.pdf,,DA3305690,leeg.pdf,,DA3177797,leeg.pdf,,DA3294540,leeg.pdf,,DA3847281,leeg.pdf,,DA3999695,leeg.pdf,,DA3680271,leeg.pdf,,DA3336250,leeg.pdf,,DA3900836,leeg.pdf,,DA3754514,leeg.pdf,,DA3195875,leeg.pdf,,DA3249797,leeg.pdf,,DA3755087,leeg.pdf,,DA3259197,leeg.pdf,,DA3038985,leeg.pdf,
DA3757946,leeg.pdf,,DA3488131,leeg.pdf,,DA3221740,leeg.pdf,,DA3639877,leeg.pdf,,DA3741716,leeg.pdf,,DA3142359,leeg.pdf,,DA3424330,leeg.pdf,,DA3053475,leeg.pdf,,DA3109036,leeg.pdf,,DA3039667,leeg.pdf,,DA3087529,leeg.pdf,,DA3263829,leeg.pdf,,DA3085104,leeg.pdf,,DA3368305,leeg.pdf,,DA3079257,leeg.pdf,
DA3079618,leeg.pdf,,DA3475704,leeg.pdf,,DA3520507,leeg.pdf,,DA3331433,leeg.pdf,,DA3852658,leeg.pdf,,DA3791033,leeg.pdf,,DA3283424,leeg.pdf,,DA3719985,leeg.pdf,,DA3507865,leeg.pdf,,DA3344321,leeg.pdf,,DA3955641,leeg.pdf,,DA3417822,leeg.pdf,,DA3837577,leeg.pdf,,DA3403137,leeg.pdf,,DA3498041,leeg.pdf,
DA3310303,leeg.pdf,,DA3543079,leeg.pdf,,DA3630916,leeg.pdf,,DA3716060,leeg.pdf,,DA3086174,leeg.pdf,,DA3304677,leeg.pdf,,DA3695579,leeg.pdf,,DA3295600,leeg.pdf,,DA3969114,leeg.pdf,,DA3459221,leeg.pdf,,DA3056844,leeg.pdf,,DA3245350,leeg.pdf,,DA3809968,leeg.pdf,,DA3578416,leeg.pdf,,DA3241569,leeg.pdf,
DA3125010,leeg.pdf,,DA3734960,leeg.pdf,,DA3624265,leeg.pdf,,DA3378082,leeg.pdf,,DA3658960,leeg.pdf,,DA3416492,leeg.pdf,,DA3894714,leeg.pdf,,DA3218746,leeg.pdf,,DA3447515,leeg.pdf,,DA3250084,leeg.pdf,,DA3071569,leeg.pdf,,DA3056131,leeg.pdf,,DA3127733,leeg.pdf,,DA3072125,leeg.pdf,,DA3982712,leeg.pdf,
DA3878238,leeg.pdf,,DA3062104,leeg.pdf,,DA3210009,leeg.pdf,,DA3134111,leeg.pdf,,DA3182935,leeg.pdf,,DA3295102,leeg.pdf,,DA3863277,leeg.pdf,,DA3236166,leeg.pdf,,DA3459907,leeg.pdf,,DA3065695,leeg.pdf,,DA3964981,leeg.pdf,,DA3943603,leeg.pdf,,DA3409937,leeg.pdf,,DA3468111,leeg.pdf,,DA3322251,leeg.pdf,
DA3738497,leeg.pdf,,DA3777449,leeg.pdf,,DA3372908,leeg.pdf,,DA3826015,leeg.pdf,,DA3164465,leeg.pdf,,DA3468983,leeg.pdf,,DA3806281,leeg.pdf,,DA3274975,leeg.pdf,,DA3721430,leeg.pdf,,DA3280328,leeg.pdf,,DA3688363,leeg.pdf,,DA3459860,leeg.pdf,,DA3646279,leeg.pdf,,DA3775994,leeg.pdf,,DA3466759,leeg.pdf,
DA3209110,leeg.pdf,,DA3050211,leeg.pdf,,DA3921197,leeg.pdf,,DA3840667,leeg.pdf,,DA3825347,leeg.pdf,,DA3153695,leeg.pdf,,DA3165648,leeg.pdf,,DA3263014,leeg.pdf,,DA3274161,leeg.pdf,,DA3108625,leeg.pdf,,DA3065686,leeg.pdf,,DA3580461,leeg.pdf,,DA3256593,leeg.pdf,,DA3093042,leeg.pdf,,DA3897466,leeg.pdf,
DA3908799,leeg.pdf,,DA3877062,leeg.pdf,,DA3090785,leeg.pdf,,DA3466668,leeg.pdf,,DA3895072,leeg.pdf,,DA3291789,leeg.pdf,,DA3524603,leeg.pdf,,DA3425796,leeg.pdf,,DA3164830,leeg.pdf,,DA3235957,leeg.pdf,,DA3217803,leeg.pdf,,DA3228772,leeg.pdf,,DA3531189,leeg.pdf,,DA3413466,leeg.pdf,,DA3227328,leeg.pdf,
DA3482691,leeg.pdf,,DA3482830,leeg.pdf,,DA3430147,leeg.pdf,,DA3066327,leeg.pdf,,DA3082342,leeg.pdf,,DA3631052,leeg.pdf,,DA3630026,leeg.pdf,,DA3237824,leeg.pdf,,DA3381426,leeg.pdf,,DA3117429,leeg.pdf,,DA3192091,leeg.pdf,,DA3240464,leeg.pdf,,DA3674440,leeg.pdf,,DA3122603,leeg.pdf,,DA3667999,leeg.pdf,
DA3868872,leeg.pdf,,DA3525981,leeg.pdf,,DA3392913,leeg.pdf,,DA3121987,leeg.pdf,,DA3046441,leeg.pdf,,DA3142389,leeg.pdf,,DA3338598,leeg.pdf,,DA3483051,leeg.pdf,,DA3408231,leeg.pdf,,DA3806120,leeg.pdf,,DA3499964,leeg.pdf,,DA3685126,leeg.pdf,,DA3464093,leeg.pdf,,DA3049845,leeg.pdf,,DA3226781,leeg.pdf,
DA3475652,leeg.pdf,,DA3342904,leeg.pdf,,DA3135073,leeg.pdf,,DA3137679,leeg.pdf,,DA3097949,leeg.pdf,,DA3821784,leeg.pdf,,DA3568857,leeg.pdf,,DA3402179,leeg.pdf,,DA3719639,leeg.pdf,,DA3779619,leeg.pdf,,DA3479352,leeg.pdf,,DA3466702,leeg.pdf,,DA3180646,leeg.pdf,,DA3641132,leeg.pdf,,DA3246084,leeg.pdf,
DA3088629,leeg.pdf,,DA3744247,leeg.pdf,,DA3586217,leeg.pdf,,DA3539477,leeg.pdf,,DA3771590,leeg.pdf,,DA3799337,leeg.pdf,,DA3282716,leeg.pdf,,DA3325205,leeg.pdf,,DA3138858,leeg.pdf,,DA3978070,leeg.pdf,,DA3274873,leeg.pdf,,DA3168375,leeg.pdf,,DA3328187,leeg.pdf,,DA3262842,leeg.pdf,,DA3037548,leeg.pdf,
DA3055510,leeg.pdf,,DA3855289,leeg.pdf,,DA3068294,leeg.pdf,,DA3604378,leeg.pdf,,DA3252213,leeg.pdf,,DA3923636,leeg.pdf,,DA3577079,leeg.pdf,,DA3776111,leeg.pdf,,DA3368454,leeg.pdf,,DA3214679,leeg.pdf,,DA3434081,leeg.pdf,,DA3109244,leeg.pdf,,DA3434761,leeg.pdf,,DA3423075,leeg.pdf,,DA3360348,leeg.pdf,
DA3500155,leeg.pdf,,DA3056002,leeg.pdf,,DA3334565,leeg.pdf,,DA3602323,leeg.pdf,,DA3846477,leeg.pdf,,DA3656761,leeg.pdf,,DA3971814,leeg.pdf,,DA3882026,leeg.pdf,,DA3112901,leeg.pdf,,DA3962622,leeg.pdf,,DA3453338,leeg.pdf,,DA3166867,leeg.pdf,,DA3671865,leeg.pdf,,DA3294149,leeg.pdf,,DA3241205,leeg.pdf,
DA3528675,leeg.pdf,,DA3200184,leeg.pdf,,DA3276454,leeg.pdf,,DA3766846,leeg.pdf,,DA3639174,leeg.pdf,,DA3287326,leeg.pdf,,DA3251139,leeg.pdf,,DA3340532,leeg.pdf,,DA3423741,leeg.pdf,,DA3367134,leeg.pdf,,DA3363711,leeg.pdf,,DA3109373,leeg.pdf,,DA3568300,leeg.pdf,,DA3482945,leeg.pdf,,DA3240301,leeg.pdf,
DA3882342,leeg.pdf,,DA3094738,leeg.pdf,,DA3224491,leeg.pdf,,DA3689385,leeg.pdf,,DA3035612,leeg.pdf,,DA3537719,leeg.pdf,,DA3898082,leeg.pdf,,DA3903336,leeg.pdf,,DA3789398,leeg.pdf,,DA3514922,leeg.pdf,,DA3081190,leeg.pdf,,DA3809597,leeg.pdf,,DA3784845,leeg.pdf,,DA3426820,leeg.pdf,,DA3569905,leeg.pdf,
DA3176156,leeg.pdf,,DA3129970,leeg.pdf,,DA3871692,leeg.pdf,,DA3116372,leeg.pdf,,DA3135017,leeg.pdf,,DA3219689,leeg.pdf,,DA3188768,leeg.pdf,,DA3985392,leeg.pdf,,DA3311347,leeg.pdf,,DA3195760,leeg.pdf,,DA3629375,leeg.pdf,,DA3811872,leeg.pdf,,DA3736716,leeg.pdf,,DA3546773,leeg.pdf,,DA3902931,leeg.pdf,
DA3291539,leeg.pdf,,DA3725875,leeg.pdf,,DA3269294,leeg.pdf,,DA3745785,leeg.pdf,,DA3261985,leeg.pdf,,DA3564573,leeg.pdf,,DA3528995,leeg.pdf,,DA3470705,leeg.pdf,,DA3690964,leeg.pdf,,DA3159797,leeg.pdf,,DA3281889,leeg.pdf,,DA3698326,leeg.pdf,,DA3130732,leeg.pdf,,DA3697888,leeg.pdf,,DA3066134,leeg.pdf,
DA3910895,leeg.pdf,,DA3899477,leeg.pdf,,DA3922828,leeg.pdf,,DA3397260,leeg.pdf,,DA3644920,leeg.pdf,,DA3351072,leeg.pdf,,DA3239966,leeg.pdf,,DA3394532,leeg.pdf,,DA3586828,leeg.pdf,,DA3044810,leeg.pdf,,DA3066499,leeg.pdf,,DA3606532,leeg.pdf,,DA3236405,leeg.pdf,,DA3515562,leeg.pdf,,DA3518099,leeg.pdf,
DA3109329,leeg.pdf,,DA3144571,leeg.pdf,,DA3520222,leeg.pdf,,DA3865857,leeg.pdf,,DA3370081,leeg.pdf,,DA3743683,leeg.pdf,,DA3210568,leeg.pdf,,DA3677866,leeg.pdf,,DA3240732,leeg.pdf,,DA3775850,leeg.pdf,,DA3119499,leeg.pdf,,DA3827034,leeg.pdf,,DA3822506,leeg.pdf,,DA3075062,leeg.pdf,,DA3127279,leeg.pdf,
DA3760322,leeg.pdf,,DA3999374,leeg.pdf,,DA3286424,leeg.pdf,,DA3664065,leeg.pdf,,DA3162499,leeg.pdf,,DA3760374,leeg.pdf,,DA3649272,leeg.pdf,,DA3287334,leeg.pdf,,DA3119912,leeg.pdf,,DA3120181,leeg.pdf,,DA3826937,leeg.pdf,,DA3973037,leeg.pdf,,DA3440402,leeg.pdf,,DA3550036,leeg.pdf,,DA3927390,leeg.pdf,
DA3813194,leeg.pdf,,DA3587483,leeg.pdf,,DA3232738,leeg.pdf,,DA3540887,leeg.pdf,,DA3399077,leeg.pdf,,DA3990764,leeg.pdf,,DA3474666,leeg.pdf,,DA3941776,leeg.pdf,,DA3640681,leeg.pdf,,DA3789988,leeg.pdf,,DA3138242,leeg.pdf,,DA3577553,leeg.pdf,,DA3648586,leeg.pdf,,DA3268337,leeg.pdf,,DA3139746,leeg.pdf,
DA3422887,leeg.pdf,,DA3116885,leeg.pdf,,DA3923280,leeg.pdf,,DA3700032,leeg.pdf,,DA3645398,leeg.pdf,,DA3432384,leeg.pdf,,DA3210443,leeg.pdf,,DA3133422,leeg.pdf,,DA3896344,leeg.pdf,,DA3841525,leeg.pdf,,DA3876585,leeg.pdf,,DA3804252,leeg.pdf,,DA3759331,leeg.pdf,,DA3664272,leeg.pdf,,DA3725575,leeg.pdf,
DA3413432,leeg.pdf,,DA3933353,leeg.pdf,,DA3751848,leeg.pdf,,DA3969512,leeg.pdf,,DA3532636,leeg.pdf,,DA3787544,leeg.pdf,,DA3177903,leeg.pdf,,DA3056615,leeg.pdf,,DA3692233,leeg.pdf,,DA3907464,leeg.pdf,,DA3749998,leeg.pdf,,DA3584701,leeg.pdf,,DA3761617,leeg.pdf,,DA3045114,leeg.pdf,,DA3156129,leeg.pdf,
DA3905826,leeg.pdf,,DA3260505,leeg.pdf,,DA3390341,leeg.pdf,,DA3458998,leeg.pdf,,DA3523443,leeg.pdf,,DA3511295,leeg.pdf,,DA3756323,leeg.pdf,,DA3487395,leeg.pdf,,DA3388760,leeg.pdf,,DA3130535,leeg.pdf,,DA3433008,leeg.pdf,,DA3878078,leeg.pdf,,DA3269711,leeg.pdf,,DA3129747,leeg.pdf,,DA3218170,leeg.pdf,
DA3900845,leeg.pdf,,DA3180012,leeg.pdf,,DA3066453,leeg.pdf,,DA3293265,leeg.pdf,,DA3147303,leeg.pdf,,DA3189191,leeg.pdf,,DA3263521,leeg.pdf,,DA3414826,leeg.pdf,,DA3419094,leeg.pdf,,DA3399919,leeg.pdf,,DA3117555,leeg.pdf,,DA3557535,leeg.pdf,,DA3356007,leeg.pdf,,DA3677822,leeg.pdf,,DA3408684,leeg.pdf,
DA3126083,leeg.pdf,,DA3768950,leeg.pdf,,DA3991628,leeg.pdf,,DA3094003,leeg.pdf,,DA3459537,leeg.pdf,,DA3533056,leeg.pdf,,DA3060383,leeg.pdf,,DA3165199,leeg.pdf,,DA3110767,leeg.pdf,,DA3100052,leeg.pdf,,DA3473625,leeg.pdf,,DA3449773,leeg.pdf,,DA3116773,leeg.pdf,,DA3823348,leeg.pdf,,DA3149557,leeg.pdf,
DA3720365,leeg.pdf,,DA3235579,leeg.pdf,,DA3459696,leeg.pdf,,DA3455470,leeg.pdf,,DA3148953,leeg.pdf,,DA3972737,leeg.pdf,,DA3144802,leeg.pdf,,DA3787545,leeg.pdf,,DA3332976,leeg.pdf,,DA3523436,leeg.pdf,,DA3067569,leeg.pdf,,DA3507428,leeg.pdf,,DA3878852,leeg.pdf,,DA3077005,leeg.pdf,,DA3206772,leeg.pdf,
DA3245542,leeg.pdf,,DA3372678,leeg.pdf,,DA3341978,leeg.pdf,,DA3354911,leeg.pdf,,DA3132660,leeg.pdf,,DA3764024,leeg.pdf,,DA3553474,leeg.pdf,,DA3310338,leeg.pdf,,DA3544849,leeg.pdf,,DA3214760,leeg.pdf,,DA3248200,leeg.pdf,,DA3239203,leeg.pdf,,DA3669821,leeg.pdf,,DA3687603,leeg.pdf,,DA3632095,leeg.pdf,
DA3440979,leeg.pdf,,DA3168242,leeg.pdf,,DA3933153,leeg.pdf,,DA3509340,leeg.pdf,,DA3437600,leeg.pdf,,DA3925154,leeg.pdf,,DA3166511,leeg.pdf,,DA3500718,leeg.pdf,,DA3375531,leeg.pdf,,DA3130596,leeg.pdf,,DA3308797,leeg.pdf,,DA3049106,leeg.pdf,,DA3501426,leeg.pdf,,DA3124665,leeg.pdf,,DA3967828,leeg.pdf,
DA3703995,leeg.pdf,,DA3126547,leeg.pdf,,DA3930560,leeg.pdf,,DA3604076,leeg.pdf,,DA3895662,leeg.pdf,,DA3180749,leeg.pdf,,DA3181943,leeg.pdf,,DA3711706,leeg.pdf,,DA3654153,leeg.pdf,,DA3989836,leeg.pdf,,DA3819191,leeg.pdf,,DA3901824,leeg.pdf,,DA3283895,leeg.pdf,,DA3268931,leeg.pdf,,DA3522834,leeg.pdf,
DA3032706,leeg.pdf,,DA3418442,leeg.pdf,,DA3103331,leeg.pdf,,DA3951389,leeg.pdf,,DA3581802,leeg.pdf,,DA3852684,leeg.pdf,,DA3791371,leeg.pdf,,DA3702039,leeg.pdf,,DA3685052,leeg.pdf,,DA3967333,leeg.pdf,,DA3812512,leeg.pdf,,DA3967503,leeg.pdf,,DA3242896,leeg.pdf,,DA3473235,leeg.pdf,,DA3089734,leeg.pdf,
DA3281349,leeg.pdf,,DA3259375,leeg.pdf,,DA3051253,leeg.pdf,,DA3170631,leeg.pdf,,DA3276624,leeg.pdf,,DA3413335,leeg.pdf,,DA3514272,leeg.pdf,,DA3395457,leeg.pdf,,DA3930933,leeg.pdf,,DA3990239,leeg.pdf,,DA3388608,leeg.pdf,,DA3542715,leeg.pdf,,DA3165138,leeg.pdf,,DA3173566,leeg.pdf,,DA3522880,leeg.pdf,
DA3193552,leeg.pdf,,DA3072670,leeg.pdf,,DA3400078,leeg.pdf,,DA3982265,leeg.pdf,,DA3476189,leeg.pdf,,DA3790630,leeg.pdf,,DA3793568,leeg.pdf,,DA3764184,leeg.pdf,,DA3160465,leeg.pdf,,DA3800337,leeg.pdf,,DA3477418,leeg.pdf,,DA3207704,leeg.pdf,,DA3092533,leeg.pdf,,DA3394595,leeg.pdf,,DA3200418,leeg.pdf,
DA3553530,leeg.pdf,,DA3582506,leeg.pdf,,DA3334768,leeg.pdf,,DA3621271,leeg.pdf,,DA3938862,leeg.pdf,,DA3223632,leeg.pdf,,DA3914260,leeg.pdf,,DA3409077,leeg.pdf,,DA3951825,leeg.pdf,,DA3979205,leeg.pdf,,DA3745249,leeg.pdf,,DA3204957,leeg.pdf,,DA3520037,leeg.pdf,,DA3083332,leeg.pdf,,DA3063660,leeg.pdf,
DA3339771,leeg.pdf,,DA3279240,leeg.pdf,,DA3580854,leeg.pdf,,DA3825989,leeg.pdf,,DA3175070,leeg.pdf,,DA3267436,leeg.pdf,,DA3857911,leeg.pdf,,DA3784625,leeg.pdf,,DA3941761,leeg.pdf,,DA3724269,leeg.pdf,,DA3551545,leeg.pdf,,DA3622530,leeg.pdf,,DA3627734,leeg.pdf,,DA3061809,leeg.pdf,,DA3283699,leeg.pdf,
DA3309940,leeg.pdf,,DA3231035,leeg.pdf,,DA3767615,leeg.pdf,,DA3701346,leeg.pdf,,DA3289681,leeg.pdf,,DA3988503,leeg.pdf,,DA3648437,leeg.pdf,,DA3146339,leeg.pdf,,DA3126626,leeg.pdf,,DA3082852,leeg.pdf,,DA3302314,leeg.pdf,,DA3150048,leeg.pdf,,DA3395174,leeg.pdf,,DA3066607,leeg.pdf,,DA3561776,leeg.pdf,
DA3596699,leeg.pdf,,DA3127719,leeg.pdf,,DA3382500,leeg.pdf,,DA3237335,leeg.pdf,,DA3276367,leeg.pdf,,DA3778554,leeg.pdf,,DA3446357,leeg.pdf,,DA3288402,leeg.pdf,,DA3482062,leeg.pdf,,DA3114907,leeg.pdf,,DA3215401,leeg.pdf,,DA3101701,leeg.pdf,,DA3867736,leeg.pdf,,DA3539736,leeg.pdf,,DA3049290,leeg.pdf,
DA3105490,leeg.pdf,,DA3879881,leeg.pdf,,DA3104546,leeg.pdf,,DA3102854,leeg.pdf,,DA3782812,leeg.pdf,,DA3388177,leeg.pdf,,DA3097309,leeg.pdf,,DA3113819,leeg.pdf,,DA3778901,leeg.pdf,,DA3697947,leeg.pdf,,DA3826027,leeg.pdf,,DA3289123,leeg.pdf,,DA3280921,leeg.pdf,,DA3276604,leeg.pdf,,DA3423625,leeg.pdf,
DA3725227,leeg.pdf,,DA3072360,leeg.pdf,,DA3973562,leeg.pdf,,DA3627653,leeg.pdf,,DA3261971,leeg.pdf,,DA3543500,leeg.pdf,,DA3333100,leeg.pdf,,DA3193110,leeg.pdf,,DA3934141,leeg.pdf,,DA3606505,leeg.pdf,,DA3877250,leeg.pdf,,DA3372911,leeg.pdf,,DA3234902,leeg.pdf,,DA3647071,leeg.pdf,,DA3556063,leeg.pdf,
DA3174035,leeg.pdf,,DA3507504,leeg.pdf,,DA3303748,leeg.pdf,,DA3810978,leeg.pdf,,DA3939937,leeg.pdf,,DA3406887,leeg.pdf,,DA3583806,leeg.pdf,,DA3083796,leeg.pdf,,DA3038850,leeg.pdf,,DA3776711,leeg.pdf,,DA3320254,leeg.pdf,,DA3537958,leeg.pdf,,DA3063492,leeg.pdf,,DA3241537,leeg.pdf,,DA3054056,leeg.pdf,
DA3077964,leeg.pdf,,DA3786574,leeg.pdf,,DA3635981,leeg.pdf,,DA3112455,leeg.pdf,,DA3194232,leeg.pdf,,DA3065441,leeg.pdf,,DA3140890,leeg.pdf,,DA3105576,leeg.pdf,,DA3531632,leeg.pdf,,DA3946983,leeg.pdf,,DA3695825,leeg.pdf,,DA3196056,leeg.pdf,,DA3268724,leeg.pdf,,DA3366011,leeg.pdf,,DA3413982,leeg.pdf,
DA3890444,leeg.pdf,,DA3303111,leeg.pdf,,DA3761439,leeg.pdf,,DA3660415,leeg.pdf,,DA3143698,leeg.pdf,,DA3209634,leeg.pdf,,DA3317105,leeg.pdf,,DA3085687,leeg.pdf,,DA3412223,leeg.pdf,,DA3574680,leeg.pdf,,DA3681793,leeg.pdf,,DA3545614,leeg.pdf,,DA3648299,leeg.pdf,,DA3062927,leeg.pdf,,DA3947696,leeg.pdf,
DA3122103,leeg.pdf,,DA3099382,leeg.pdf,,DA3517575,leeg.pdf,,DA3198728,leeg.pdf,,DA3689744,leeg.pdf,,DA3271228,leeg.pdf,,DA3541659,leeg.pdf,,DA3101261,leeg.pdf,,DA3270958,leeg.pdf,,DA3402519,leeg.pdf,,DA3149507,leeg.pdf,,DA3603234,leeg.pdf,,DA3471271,leeg.pdf,,DA3689431,leeg.pdf,,DA3057248,leeg.pdf,
DA3865195,leeg.pdf,,DA3753606,leeg.pdf,,DA3529995,leeg.pdf,,DA3604413,leeg.pdf,,DA3047181,leeg.pdf,,DA3211231,leeg.pdf,,DA3203878,leeg.pdf,,DA3333778,leeg.pdf,,DA3964751,leeg.pdf,,DA3582369,leeg.pdf,,DA3606859,leeg.pdf,,DA3056048,leeg.pdf,,DA3561382,leeg.pdf,,DA3114197,leeg.pdf,,DA3188161,leeg.pdf,
DA3233586,leeg.pdf,,DA3222455,leeg.pdf,,DA3749321,leeg.pdf,,DA3753247,leeg.pdf,,DA3323985,leeg.pdf,,DA3600940,leeg.pdf,,DA3072409,leeg.pdf,,DA3741303,leeg.pdf,,DA3204962,leeg.pdf,,DA3319149,leeg.pdf,,DA3249796,leeg.pdf,,DA3088442,leeg.pdf,,DA3475929,leeg.pdf,,DA3353074,leeg.pdf,,DA3070974,leeg.pdf,
DA3115297,leeg.pdf,,DA3993965,leeg.pdf,,DA3136737,leeg.pdf,,DA3433758,leeg.pdf,,DA3759481,leeg.pdf,,DA3722332,leeg.pdf,,DA3139216,leeg.pdf,,DA3081702,leeg.pdf,,DA3091627,leeg.pdf,,DA3067528,leeg.pdf,,DA3630016,leeg.pdf,,DA3123169,leeg.pdf,,DA3091873,leeg.pdf,,DA3867543,leeg.pdf,,DA3237694,leeg.pdf,
DA3482983,leeg.pdf,,DA3416919,leeg.pdf,,DA3664139,leeg.pdf,,DA3589489,leeg.pdf,,DA3610050,leeg.pdf,,DA3791693,leeg.pdf,,DA3298627,leeg.pdf,,DA3945556,leeg.pdf,,DA3061884,leeg.pdf,,DA3478023,leeg.pdf,,DA3118911,leeg.pdf,,DA3202760,leeg.pdf,,DA3492730,leeg.pdf,,DA3045536,leeg.pdf,,DA3258333,leeg.pdf,
DA3565537,leeg.pdf,,DA3058422,leeg.pdf,,DA3527005,leeg.pdf,,DA3173671,leeg.pdf,,DA3148038,leeg.pdf,,DA3076104,leeg.pdf,,DA3481695,leeg.pdf,,DA3146262,leeg.pdf,,DA3138732,leeg.pdf,,DA3483842,leeg.pdf,,DA3151901,leeg.pdf,,DA3048277,leeg.pdf,,DA3207364,leeg.pdf,,DA3100734,leeg.pdf,,DA3084874,leeg.pdf,
DA3550644,leeg.pdf,,DA3460590,leeg.pdf,,DA3158616,leeg.pdf,,DA3660254,leeg.pdf,,DA3156727,leeg.pdf,,DA3500913,leeg.pdf,,DA3545169,leeg.pdf,,DA3403601,leeg.pdf,,DA3431104,leeg.pdf,,DA3229728,leeg.pdf,,DA3619233,leeg.pdf,,DA3958978,leeg.pdf,,DA3794970,leeg.pdf,,DA3410180,leeg.pdf,,DA3357149,leeg.pdf,
DA3094223,leeg.pdf,,DA3932349,leeg.pdf,,DA3071212,leeg.pdf,,DA3188138,leeg.pdf,,DA3044935,leeg.pdf,,DA3999750,leeg.pdf,,DA3489592,leeg.pdf,,DA3536846,leeg.pdf,,DA3715550,leeg.pdf,,DA3462363,leeg.pdf,,DA3540093,leeg.pdf,,DA3595845,leeg.pdf,,DA3339875,leeg.pdf,,DA3530663,leeg.pdf,,DA3060962,leeg.pdf,
DA3160374,leeg.pdf,,DA3188332,leeg.pdf,,DA3609531,leeg.pdf,,DA3602556,leeg.pdf,,DA3094591,leeg.pdf,,DA3308587,leeg.pdf,,DA3730594,leeg.pdf,,DA3675108,leeg.pdf,,DA3402497,leeg.pdf,,DA3774588,leeg.pdf,,DA3345914,leeg.pdf,,DA3297370,leeg.pdf,,DA3074903,leeg.pdf,,DA3296148,leeg.pdf,,DA3348853,leeg.pdf,
DA3363082,leeg.pdf,,DA3267757,leeg.pdf,,DA3333856,leeg.pdf,,DA3322166,leeg.pdf,,DA3564451,leeg.pdf,,DA3102484,leeg.pdf,,DA3578053,leeg.pdf,,DA3537263,leeg.pdf,,DA3922117,leeg.pdf,,DA3324516,leeg.pdf,,DA3300626,leeg.pdf,,DA3110171,leeg.pdf,,DA3678946,leeg.pdf,,DA3569461,leeg.pdf,,DA3808479,leeg.pdf,
DA3301947,leeg.pdf,,DA3143081,leeg.pdf,,DA3450421,leeg.pdf,,DA3505639,leeg.pdf,,DA3337566,leeg.pdf,,DA3996634,leeg.pdf,,DA3756825,leeg.pdf,,DA3459181,leeg.pdf,,DA3522918,leeg.pdf,,DA3123932,leeg.pdf,,DA3493334,leeg.pdf,,DA3357638,leeg.pdf,,DA3379227,leeg.pdf,,DA3667796,leeg.pdf,,DA3616018,leeg.pdf,
DA3154948,leeg.pdf,,DA3223385,leeg.pdf,,DA3322118,leeg.pdf,,DA3444366,leeg.pdf,,DA3051651,leeg.pdf,,DA3094157,leeg.pdf,,DA3081378,leeg.pdf,,DA3262540,leeg.pdf,,DA3492722,leeg.pdf,,DA3471773,leeg.pdf,,DA3382945,leeg.pdf,,DA3775649,leeg.pdf,,DA3766005,leeg.pdf,,DA3145172,leeg.pdf,,DA3903352,leeg.pdf,
DA3110576,leeg.pdf,,DA3141318,leeg.pdf,,DA3095285,leeg.pdf,,DA3881310,leeg.pdf,,DA3224497,leeg.pdf,,DA3975608,leeg.pdf,,DA3789726,leeg.pdf,,DA3357053,leeg.pdf,,DA3841625,leeg.pdf,,DA3470020,leeg.pdf,,DA3850561,leeg.pdf,,DA3783550,leeg.pdf,,DA3146570,leeg.pdf,,DA3207220,leeg.pdf,,DA3119108,leeg.pdf,
DA3577566,leeg.pdf,,DA3584040,leeg.pdf,,DA3160575,leeg.pdf,,DA3069860,leeg.pdf,,DA3666653,leeg.pdf,,DA3672809,leeg.pdf,,DA3320971,leeg.pdf,,DA3692480,leeg.pdf,,DA3754392,leeg.pdf,,DA3754716,leeg.pdf,,DA3402584,leeg.pdf,,DA3838387,leeg.pdf,,DA3542023,leeg.pdf,,DA3170259,leeg.pdf,,DA3376296,leeg.pdf,
DA3660411,leeg.pdf,,DA3449994,leeg.pdf,,DA3297459,leeg.pdf,,DA3496715,leeg.pdf,,DA3332571,leeg.pdf,,DA3548957,leeg.pdf,,DA3075999,leeg.pdf,,DA3350180,leeg.pdf,,DA3128442,leeg.pdf,,DA3136581,leeg.pdf,,DA3090627,leeg.pdf,,DA3538923,leeg.pdf,,DA3923059,leeg.pdf,,DA3325932,leeg.pdf,,DA3137385,leeg.pdf,
DA3111982,leeg.pdf,,DA3988853,leeg.pdf,,DA3061624,leeg.pdf,,DA3980292,leeg.pdf,,DA3233610,leeg.pdf,,DA3387563,leeg.pdf,,DA3319826,leeg.pdf,,DA3143126,leeg.pdf,,DA3085127,leeg.pdf,,DA3830801,leeg.pdf,,DA3632364,leeg.pdf,,DA3248347,leeg.pdf,,DA3061495,leeg.pdf,,DA3548763,leeg.pdf,,DA3344784,leeg.pdf,
DA3257465,leeg.pdf,,DA3209699,leeg.pdf,,DA3102398,leeg.pdf,,DA3406999,leeg.pdf,,DA3172569,leeg.pdf,,DA3076043,leeg.pdf,,DA3438864,leeg.pdf,,DA3069664,leeg.pdf,,DA3555326,leeg.pdf,,DA3363282,leeg.pdf,,DA3224762,leeg.pdf,,DA3693088,leeg.pdf,,DA3908862,leeg.pdf,,DA3202941,leeg.pdf,,DA3104067,leeg.pdf,
DA3945081,leeg.pdf,,DA3592939,leeg.pdf,,DA3139730,leeg.pdf,,DA3360355,leeg.pdf,,DA3087448,leeg.pdf,,DA3971053,leeg.pdf,,DA3519628,leeg.pdf,,DA3975474,leeg.pdf,,DA3301060,leeg.pdf,,DA3591429,leeg.pdf,,DA3210932,leeg.pdf,,DA3687839,leeg.pdf,,DA3850499,leeg.pdf,,DA3168322,leeg.pdf,,DA3659800,leeg.pdf,
DA3590558,leeg.pdf,,DA3962436,leeg.pdf,,DA3182267,leeg.pdf,,DA3499293,leeg.pdf,,DA3175393,leeg.pdf,,DA3305882,leeg.pdf,,DA3388506,leeg.pdf,,DA3076649,leeg.pdf,,DA3211020,leeg.pdf,,DA3625110,leeg.pdf,,DA3253245,leeg.pdf,,DA3327981,leeg.pdf,,DA3556958,leeg.pdf,,DA3574276,leeg.pdf,,DA3796302,leeg.pdf,
DA3178962,leeg.pdf,,DA3718021,leeg.pdf,,DA3214573,leeg.pdf,,DA3954833,leeg.pdf,,DA3352726,leeg.pdf,,DA3211700,leeg.pdf,,DA3109396,leeg.pdf,,DA3460431,leeg.pdf,,DA3190647,leeg.pdf,,DA3168371,leeg.pdf,,DA3218455,leeg.pdf,,DA3839336,leeg.pdf,,DA3639124,leeg.pdf,,DA3701858,leeg.pdf,,DA3487904,leeg.pdf,
DA3117850,leeg.pdf,,DA3892164,leeg.pdf,,DA3796870,leeg.pdf,,DA3547463,leeg.pdf,,DA3674853,leeg.pdf,,DA3256620,leeg.pdf,,DA3554913,leeg.pdf,,DA3831612,leeg.pdf,,DA3862388,leeg.pdf,,DA3280586,leeg.pdf,,DA3103395,leeg.pdf,,DA3184386,leeg.pdf,,DA3742792,leeg.pdf,,DA3330560,leeg.pdf,,DA3590341,leeg.pdf,
DA3575529,leeg.pdf,,DA3045819,leeg.pdf,,DA3383967,leeg.pdf,,DA3438399,leeg.pdf,,DA3595232,leeg.pdf,,DA3372578,leeg.pdf,,DA3948770,leeg.pdf,,DA3613572,leeg.pdf,,DA3160459,leeg.pdf,,DA3272799,leeg.pdf,,DA3203721,leeg.pdf,,DA3217343,leeg.pdf,,DA3405051,leeg.pdf,,DA3544706,leeg.pdf,,DA3044331,leeg.pdf,
DA3798854,leeg.pdf,,DA3806855,leeg.pdf,,DA3837247,leeg.pdf,,DA3450081,leeg.pdf,,DA3753986,leeg.pdf,,DA3571428,leeg.pdf,,DA3737799,leeg.pdf,,DA3071738,leeg.pdf,,DA3380166,leeg.pdf,,DA3832915,leeg.pdf,,DA3228280,leeg.pdf,,DA3784869,leeg.pdf,,DA3980254,leeg.pdf,,DA3788807,leeg.pdf,,DA3063337,leeg.pdf,
DA3385796,leeg.pdf,,DA3181161,leeg.pdf,,DA3301067,leeg.pdf,,DA3447097,leeg.pdf,,DA3545667,leeg.pdf,,DA3234045,leeg.pdf,,DA3571510,leeg.pdf,,DA3196391,leeg.pdf,,DA3531033,leeg.pdf,,DA3566637,leeg.pdf,,DA3130686,leeg.pdf,,DA3845991,leeg.pdf,,DA3120641,leeg.pdf,,DA3231189,leeg.pdf,,DA3343368,leeg.pdf,
DA3334220,leeg.pdf,,DA3413050,leeg.pdf,,DA3797165,leeg.pdf,,DA3877736,leeg.pdf,,DA3983148,leeg.pdf,,DA3281598,leeg.pdf,,DA3264110,leeg.pdf,,DA3481647,leeg.pdf,,DA3065227,leeg.pdf,,DA3480485,leeg.pdf,,DA3321873,leeg.pdf,,DA3780380,leeg.pdf,,DA3052025,leeg.pdf,,DA3663793,leeg.pdf,,DA3510330,leeg.pdf,
DA3744973,leeg.pdf,,DA3396690,leeg.pdf,,DA3272153,leeg.pdf,,DA3480157,leeg.pdf,,DA3906662,leeg.pdf,,DA3936770,leeg.pdf,,DA3531641,leeg.pdf,,DA3649380,leeg.pdf,,DA3055515,leeg.pdf,,DA3228239,leeg.pdf,,DA3562606,leeg.pdf,,DA3870099,leeg.pdf,,DA3704980,leeg.pdf,,DA3350372,leeg.pdf,,DA3547123,leeg.pdf,
DA3172214,leeg.pdf,,DA3749668,leeg.pdf,,DA3359490,leeg.pdf,,DA3868021,leeg.pdf,,DA3497943,leeg.pdf,,DA3076393,leeg.pdf,,DA3058532,leeg.pdf,,DA3149649,leeg.pdf,,DA3498370,leeg.pdf,,DA3436043,leeg.pdf,,DA3185035,leeg.pdf,,DA3046570,leeg.pdf,,DA3953022,leeg.pdf,,DA3080292,leeg.pdf,,DA3626876,leeg.pdf,
DA3219611,leeg.pdf,,DA3930791,leeg.pdf,,DA3253157,leeg.pdf,,DA3082322,leeg.pdf,,DA3074501,leeg.pdf,,DA3428489,leeg.pdf,,DA3136638,leeg.pdf,,DA3279278,leeg.pdf,,DA3395532,leeg.pdf,,DA3040243,leeg.pdf,,DA3505244,leeg.pdf,,DA3305214,leeg.pdf,,DA3623571,leeg.pdf,,DA3546237,leeg.pdf,,DA3111619,leeg.pdf,
DA3445202,leeg.pdf,,DA3399994,leeg.pdf,,DA3280658,leeg.pdf,,DA3586244,leeg.pdf,,DA3433350,leeg.pdf,,DA3180872,leeg.pdf,,DA3575685,leeg.pdf,,DA3137908,leeg.pdf,,DA3236273,leeg.pdf,,DA3887225,leeg.pdf,,DA3406783,leeg.pdf,,DA3276800,leeg.pdf,,DA3702174,leeg.pdf,,DA3427539,leeg.pdf,,DA3060550,leeg.pdf,
DA3160887,leeg.pdf,,DA3260157,leeg.pdf,,DA3111497,leeg.pdf,,DA3372657,leeg.pdf,,DA3558510,leeg.pdf,,DA3110393,leeg.pdf,,DA3894108,leeg.pdf,,DA3670936,leeg.pdf,,DA3844918,leeg.pdf,,DA3117696,leeg.pdf,,DA3388520,leeg.pdf,,DA3350308,leeg.pdf,,DA3848559,leeg.pdf,,DA3696259,leeg.pdf,,DA3699326,leeg.pdf,
DA3540582,leeg.pdf,,DA3608927,leeg.pdf,,DA3328331,leeg.pdf,,DA3478054,leeg.pdf,,DA3725298,leeg.pdf,,DA3234675,leeg.pdf,,DA3287581,leeg.pdf,,DA3143729,leeg.pdf,,DA3339029,leeg.pdf,,DA3394529,leeg.pdf,,DA3431074,leeg.pdf,,DA3978312,leeg.pdf,,DA3034952,leeg.pdf,,DA3109421,leeg.pdf,,DA3788515,leeg.pdf,
DA3356366,leeg.pdf,,DA3134360,leeg.pdf,,DA3960887,leeg.pdf,,DA3782929,leeg.pdf,,DA3891684,leeg.pdf,,DA3121567,leeg.pdf,,DA3059261,leeg.pdf,,DA3153062,leeg.pdf,,DA3168789,leeg.pdf,,DA3104522,leeg.pdf,,DA3716852,leeg.pdf,,DA3544322,leeg.pdf,,DA3056581,leeg.pdf,,DA3121797,leeg.pdf,,DA3133468,leeg.pdf,
DA3414662,leeg.pdf,,DA3247393,leeg.pdf,,DA3696902,leeg.pdf,,DA3499614,leeg.pdf,,DA3093193,leeg.pdf,,DA3077757,leeg.pdf,,DA3623322,leeg.pdf,,DA3771775,leeg.pdf,,DA3052116,leeg.pdf,,DA3262994,leeg.pdf,,DA3373955,leeg.pdf,,DA3848103,leeg.pdf,,DA3368809,leeg.pdf,,DA3446064,leeg.pdf,,DA3602108,leeg.pdf,
DA3767386,leeg.pdf,,DA3035678,leeg.pdf,,DA3206155,leeg.pdf,,DA3445264,leeg.pdf,,DA3310671,leeg.pdf,,DA3282824,leeg.pdf,,DA3294145,leeg.pdf,,DA3722231,leeg.pdf,,DA3965996,leeg.pdf,,DA3682387,leeg.pdf,,DA3758948,leeg.pdf,,DA3650136,leeg.pdf,,DA3639136,leeg.pdf,,DA3399449,leeg.pdf,,DA3761373,leeg.pdf,
DA3992704,leeg.pdf,,DA3129849,leeg.pdf,,DA3185177,leeg.pdf,,DA3434888,leeg.pdf,,DA3380902,leeg.pdf,,DA3370892,leeg.pdf,,DA3374737,leeg.pdf,,DA3693938,leeg.pdf,,DA3460310,leeg.pdf,,DA3430687,leeg.pdf,,DA3607132,leeg.pdf,,DA3719117,leeg.pdf,,DA3864877,leeg.pdf,,DA3860712,leeg.pdf,,DA3635713,leeg.pdf,
DA3147546,leeg.pdf,,DA3176224,leeg.pdf,,DA3306041,leeg.pdf,,DA3155378,leeg.pdf,,DA3726842,leeg.pdf,,DA3089067,leeg.pdf,,DA3116776,leeg.pdf,,DA3180638,leeg.pdf,,DA3083017,leeg.pdf,,DA3318742,leeg.pdf,,DA3807542,leeg.pdf,,DA3284870,leeg.pdf,,DA3801428,leeg.pdf,,DA3252540,leeg.pdf,,DA3888331,leeg.pdf,
DA3236215,leeg.pdf,,DA3378513,leeg.pdf,,DA3319068,leeg.pdf,,DA3419905,leeg.pdf,,DA3554626,leeg.pdf,,DA3290017,leeg.pdf,,DA3562159,leeg.pdf,,DA3367116,leeg.pdf,,DA3549906,leeg.pdf,,DA3188925,leeg.pdf,,DA3904601,leeg.pdf,,DA3924051,leeg.pdf,,DA3113215,leeg.pdf,,DA3222224,leeg.pdf,,DA3419369,leeg.pdf,
DA3877014,leeg.pdf,,DA3295285,leeg.pdf,,DA3208317,leeg.pdf,,DA3334930,leeg.pdf,,DA3469560,leeg.pdf,,DA3848098,leeg.pdf,,DA3704896,leeg.pdf,,DA3982184,leeg.pdf,,DA3233657,leeg.pdf,,DA3180533,leeg.pdf,,DA3770406,leeg.pdf,,DA3472471,leeg.pdf,,DA3844371,leeg.pdf,,DA3723016,leeg.pdf,,DA3834950,leeg.pdf,
DA3552126,leeg.pdf,,DA3668944,leeg.pdf,,DA3436893,leeg.pdf,,DA3815249,leeg.pdf,,DA3252348,leeg.pdf,,DA3252800,leeg.pdf,,DA3063735,leeg.pdf,,DA3408319,leeg.pdf,,DA3170449,leeg.pdf,,DA3887302,leeg.pdf,,DA3526270,leeg.pdf,,DA3143419,leeg.pdf,,DA3751684,leeg.pdf,,DA3099466,leeg.pdf,,DA3874099,leeg.pdf,
DA3694687,leeg.pdf,,DA3189684,leeg.pdf,,DA3472030,leeg.pdf,,DA3503406,leeg.pdf,,DA3452578,leeg.pdf,,DA3895446,leeg.pdf,,DA3571069,leeg.pdf,,DA3055431,leeg.pdf,,DA3884247,leeg.pdf,,DA3184117,leeg.pdf,,DA3585465,leeg.pdf,,DA3942197,leeg.pdf,,DA3418158,leeg.pdf,,DA3122191,leeg.pdf,,DA3812307,leeg.pdf,
DA3054011,leeg.pdf,,DA3156689,leeg.pdf,,DA3079646,leeg.pdf,,DA3162786,leeg.pdf,,DA3265688,leeg.pdf,,DA3618090,leeg.pdf,,DA3181578,leeg.pdf,,DA3157726,leeg.pdf,,DA3454740,leeg.pdf,,DA3277036,leeg.pdf,,DA3363940,leeg.pdf,,DA3983089,leeg.pdf,,DA3097755,leeg.pdf,,DA3254425,leeg.pdf,,DA3599833,leeg.pdf,
DA3665093,leeg.pdf,,DA3925642,leeg.pdf,,DA3393173,leeg.pdf,,DA3517712,leeg.pdf,,DA3076711,leeg.pdf,,DA3331522,leeg.pdf,,DA3121072,leeg.pdf,,DA3124704,leeg.pdf,,DA3130108,leeg.pdf,,DA3639986,leeg.pdf,,DA3179687,leeg.pdf,,DA3160648,leeg.pdf,,DA3064008,leeg.pdf,,DA3286482,leeg.pdf,,DA3232399,leeg.pdf,
DA3984834,leeg.pdf,,DA3097133,leeg.pdf,,DA3424206,leeg.pdf,,DA3720611,leeg.pdf,,DA3519003,leeg.pdf,,DA3637772,leeg.pdf,,DA3520098,leeg.pdf,,DA3179573,leeg.pdf,,DA3934804,leeg.pdf,,DA3366781,leeg.pdf,,DA3057438,leeg.pdf,,DA3605915,leeg.pdf,,DA3998223,leeg.pdf,,DA3423265,leeg.pdf,,DA3203595,leeg.pdf,
DA3439748,leeg.pdf,,DA3431793,leeg.pdf,,DA3155935,leeg.pdf,,DA3839973,leeg.pdf,,DA3207399,leeg.pdf,,DA3313033,leeg.pdf,,DA3142725,leeg.pdf,,DA3218699,leeg.pdf,,DA3113479,leeg.pdf,,DA3063336,leeg.pdf,,DA3650477,leeg.pdf,,DA3465492,leeg.pdf,,DA3896448,leeg.pdf,,DA3428904,leeg.pdf,,DA3175849,leeg.pdf,
DA3542033,leeg.pdf,,DA3480403,leeg.pdf,,DA3868407,leeg.pdf,,DA3423362,leeg.pdf,,DA3372305,leeg.pdf,,DA3106734,leeg.pdf,,DA3044919,leeg.pdf,,DA3971219,leeg.pdf,,DA3805810,leeg.pdf,,DA3440922,leeg.pdf,,DA3814992,leeg.pdf,,DA3680921,leeg.pdf,,DA3306968,leeg.pdf,,DA3190898,leeg.pdf,,DA3517749,leeg.pdf,
DA3335607,leeg.pdf,,DA3471730,leeg.pdf,,DA3428408,leeg.pdf,,DA3385047,leeg.pdf,,DA3736411,leeg.pdf,,DA3501649,leeg.pdf,,DA3070103,leeg.pdf,,DA3078100,leeg.pdf,,DA3416935,leeg.pdf,,DA3221598,leeg.pdf,,DA3159929,leeg.pdf,,DA3868746,leeg.pdf,,DA3561840,leeg.pdf,,DA3380702,leeg.pdf,,DA3271144,leeg.pdf,
DA3346798,leeg.pdf,,DA3918998,leeg.pdf,,DA3574855,leeg.pdf,,DA3591171,leeg.pdf,,DA3997416,leeg.pdf,,DA3328598,leeg.pdf,,DA3110709,leeg.pdf,,DA3796539,leeg.pdf,,DA3422531,leeg.pdf,,DA3309016,leeg.pdf,,DA3526215,leeg.pdf,,DA3069447,leeg.pdf,,DA3389486,leeg.pdf,,DA3118519,leeg.pdf,,DA3305857,leeg.pdf,
DA3544891,leeg.pdf,,DA3508923,leeg.pdf,,DA3137870,leeg.pdf,,DA3091487,leeg.pdf,,DA3205591,leeg.pdf,,DA3510648,leeg.pdf,,DA3511249,leeg.pdf,,DA3203109,leeg.pdf,,DA3684260,leeg.pdf,,DA3168360,leeg.pdf,,DA3906286,leeg.pdf,,DA3172844,leeg.pdf,,DA3050569,leeg.pdf,,DA3146743,leeg.pdf,,DA3566016,leeg.pdf,
DA3316833,leeg.pdf,,DA3304219,leeg.pdf,,DA3661766,leeg.pdf,,DA3301183,leeg.pdf,,DA3471985,leeg.pdf,,DA3481343,leeg.pdf,,DA3940801,leeg.pdf,,DA3150109,leeg.pdf,,DA3809004,leeg.pdf,,DA3770969,leeg.pdf,,DA3827436,leeg.pdf,,DA3708874,leeg.pdf,,DA3308192,leeg.pdf,,DA3236327,leeg.pdf,,DA3198832,leeg.pdf,
DA3514939,leeg.pdf,,DA3102443,leeg.pdf,,DA3653504,leeg.pdf,,DA3216375,leeg.pdf,,DA3205731,leeg.pdf,,DA3609982,leeg.pdf,,DA3275636,leeg.pdf,,DA3402008,leeg.pdf,,DA3702709,leeg.pdf,,DA3244958,leeg.pdf,,DA3201848,leeg.pdf,,DA3979758,leeg.pdf,,DA3543986,leeg.pdf,,DA3268659,leeg.pdf,,DA3218099,leeg.pdf,
DA3874048,leeg.pdf,,DA3448307,leeg.pdf,,DA3610321,leeg.pdf,,DA3306381,leeg.pdf,,DA3147954,leeg.pdf,,DA3157179,leeg.pdf,,DA3706743,leeg.pdf,,DA3886529,leeg.pdf,,DA3303029,leeg.pdf,,DA3277956,leeg.pdf,,DA3082336,leeg.pdf,,DA3489614,leeg.pdf,,DA3732812,leeg.pdf,,DA3799595,leeg.pdf,,DA3338103,leeg.pdf,
DA3058394,leeg.pdf,,DA3369618,leeg.pdf,,DA3177393,leeg.pdf,,DA3571728,leeg.pdf,,DA3569371,leeg.pdf,,DA3163955,leeg.pdf,,DA3098304,leeg.pdf,,DA3838138,leeg.pdf,,DA3573044,leeg.pdf,,DA3281826,leeg.pdf,,DA3319300,leeg.pdf,,DA3726295,leeg.pdf,,DA3865331,leeg.pdf,,DA3098987,leeg.pdf,,DA3777989,leeg.pdf,
DA3663889,leeg.pdf,,DA3150339,leeg.pdf,,DA3396425,leeg.pdf,,DA3912357,leeg.pdf,,DA3487483,leeg.pdf,,DA3199923,leeg.pdf,,DA3096619,leeg.pdf,,DA3088126,leeg.pdf,,DA3793036,leeg.pdf,,DA3417589,leeg.pdf,,DA3089778,leeg.pdf,,DA3977465,leeg.pdf,,DA3364200,leeg.pdf,,DA3234610,leeg.pdf,,DA3722754,leeg.pdf,
DA3143125,leeg.pdf,,DA3962354,leeg.pdf,,DA3333645,leeg.pdf,,DA3392667,leeg.pdf,,DA3520540,leeg.pdf,,DA3635636,leeg.pdf,,DA3675381,leeg.pdf,,DA3911703,leeg.pdf,,DA3119532,leeg.pdf,,DA3042893,leeg.pdf,,DA3220056,leeg.pdf,,DA3797842,leeg.pdf,,DA3574745,leeg.pdf,,DA3397003,leeg.pdf,,DA3112211,leeg.pdf,
DA3991861,leeg.pdf,,DA3226956,leeg.pdf,,DA3112136,leeg.pdf,,DA3496844,leeg.pdf,,DA3619784,leeg.pdf,,DA3769974,leeg.pdf,,DA3125765,leeg.pdf,,DA3471526,leeg.pdf,,DA3192322,leeg.pdf,,DA3287220,leeg.pdf,,DA3518815,leeg.pdf,,DA3345109,leeg.pdf,,DA3131713,leeg.pdf,,DA3129656,leeg.pdf,,DA3636559,leeg.pdf,
DA3568069,leeg.pdf,,DA3044301,leeg.pdf,,DA3551359,leeg.pdf,,DA3240654,leeg.pdf,,DA3278090,leeg.pdf,,DA3264673,leeg.pdf,,DA3601013,leeg.pdf,,DA3371433,leeg.pdf,,DA3735031,leeg.pdf,,DA3674481,leeg.pdf,,DA3995959,leeg.pdf,,DA3597190,leeg.pdf,,DA3876287,leeg.pdf,,DA3751899,leeg.pdf,,DA3813837,leeg.pdf,
DA3651208,leeg.pdf,,DA3919924,leeg.pdf,,DA3639940,leeg.pdf,,DA3896919,leeg.pdf,,DA3159087,leeg.pdf,,DA3735648,leeg.pdf,,DA3777126,leeg.pdf,,DA3699678,leeg.pdf,,DA3099473,leeg.pdf,,DA3625938,leeg.pdf,,DA3846960,leeg.pdf,,DA3706847,leeg.pdf,,DA3665947,leeg.pdf,,DA3155495,leeg.pdf,,DA3504613,leeg.pdf,
DA3949589,leeg.pdf,,DA3106572,leeg.pdf,,DA3183250,leeg.pdf,,DA3391857,leeg.pdf,,DA3616000,leeg.pdf,,DA3093656,leeg.pdf,,DA3588757,leeg.pdf,,DA3115252,leeg.pdf,,DA3046181,leeg.pdf,,DA3089770,leeg.pdf,,DA3958774,leeg.pdf,,DA3135360,leeg.pdf,,DA3434911,leeg.pdf,,DA3207105,leeg.pdf,,DA3236685,leeg.pdf,
DA3140663,leeg.pdf,,DA3815466,leeg.pdf,,DA3630191,leeg.pdf,,DA3429164,leeg.pdf,,DA3075722,leeg.pdf,,DA3163342,leeg.pdf,,DA3344998,leeg.pdf,,DA3778306,leeg.pdf,,DA3716374,leeg.pdf,,DA3285051,leeg.pdf,,DA3952426,leeg.pdf,,DA3629874,leeg.pdf,,DA3702129,leeg.pdf,,DA3922882,leeg.pdf,,DA3803623,leeg.pdf,
DA3948843,leeg.pdf,,DA3091724,leeg.pdf,,DA3770103,leeg.pdf,,DA3931639,leeg.pdf,,DA3178689,leeg.pdf,,DA3572227,leeg.pdf,,DA3885497,leeg.pdf,,DA3572803,leeg.pdf,,DA3412688,leeg.pdf,,DA3337563,leeg.pdf,,DA3371912,leeg.pdf,,DA3590067,leeg.pdf,,DA3649895,leeg.pdf,,DA3063604,leeg.pdf,,DA3197209,leeg.pdf,
DA3084050,leeg.pdf,,DA3598004,leeg.pdf,,DA3518352,leeg.pdf,,DA3597614,leeg.pdf,,DA3194197,leeg.pdf,,DA3112731,leeg.pdf,,DA3173269,leeg.pdf,,DA3761921,leeg.pdf,,DA3308253,leeg.pdf,,DA3735790,leeg.pdf,,DA3559462,leeg.pdf,,DA3049892,leeg.pdf,,DA3377073,leeg.pdf,,DA3990007,leeg.pdf,,DA3254881,leeg.pdf,
DA3914151,leeg.pdf,,DA3195041,leeg.pdf,,DA3739460,leeg.pdf,,DA3143591,leeg.pdf,,DA3511832,leeg.pdf,,DA3715496,leeg.pdf,,DA3092707,leeg.pdf,,DA3145466,leeg.pdf,,DA3244929,leeg.pdf,,DA3853492,leeg.pdf,,DA3832254,leeg.pdf,,DA3849376,leeg.pdf,,DA3585366,leeg.pdf,,DA3326003,leeg.pdf,,DA3604083,leeg.pdf,
DA3582902,leeg.pdf,,DA3786263,leeg.pdf,,DA3869670,leeg.pdf,,DA3907696,leeg.pdf,,DA3183907,leeg.pdf,,DA3544388,leeg.pdf,,DA3203789,leeg.pdf,,DA3173678,leeg.pdf,,DA3740005,leeg.pdf,,DA3551861,leeg.pdf,,DA3181361,leeg.pdf,,DA3362953,leeg.pdf,,DA3619030,leeg.pdf,,DA3342696,leeg.pdf,,DA3148089,leeg.pdf,
DA3404670,leeg.pdf,,DA3722404,leeg.pdf,,DA3183756,leeg.pdf,,DA3664068,leeg.pdf,,DA3692129,leeg.pdf,,DA3532148,leeg.pdf,,DA3888501,leeg.pdf,,DA3120256,leeg.pdf,,DA3224392,leeg.pdf,,DA3982508,leeg.pdf,,DA3533264,leeg.pdf,,DA3199723,leeg.pdf,,DA3666014,leeg.pdf,,DA3676425,leeg.pdf,,DA3707910,leeg.pdf,
DA3551097,leeg.pdf,,DA3105573,leeg.pdf,,DA3882039,leeg.pdf,,DA3097195,leeg.pdf,,DA3694199,leeg.pdf,,DA3739542,leeg.pdf,,DA3563431,leeg.pdf,,DA3049961,leeg.pdf,,DA3104411,leeg.pdf,,DA3190983,leeg.pdf,,DA3557092,leeg.pdf,,DA3774271,leeg.pdf,,DA3698794,leeg.pdf,,DA3071580,leeg.pdf,,DA3142358,leeg.pdf,
DA3830443,leeg.pdf,,DA3532499,leeg.pdf,,DA3174083,leeg.pdf,,DA3391361,leeg.pdf,,DA3932099,leeg.pdf,,DA3868129,leeg.pdf,,DA3419018,leeg.pdf,,DA3630165,leeg.pdf,,DA3411945,leeg.pdf,,DA3844215,leeg.pdf,,DA3281145,leeg.pdf,,DA3456715,leeg.pdf,,DA3092115,leeg.pdf,,DA3193622,leeg.pdf,,DA3361563,leeg.pdf,
DA3239918,leeg.pdf,,DA3975654,leeg.pdf,,DA3401132,leeg.pdf,,DA3360789,leeg.pdf,,DA3475359,leeg.pdf,,DA3267185,leeg.pdf,,DA3949926,leeg.pdf,,DA3917221,leeg.pdf,,DA3691496,leeg.pdf,,DA3756532,leeg.pdf,,DA3195825,leeg.pdf,,DA3273997,leeg.pdf,,DA3202349,leeg.pdf,,DA3236004,leeg.pdf,,DA3912890,leeg.pdf,
DA3213840,leeg.pdf,,DA3989141,leeg.pdf,,DA3143685,leeg.pdf,,DA3885854,leeg.pdf,,DA3082543,leeg.pdf,,DA3750146,leeg.pdf,,DA3094661,leeg.pdf,,DA3172052,leeg.pdf,,DA3655802,leeg.pdf,,DA3050124,leeg.pdf,,DA3727626,leeg.pdf,,DA3344119,leeg.pdf,,DA3964385,leeg.pdf,,DA3177362,leeg.pdf,,DA3358470,leeg.pdf,
DA3771030,leeg.pdf,,DA3137007,leeg.pdf,,DA3307388,leeg.pdf,,DA3325998,leeg.pdf,,DA3617544,leeg.pdf,,DA3969021,leeg.pdf,,DA3230300,leeg.pdf,,DA3970978,leeg.pdf,,DA3584290,leeg.pdf,,DA3239205,leeg.pdf,,DA3140191,leeg.pdf,,DA3362305,leeg.pdf,,DA3280639,leeg.pdf,,DA3167235,leeg.pdf,,DA3583379,leeg.pdf,
DA3290655,leeg.pdf,,DA3212824,leeg.pdf,,DA3952880,leeg.pdf,,DA3882857,leeg.pdf,,DA3102314,leeg.pdf,,DA3827458,leeg.pdf,,DA3093200,leeg.pdf,,DA3783503,leeg.pdf,,DA3318165,leeg.pdf,,DA3204762,leeg.pdf,,DA3092715,leeg.pdf,,DA3095967,leeg.pdf,,DA3991082,leeg.pdf,,DA3990208,leeg.pdf,,DA3118475,leeg.pdf,
DA3061904,leeg.pdf,,DA3745380,leeg.pdf,,DA3305172,leeg.pdf,,DA3766447,leeg.pdf,,DA3908830,leeg.pdf,,DA3239906,leeg.pdf,,DA3556015,leeg.pdf,,DA3186926,leeg.pdf,,DA3671715,leeg.pdf,,DA3962158,leeg.pdf,,DA3128656,leeg.pdf,,DA3765838,leeg.pdf,,DA3148635,leeg.pdf,,DA3577418,leeg.pdf,,DA3168676,leeg.pdf,
DA3077503,leeg.pdf,,DA3319406,leeg.pdf,,DA3118399,leeg.pdf,,DA3450900,leeg.pdf,,DA3992012,leeg.pdf,,DA3076572,leeg.pdf,,DA3717648,leeg.pdf,,DA3859654,leeg.pdf,,DA3474046,leeg.pdf,,DA3478423,leeg.pdf,,DA3322983,leeg.pdf,,DA3772802,leeg.pdf,,DA3793298,leeg.pdf,,DA3266102,leeg.pdf,,DA3278658,leeg.pdf,
DA3490832,leeg.pdf,,DA3251010,leeg.pdf,,DA3065160,leeg.pdf,,DA3061940,leeg.pdf,,DA3038691,leeg.pdf,,DA3932343,leeg.pdf,,DA3253160,leeg.pdf,,DA3143720,leeg.pdf,,DA3862412,leeg.pdf,,DA3322255,leeg.pdf,,DA3984431,leeg.pdf,,DA3890824,leeg.pdf,,DA3615270,leeg.pdf,,DA3972643,leeg.pdf,,DA3521297,leeg.pdf,
DA3312977,leeg.pdf,,DA3905752,leeg.pdf,,DA3783910,leeg.pdf,,DA3136069,leeg.pdf,,DA3757502,leeg.pdf,,DA3449780,leeg.pdf,,DA3084679,leeg.pdf,,DA3049158,leeg.pdf,,DA3165295,leeg.pdf,,DA3178035,leeg.pdf,,DA3857279,leeg.pdf,,DA3758941,leeg.pdf,,DA3735701,leeg.pdf,,DA3625993,leeg.pdf,,DA3431925,leeg.pdf,
DA3893744,leeg.pdf,,DA3120223,leeg.pdf,,DA3130895,leeg.pdf,,DA3919757,leeg.pdf,,DA3555108,leeg.pdf,,DA3266184,leeg.pdf,,DA3696888,leeg.pdf,,DA3427742,leeg.pdf,,DA3131201,leeg.pdf,,DA3800514,leeg.pdf,,DA3484556,leeg.pdf,,DA3449760,leeg.pdf,,DA3109734,leeg.pdf,,DA3496185,leeg.pdf,,DA3657535,leeg.pdf,
DA3762030,leeg.pdf,,DA3409665,leeg.pdf,,DA3598586,leeg.pdf,,DA3446589,leeg.pdf,,DA3207411,leeg.pdf,,DA3976699,leeg.pdf,,DA3374845,leeg.pdf,,DA3402878,leeg.pdf,,DA3714613,leeg.pdf,,DA3956531,leeg.pdf,,DA3220655,leeg.pdf,,DA3246920,leeg.pdf,,DA3527333,leeg.pdf,,DA3750117,leeg.pdf,,DA3973856,leeg.pdf,
DA3339895,leeg.pdf,,DA3271836,leeg.pdf,,DA3100584,leeg.pdf,,DA3664918,leeg.pdf,,DA3143643,leeg.pdf,,DA3441981,leeg.pdf,,DA3324592,leeg.pdf,,DA3143379,leeg.pdf,,DA3088116,leeg.pdf,,DA3535868,leeg.pdf,,DA3123810,leeg.pdf,,DA3110441,leeg.pdf,,DA3359876,leeg.pdf,,DA3853432,leeg.pdf,,DA3618394,leeg.pdf,
DA3279510,leeg.pdf,,DA3386599,leeg.pdf,,DA3643592,leeg.pdf,,DA3452115,leeg.pdf,,DA3062280,leeg.pdf,,DA3227350,leeg.pdf,,DA3203856,leeg.pdf,,DA3885385,leeg.pdf,,DA3067215,leeg.pdf,,DA3062625,leeg.pdf,,DA3619852,leeg.pdf,,DA3335505,leeg.pdf,,DA3929765,leeg.pdf,,DA3094586,leeg.pdf,,DA3958941,leeg.pdf,
DA3398919,leeg.pdf,,DA3087565,leeg.pdf,,DA3409782,leeg.pdf,,DA3339447,leeg.pdf,,DA3612130,leeg.pdf,,DA3221008,leeg.pdf,,DA3219439,leeg.pdf,,DA3405322,leeg.pdf,,DA3209506,leeg.pdf,,DA3772157,leeg.pdf,,DA3941952,leeg.pdf,,DA3342225,leeg.pdf,,DA3180640,leeg.pdf,,DA3585912,leeg.pdf,,DA3561596,leeg.pdf,
DA3241214,leeg.pdf,,DA3622563,leeg.pdf,,DA3403411,leeg.pdf,,DA3162074,leeg.pdf,,DA3740342,leeg.pdf,,DA3098800,leeg.pdf,,DA3404786,leeg.pdf,,DA3772422,leeg.pdf,,DA3519650,leeg.pdf,,DA3602106,leeg.pdf,,DA3265830,leeg.pdf,,DA3301698,leeg.pdf,,DA3623385,leeg.pdf,,DA3502491,leeg.pdf,,DA3490406,leeg.pdf,
DA3640755,leeg.pdf,,DA3291763,leeg.pdf,,DA3329734,leeg.pdf,,DA3917736,leeg.pdf,,DA3697916,leeg.pdf,,DA3101290,leeg.pdf,,DA3469102,leeg.pdf,,DA3215829,leeg.pdf,,DA3137888,leeg.pdf,,DA3147525,leeg.pdf,,DA3863784,leeg.pdf,,DA3651224,leeg.pdf,,DA3479015,leeg.pdf,,DA3578988,leeg.pdf,,DA3981798,leeg.pdf,
DA3257720,leeg.pdf,,DA3572748,leeg.pdf,,DA3463724,leeg.pdf,,DA3859605,leeg.pdf,,DA3518895,leeg.pdf,,DA3479940,leeg.pdf,,DA3410811,leeg.pdf,,DA3313467,leeg.pdf,,DA3093664,leeg.pdf,,DA3298940,leeg.pdf,,DA3617514,leeg.pdf,,DA3773860,leeg.pdf,,DA3609745,leeg.pdf,,DA3328327,leeg.pdf,,DA3082184,leeg.pdf,
DA3135670,leeg.pdf,,DA3110211,leeg.pdf,,DA3655972,leeg.pdf,,DA3265745,leeg.pdf,,DA3377146,leeg.pdf,,DA3263532,leeg.pdf,,DA3374140,leeg.pdf,,DA3114870,leeg.pdf,,DA3924851,leeg.pdf,,DA3129474,leeg.pdf,,DA3103015,leeg.pdf,,DA3176104,leeg.pdf,,DA3370477,leeg.pdf,,DA3133546,leeg.pdf,,DA3365610,leeg.pdf,
DA3207556,leeg.pdf,,DA3470375,leeg.pdf,,DA3835442,leeg.pdf,,DA3582260,leeg.pdf,,DA3322594,leeg.pdf,,DA3067499,leeg.pdf,,DA3114960,leeg.pdf,,DA3162634,leeg.pdf,,DA3105912,leeg.pdf,,DA3396626,leeg.pdf,,DA3275605,leeg.pdf,,DA3130961,leeg.pdf,,DA3854208,leeg.pdf,,DA3259932,leeg.pdf,,DA3228726,leeg.pdf,
DA3480423,leeg.pdf,,DA3905445,leeg.pdf,,DA3288424,leeg.pdf,,DA3521654,leeg.pdf,,DA3500467,leeg.pdf,,DA3540081,leeg.pdf,,DA3743039,leeg.pdf,,DA3699253,leeg.pdf,,DA3280572,leeg.pdf,,DA3054591,leeg.pdf,,DA3077305,leeg.pdf,,DA3233360,leeg.pdf,,DA3121913,leeg.pdf,,DA3040594,leeg.pdf,,DA3246310,leeg.pdf,
DA3120957,leeg.pdf,,DA3459888,leeg.pdf,,DA3496867,leeg.pdf,,DA3294499,leeg.pdf,,DA3546481,leeg.pdf,,DA3857316,leeg.pdf,,DA3740089,leeg.pdf,,DA3700528,leeg.pdf,,DA3616645,leeg.pdf,,DA3334927,leeg.pdf,,DA3960232,leeg.pdf,,DA3913423,leeg.pdf,,DA3069367,leeg.pdf,,DA3041583,leeg.pdf,,DA3090302,leeg.pdf,
DA3433049,leeg.pdf,,DA3976004,leeg.pdf,,DA3089545,leeg.pdf,,DA3685058,leeg.pdf,,DA3775436,leeg.pdf,,DA3413259,leeg.pdf,,DA3536398,leeg.pdf,,DA3931214,leeg.pdf,,DA3409801,leeg.pdf,,DA3460901,leeg.pdf,,DA3580828,leeg.pdf,,DA3359979,leeg.pdf,,DA3617946,leeg.pdf,,DA3452386,leeg.pdf,,DA3120029,leeg.pdf,
DA3375939,leeg.pdf,,DA3426902,leeg.pdf,,DA3594348,leeg.pdf,,DA3056487,leeg.pdf,,DA3605993,leeg.pdf,,DA3359720,leeg.pdf,,DA3450306,leeg.pdf,,DA3623370,leeg.pdf,,DA3979447,leeg.pdf,,DA3952423,leeg.pdf,,DA3874287,leeg.pdf,,DA3513579,leeg.pdf,,DA3837232,leeg.pdf,,DA3605559,leeg.pdf,,DA3292658,leeg.pdf,
DA3241879,leeg.pdf,,DA3848951,leeg.pdf,,DA3134790,leeg.pdf,,DA3639138,leeg.pdf,,DA3682899,leeg.pdf,,DA3724876,leeg.pdf,,DA3707913,leeg.pdf,,DA3158297,leeg.pdf,,DA3170554,leeg.pdf,,DA3292995,leeg.pdf,,DA3324046,leeg.pdf,,DA3396722,leeg.pdf,,DA3988721,leeg.pdf,,DA3164055,leeg.pdf,,DA3408646,leeg.pdf,
DA3438491,leeg.pdf,,DA3342806,leeg.pdf,,DA3393677,leeg.pdf,,DA3282067,leeg.pdf,,DA3693609,leeg.pdf,,DA3722753,leeg.pdf,,DA3343104,leeg.pdf,,DA3140599,leeg.pdf,,DA3256546,leeg.pdf,,DA3231935,leeg.pdf,,DA3066936,leeg.pdf,,DA3271457,leeg.pdf,,DA3152850,leeg.pdf,,DA3939081,leeg.pdf,,DA3059269,leeg.pdf,
DA3119542,leeg.pdf,,DA3801892,leeg.pdf,,DA3471647,leeg.pdf,,DA3347392,leeg.pdf,,DA3236926,leeg.pdf,,DA3786018,leeg.pdf,,DA3881144,leeg.pdf,,DA3575386,leeg.pdf,,DA3796032,leeg.pdf,,DA3475312,leeg.pdf,,DA3268488,leeg.pdf,,DA3133359,leeg.pdf,,DA3082599,leeg.pdf,,DA3338333,leeg.pdf,,DA3990762,leeg.pdf,
DA3202577,leeg.pdf,,DA3888087,leeg.pdf,,DA3137713,leeg.pdf,,DA3528039,leeg.pdf,,DA3246411,leeg.pdf,,DA3083140,leeg.pdf,,DA3725352,leeg.pdf,,DA3717058,leeg.pdf,,DA3962996,leeg.pdf,,DA3768473,leeg.pdf,,DA3088237,leeg.pdf,,DA3808533,leeg.pdf,,DA3157316,leeg.pdf,,DA3986469,leeg.pdf,,DA3226009,leeg.pdf,
DA3041616,leeg.pdf,,DA3534263,leeg.pdf,,DA3054262,leeg.pdf,,DA3331465,leeg.pdf,,DA3283718,leeg.pdf,,DA3792108,leeg.pdf,,DA3358063,leeg.pdf,,DA3510579,leeg.pdf,,DA3063895,leeg.pdf,,DA3484703,leeg.pdf,,DA3322569,leeg.pdf,,DA3100345,leeg.pdf,,DA3874097,leeg.pdf,,DA3120163,leeg.pdf,,DA3614449,leeg.pdf,
DA3440135,leeg.pdf,,DA3432514,leeg.pdf,,DA3363645,leeg.pdf,,DA3387947,leeg.pdf,,DA3249306,leeg.pdf,,DA3059059,leeg.pdf,,DA3930153,leeg.pdf,,DA3046292,leeg.pdf,,DA3140220,leeg.pdf,,DA3098503,leeg.pdf,,DA3094679,leeg.pdf,,DA3198056,leeg.pdf,,DA3458687,leeg.pdf,,DA3356788,leeg.pdf,,DA3979852,leeg.pdf,
DA3513634,leeg.pdf,,DA3750043,leeg.pdf,,DA3865209,leeg.pdf,,DA3365631,leeg.pdf,,DA3714922,leeg.pdf,,DA3712401,leeg.pdf,,DA3349706,leeg.pdf,,DA3765657,leeg.pdf,,DA3314352,leeg.pdf,,DA3449342,leeg.pdf,,DA3165165,leeg.pdf,,DA3888026,leeg.pdf,,DA3780685,leeg.pdf,,DA3926469,leeg.pdf,,DA3800738,leeg.pdf,
DA3288885,leeg.pdf,,DA3559967,leeg.pdf,,DA3047522,leeg.pdf,,DA3740706,leeg.pdf,,DA3157231,leeg.pdf,,DA3158240,leeg.pdf,,DA3897949,leeg.pdf,,DA3111869,leeg.pdf,,DA3567530,leeg.pdf,,DA3350483,leeg.pdf,,DA3437696,leeg.pdf,,DA3845762,leeg.pdf,,DA3366124,leeg.pdf,,DA3294588,leeg.pdf,,DA3107779,leeg.pdf,
DA3395554,leeg.pdf,,DA3289875,leeg.pdf,,DA3542434,leeg.pdf,,DA3241025,leeg.pdf,,DA3490188,leeg.pdf,,DA3217873,leeg.pdf,,DA3079010,leeg.pdf,,DA3189862,leeg.pdf,,DA3461499,leeg.pdf,,DA3502532,leeg.pdf,,DA3431133,leeg.pdf,,DA3351080,leeg.pdf,,DA3154995,leeg.pdf,,DA3717054,leeg.pdf,,DA3363855,leeg.pdf,
DA3407287,leeg.pdf,,DA3126141,leeg.pdf,,DA3243636,leeg.pdf,,DA3035250,leeg.pdf,,DA3153682,leeg.pdf,,DA3979016,leeg.pdf,,DA3916074,leeg.pdf,,DA3066747,leeg.pdf,,DA3377537,leeg.pdf,,DA3877687,leeg.pdf,,DA3504668,leeg.pdf,,DA3144319,leeg.pdf,,DA3546854,leeg.pdf,,DA3266714,leeg.pdf,,DA3503379,leeg.pdf,
DA3803633,leeg.pdf,,DA3938747,leeg.pdf,,DA3982566,leeg.pdf,,DA3033462,leeg.pdf,,DA3098480,leeg.pdf,,DA3051051,leeg.pdf,,DA3761804,leeg.pdf,,DA3348000,leeg.pdf,,DA3455458,leeg.pdf,,DA3765644,leeg.pdf,,DA3726933,leeg.pdf,,DA3333348,leeg.pdf,,DA3868140,leeg.pdf,,DA3510504,leeg.pdf,,DA3058097,leeg.pdf,
DA3448494,leeg.pdf,,DA3918518,leeg.pdf,,DA3187955,leeg.pdf,,DA3477270,leeg.pdf,,DA3084580,leeg.pdf,,DA3921395,leeg.pdf,,DA3812707,leeg.pdf,,DA3298139,leeg.pdf,,DA3256976,leeg.pdf,,DA3366206,leeg.pdf,,DA3839776,leeg.pdf,,DA3286201,leeg.pdf,,DA3060509,leeg.pdf,,DA3809351,leeg.pdf,,DA3212401,leeg.pdf,
DA3484533,leeg.pdf,,DA3480093,leeg.pdf,,DA3958969,leeg.pdf,,DA3269620,leeg.pdf,,DA3929998,leeg.pdf,,DA3869699,leeg.pdf,,DA3231801,leeg.pdf,,DA3719178,leeg.pdf,,DA3286041,leeg.pdf,,DA3571151,leeg.pdf,,DA3812122,leeg.pdf,,DA3770864,leeg.pdf,,DA3338263,leeg.pdf,,DA3092763,leeg.pdf,,DA3218722,leeg.pdf,
DA3936214,leeg.pdf,,DA3803682,leeg.pdf,,DA3307199,leeg.pdf,,DA3431065,leeg.pdf,,DA3096465,leeg.pdf,,DA3578067,leeg.pdf,,DA3691764,leeg.pdf,,DA3315509,leeg.pdf,,DA3228399,leeg.pdf,,DA3186969,leeg.pdf,,DA3783952,leeg.pdf,,DA3871161,leeg.pdf,,DA3411125,leeg.pdf,,DA3643586,leeg.pdf,,DA3734029,leeg.pdf,
DA3709867,leeg.pdf,,DA3285229,leeg.pdf,,DA3679923,leeg.pdf,,DA3169822,leeg.pdf,,DA3863844,leeg.pdf,,DA3235649,leeg.pdf,,DA3341232,leeg.pdf,,DA3296052,leeg.pdf,,DA3261796,leeg.pdf,,DA3271405,leeg.pdf,,DA3795890,leeg.pdf,,DA3162193,leeg.pdf,,DA3957062,leeg.pdf,,DA3777169,leeg.pdf,,DA3548026,leeg.pdf,
DA3308811,leeg.pdf,,DA3108460,leeg.pdf,,DA3589815,leeg.pdf,,DA3563258,leeg.pdf,,DA3042948,leeg.pdf,,DA3811074,leeg.pdf,,DA3559621,leeg.pdf,,DA3202601,leeg.pdf,,DA3132800,leeg.pdf,,DA3430583,leeg.pdf,,DA3650467,leeg.pdf,,DA3266986,leeg.pdf,,DA3838686,leeg.pdf,,DA3678939,leeg.pdf,,DA3340317,leeg.pdf,
DA3505436,leeg.pdf,,DA3341693,leeg.pdf,,DA3259176,leeg.pdf,,DA3226890,leeg.pdf,,DA3601362,leeg.pdf,,DA3633519,leeg.pdf,,DA3947404,leeg.pdf,,DA3111016,leeg.pdf,,DA3169041,leeg.pdf,,DA3275460,leeg.pdf,,DA3172414,leeg.pdf,,DA3355436,leeg.pdf,,DA3126613,leeg.pdf,,DA3678932,leeg.pdf,,DA3273811,leeg.pdf,
DA3137099,leeg.pdf,,DA3702608,leeg.pdf,,DA3664334,leeg.pdf,,DA3110825,leeg.pdf,,DA3094305,leeg.pdf,,DA3787954,leeg.pdf,,DA3104500,leeg.pdf,,DA3529723,leeg.pdf,,DA3836322,leeg.pdf,,DA3269519,leeg.pdf,,DA3199049,leeg.pdf,,DA3223005,leeg.pdf,,DA3241584,leeg.pdf,,DA3333787,leeg.pdf,,DA3371859,leeg.pdf,
DA3801554,leeg.pdf,,DA3040691,leeg.pdf,,DA3873157,leeg.pdf,,DA3563244,leeg.pdf,,DA3158904,leeg.pdf,,DA3678356,leeg.pdf,,DA3217571,leeg.pdf,,DA3820474,leeg.pdf,,DA3276499,leeg.pdf,,DA3514332,leeg.pdf,,DA3844239,leeg.pdf,,DA3899731,leeg.pdf,,DA3235979,leeg.pdf,,DA3824543,leeg.pdf,,DA3126699,leeg.pdf,
DA3837892,leeg.pdf,,DA3181052,leeg.pdf,,DA3641469,leeg.pdf,,DA3828809,leeg.pdf,,DA3980809,leeg.pdf,,DA3238630,leeg.pdf,,DA3592671,leeg.pdf,,DA3882353,leeg.pdf,,DA3908666,leeg.pdf,,DA3114299,leeg.pdf,,DA3221782,leeg.pdf,,DA3624897,leeg.pdf,,DA3048587,leeg.pdf,,DA3843077,leeg.pdf,,DA3796729,leeg.pdf,
DA3060994,leeg.pdf,,DA3411234,leeg.pdf,,DA3070323,leeg.pdf,,DA3827365,leeg.pdf,,DA3222479,leeg.pdf,,DA3196196,leeg.pdf,,DA3569159,leeg.pdf,,DA3478275,leeg.pdf,,DA3436014,leeg.pdf,,DA3747232,leeg.pdf,,DA3075486,leeg.pdf,,DA3989056,leeg.pdf,,DA3680443,leeg.pdf,,DA3127512,leeg.pdf,,DA3101414,leeg.pdf,
DA3032956,leeg.pdf,,DA3586418,leeg.pdf,,DA3045488,leeg.pdf,,DA3915884,leeg.pdf,,DA3171697,leeg.pdf,,DA3116444,leeg.pdf,,DA3590851,leeg.pdf,,DA3052821,leeg.pdf,,DA3464497,leeg.pdf,,DA3608960,leeg.pdf,,DA3117631,leeg.pdf,,DA3332663,leeg.pdf,,DA3664358,leeg.pdf,,DA3649078,leeg.pdf,,DA3860206,leeg.pdf,
DA3233248,leeg.pdf,,DA3994885,leeg.pdf,,DA3125965,leeg.pdf,,DA3114400,leeg.pdf,,DA3867550,leeg.pdf,,DA3876877,leeg.pdf,,DA3812648,leeg.pdf,,DA3415312,leeg.pdf,,DA3144842,leeg.pdf,,DA3149570,leeg.pdf,,DA3073655,leeg.pdf,,DA3368061,leeg.pdf,,DA3492962,leeg.pdf,,DA3929754,leeg.pdf,,DA3115857,leeg.pdf,
DA3170652,leeg.pdf,,DA3549728,leeg.pdf,,DA3476731,leeg.pdf,,DA3205275,leeg.pdf,,DA3295509,leeg.pdf,,DA3840411,leeg.pdf,,DA3073328,leeg.pdf,,DA3783461,leeg.pdf,,DA3131362,leeg.pdf,,DA3629809,leeg.pdf,,DA3894540,leeg.pdf,,DA3579735,leeg.pdf,,DA3888532,leeg.pdf,,DA3392929,leeg.pdf,,DA3074722,leeg.pdf,
DA3213236,leeg.pdf,,DA3083050,leeg.pdf,,DA3825868,leeg.pdf,,DA3178518,leeg.pdf,,DA3705117,leeg.pdf,,DA3681151,leeg.pdf,,DA3044751,leeg.pdf,,DA3208190,leeg.pdf,,DA3708137,leeg.pdf,,DA3388011,leeg.pdf,,DA3397198,leeg.pdf,,DA3184810,leeg.pdf,,DA3135345,leeg.pdf,,DA3882111,leeg.pdf,,DA3526284,leeg.pdf,
DA3388827,leeg.pdf,,DA3914227,leeg.pdf,,DA3607217,leeg.pdf,,DA3306590,leeg.pdf,,DA3943196,leeg.pdf,,DA3807194,leeg.pdf,,DA3772677,leeg.pdf,,DA3416856,leeg.pdf,,DA3458359,leeg.pdf,,DA3687987,leeg.pdf,,DA3299716,leeg.pdf,,DA3240682,leeg.pdf,,DA3309245,leeg.pdf,,DA3062275,leeg.pdf,,DA3312459,leeg.pdf,
DA3094537,leeg.pdf,,DA3107696,leeg.pdf,,DA3124452,leeg.pdf,,DA3455251,leeg.pdf,,DA3367471,leeg.pdf,,DA3780314,leeg.pdf,,DA3709722,leeg.pdf,,DA3594765,leeg.pdf,,DA3978286,leeg.pdf,,DA3629310,leeg.pdf,,DA3914280,leeg.pdf,,DA3277491,leeg.pdf,,DA3332542,leeg.pdf,,DA3457160,leeg.pdf,,DA3432990,leeg.pdf,
DA3208421,leeg.pdf,,DA3823660,leeg.pdf,,DA3177430,leeg.pdf,,DA3559582,leeg.pdf,,DA3812026,leeg.pdf,,DA3398100,leeg.pdf,,DA3853724,leeg.pdf,,DA3407178,leeg.pdf,,DA3868205,leeg.pdf,,DA3593092,leeg.pdf,,DA3109189,leeg.pdf,,DA3208314,leeg.pdf,,DA3595126,leeg.pdf,,DA3215885,leeg.pdf,,DA3480971,leeg.pdf,
DA3410133,leeg.pdf,,DA3798739,leeg.pdf,,DA3120569,leeg.pdf,,DA3641158,leeg.pdf,,DA3195143,leeg.pdf,,DA3151612,leeg.pdf,,DA3789442,leeg.pdf,,DA3980262,leeg.pdf,,DA3158888,leeg.pdf,,DA3109950,leeg.pdf,,DA3219253,leeg.pdf,,DA3974779,leeg.pdf,,DA3331479,leeg.pdf,,DA3123027,leeg.pdf,,DA3102682,leeg.pdf,
DA3489095,leeg.pdf,,DA3359219,leeg.pdf,,DA3827836,leeg.pdf,,DA3158209,leeg.pdf,,DA3987409,leeg.pdf,,DA3692209,leeg.pdf,,DA3161851,leeg.pdf,,DA3128195,leeg.pdf,,DA3914914,leeg.pdf,,DA3596649,leeg.pdf,,DA3291090,leeg.pdf,,DA3850570,leeg.pdf,,DA3196784,leeg.pdf,,DA3215121,leeg.pdf,,DA3292159,leeg.pdf,
DA3529604,leeg.pdf,,DA3996219,leeg.pdf,,DA3575122,leeg.pdf,,DA3685124,leeg.pdf,,DA3657884,leeg.pdf,,DA3855670,leeg.pdf,,DA3119678,leeg.pdf,,DA3123611,leeg.pdf,,DA3173447,leeg.pdf,,DA3082354,leeg.pdf,,DA3495916,leeg.pdf,,DA3620915,leeg.pdf,,DA3672815,leeg.pdf,,DA3858057,leeg.pdf,,DA3086802,leeg.pdf,
DA3954842,leeg.pdf,,DA3315072,leeg.pdf,,DA3116427,leeg.pdf,,DA3449040,leeg.pdf,,DA3268377,leeg.pdf,,DA3412465,leeg.pdf,,DA3897504,leeg.pdf,,DA3589431,leeg.pdf,,DA3321168,leeg.pdf,,DA3250974,leeg.pdf,,DA3551577,leeg.pdf,,DA3630598,leeg.pdf,,DA3726922,leeg.pdf,,DA3430079,leeg.pdf,,DA3731387,leeg.pdf,
DA3563855,leeg.pdf,,DA3143116,leeg.pdf,,DA3185031,leeg.pdf,,DA3897898,leeg.pdf,,DA3536598,leeg.pdf,,DA3414909,leeg.pdf,,DA3467132,leeg.pdf,,DA3495048,leeg.pdf,,DA3980836,leeg.pdf,,DA3879432,leeg.pdf,,DA3585201,leeg.pdf,,DA3755980,leeg.pdf,,DA3641028,leeg.pdf,,DA3278146,leeg.pdf,,DA3233024,leeg.pdf,
DA3511918,leeg.pdf,,DA3118740,leeg.pdf,,DA3046114,leeg.pdf,,DA3246695,leeg.pdf,,DA3477399,leeg.pdf,,DA3849825,leeg.pdf,,DA3491538,leeg.pdf,,DA3899430,leeg.pdf,,DA3711678,leeg.pdf,,DA3275447,leeg.pdf,,DA3129945,leeg.pdf,,DA3272476,leeg.pdf,,DA3177897,leeg.pdf,,DA3368479,leeg.pdf,,DA3252527,leeg.pdf,
DA3283387,leeg.pdf,,DA3428806,leeg.pdf,,DA3209796,leeg.pdf,,DA3725482,leeg.pdf,,DA3037747,leeg.pdf,,DA3304523,leeg.pdf,,DA3960516,leeg.pdf,,DA3355101,leeg.pdf,,DA3364650,leeg.pdf,,DA3069991,leeg.pdf,,DA3488957,leeg.pdf,,DA3738181,leeg.pdf,,DA3568917,leeg.pdf,,DA3055272,leeg.pdf,,DA3727255,leeg.pdf,
DA3402955,leeg.pdf,,DA3096954,leeg.pdf,,DA3181812,leeg.pdf,,DA3650571,leeg.pdf,,DA3161901,leeg.pdf,,DA3729644,leeg.pdf,,DA3052818,leeg.pdf,,DA3056291,leeg.pdf,,DA3441977,leeg.pdf,,DA3905287,leeg.pdf,,DA3714708,leeg.pdf,,DA3060223,leeg.pdf,,DA3165416,leeg.pdf,,DA3439888,leeg.pdf,,DA3416213,leeg.pdf,
DA3316525,leeg.pdf,,DA3089424,leeg.pdf,,DA3497746,leeg.pdf,,DA3848201,leeg.pdf,,DA3391040,leeg.pdf,,DA3127700,leeg.pdf,,DA3549236,leeg.pdf,,DA3980601,leeg.pdf,,DA3140186,leeg.pdf,,DA3733486,leeg.pdf,,DA3390012,leeg.pdf,,DA3052051,leeg.pdf,,DA3196945,leeg.pdf,,DA3201192,leeg.pdf,,DA3110406,leeg.pdf,
DA3106630,leeg.pdf,,DA3102656,leeg.pdf,,DA3668284,leeg.pdf,,DA3581613,leeg.pdf,,DA3294089,leeg.pdf,,DA3127060,leeg.pdf,,DA3477780,leeg.pdf,,DA3780542,leeg.pdf,,DA3334818,leeg.pdf,,DA3595237,leeg.pdf,,DA3539028,leeg.pdf,,DA3150427,leeg.pdf,,DA3709329,leeg.pdf,,DA3351741,leeg.pdf,,DA3057366,leeg.pdf,
DA3462646,leeg.pdf,,DA3962300,leeg.pdf,,DA3293471,leeg.pdf,,DA3228927,leeg.pdf,,DA3927613,leeg.pdf,,DA3798035,leeg.pdf,,DA3146535,leeg.pdf,,DA3895308,leeg.pdf,,DA3356119,leeg.pdf,,DA3734768,leeg.pdf,,DA3064912,leeg.pdf,,DA3915393,leeg.pdf,,DA3786259,leeg.pdf,,DA3182452,leeg.pdf,,DA3731892,leeg.pdf,
DA3501698,leeg.pdf,,DA3405474,leeg.pdf,,DA3254886,leeg.pdf,,DA3380561,leeg.pdf,,DA3228958,leeg.pdf,,DA3047538,leeg.pdf,,DA3214422,leeg.pdf,,DA3058661,leeg.pdf,,DA3035859,leeg.pdf,,DA3347488,leeg.pdf,,DA3149982,leeg.pdf,,DA3311862,leeg.pdf,,DA3700942,leeg.pdf,,DA3216198,leeg.pdf,,DA3656756,leeg.pdf,
DA3132929,leeg.pdf,,DA3976063,leeg.pdf,,DA3100755,leeg.pdf,,DA3069060,leeg.pdf,,DA3286145,leeg.pdf,,DA3128141,leeg.pdf,,DA3052237,leeg.pdf,,DA3215441,leeg.pdf,,DA3998976,leeg.pdf,,DA3956398,leeg.pdf,,DA3231422,leeg.pdf,,DA3947915,leeg.pdf,,DA3856620,leeg.pdf,,DA3642406,leeg.pdf,,DA3685447,leeg.pdf,
DA3193903,leeg.pdf,,DA3780275,leeg.pdf,,DA3273762,leeg.pdf,,DA3744093,leeg.pdf,,DA3078198,leeg.pdf,,DA3500358,leeg.pdf,,DA3970051,leeg.pdf,,DA3231719,leeg.pdf,,DA3341893,leeg.pdf,,DA3487751,leeg.pdf,,DA3731685,leeg.pdf,,DA3731694,leeg.pdf,,DA3847985,leeg.pdf,,DA3424945,leeg.pdf,,DA3661267,leeg.pdf,
DA3319925,leeg.pdf,,DA3714496,leeg.pdf,,DA3322306,leeg.pdf,,DA3159433,leeg.pdf,,DA3942791,leeg.pdf,,DA3760474,leeg.pdf,,DA3445541,leeg.pdf,,DA3077236,leeg.pdf,,DA3579020,leeg.pdf,,DA3270552,leeg.pdf,,DA3147703,leeg.pdf,,DA3299579,leeg.pdf,,DA3093544,leeg.pdf,,DA3539298,leeg.pdf,,DA3265519,leeg.pdf,
DA3583011,leeg.pdf,,DA3710141,leeg.pdf,,DA3455530,leeg.pdf,,DA3091278,leeg.pdf,,DA3123660,leeg.pdf,,DA3049487,leeg.pdf,,DA3539160,leeg.pdf,,DA3990923,leeg.pdf,,DA3704918,leeg.pdf,,DA3240488,leeg.pdf,,DA3239544,leeg.pdf,,DA3293822,leeg.pdf,,DA3984296,leeg.pdf,,DA3768623,leeg.pdf,,DA3366198,leeg.pdf,
DA3409973,leeg.pdf,,DA3316119,leeg.pdf,,DA3561406,leeg.pdf,,DA3645772,leeg.pdf,,DA3625409,leeg.pdf,,DA3783352,leeg.pdf,,DA3490269,leeg.pdf,,DA3354794,leeg.pdf,,DA3482178,leeg.pdf,,DA3151860,leeg.pdf,,DA3283506,leeg.pdf,,DA3336813,leeg.pdf,,DA3853701,leeg.pdf,,DA3211016,leeg.pdf,,DA3725152,leeg.pdf,
DA3042157,leeg.pdf,,DA3426349,leeg.pdf,,DA3366151,leeg.pdf,,DA3867072,leeg.pdf,,DA3133936,leeg.pdf,,DA3151415,leeg.pdf,,DA3119711,leeg.pdf,,DA3322912,leeg.pdf,,DA3113255,leeg.pdf,,DA3336148,leeg.pdf,,DA3269454,leeg.pdf,,DA3975611,leeg.pdf,,DA3192924,leeg.pdf,,DA3957465,leeg.pdf,,DA3251580,leeg.pdf,
DA3831478,leeg.pdf,,DA3187673,leeg.pdf,,DA3096897,leeg.pdf,,DA3080119,leeg.pdf,,DA3053667,leeg.pdf,,DA3143061,leeg.pdf,,DA3834392,leeg.pdf,,DA3196767,leeg.pdf,,DA3305089,leeg.pdf,,DA3753052,leeg.pdf,,DA3700957,leeg.pdf,,DA3079402,leeg.pdf,,DA3715867,leeg.pdf,,DA3123479,leeg.pdf,,DA3287731,leeg.pdf,
DA3156204,leeg.pdf,,DA3485561,leeg.pdf,,DA3629684,leeg.pdf,,DA3837491,leeg.pdf,,DA3069098,leeg.pdf,,DA3329540,leeg.pdf,,DA3202591,leeg.pdf,,DA3377605,leeg.pdf,,DA3124978,leeg.pdf,,DA3733391,leeg.pdf,,DA3095462,leeg.pdf,,DA3671863,leeg.pdf,,DA3267053,leeg.pdf,,DA3816026,leeg.pdf,,DA3123250,leeg.pdf,
DA3104269,leeg.pdf,,DA3904111,leeg.pdf,,DA3994920,leeg.pdf,,DA3445094,leeg.pdf,,DA3410544,leeg.pdf,,DA3927848,leeg.pdf,,DA3228448,leeg.pdf,,DA3131592,leeg.pdf,,DA3378404,leeg.pdf,,DA3392588,leeg.pdf,,DA3921600,leeg.pdf,,DA3181902,leeg.pdf,,DA3209138,leeg.pdf,,DA3357054,leeg.pdf,,DA3066786,leeg.pdf,
DA3035033,leeg.pdf,,DA3410419,leeg.pdf,,DA3513565,leeg.pdf,,DA3496034,leeg.pdf,,DA3649114,leeg.pdf,,DA3691992,leeg.pdf,,DA3873896,leeg.pdf,,DA3657201,leeg.pdf,,DA3940409,leeg.pdf,,DA3195411,leeg.pdf,,DA3687851,leeg.pdf,,DA3164324,leeg.pdf,,DA3099608,leeg.pdf,,DA3101348,leeg.pdf,,DA3600009,leeg.pdf,
DA3907153,leeg.pdf,,DA3421801,leeg.pdf,,DA3759772,leeg.pdf,,DA3833340,leeg.pdf,,DA3432609,leeg.pdf,,DA3619425,leeg.pdf,,DA3117712,leeg.pdf,,DA3200890,leeg.pdf,,DA3175843,leeg.pdf,,DA3762034,leeg.pdf,,DA3117598,leeg.pdf,,DA3750034,leeg.pdf,,DA3107121,leeg.pdf,,DA3700629,leeg.pdf,,DA3125426,leeg.pdf,
DA3466796,leeg.pdf,,DA3439222,leeg.pdf,,DA3624373,leeg.pdf,,DA3553266,leeg.pdf,,DA3173131,leeg.pdf,,DA3503581,leeg.pdf,,DA3914357,leeg.pdf,,DA3248128,leeg.pdf,,DA3402854,leeg.pdf,,DA3151307,leeg.pdf,,DA3707164,leeg.pdf,,DA3332512,leeg.pdf,,DA3550970,leeg.pdf,,DA3234153,leeg.pdf,,DA3564868,leeg.pdf,
DA3571072,leeg.pdf,,DA3994929,leeg.pdf,,DA3384044,leeg.pdf,,DA3406224,leeg.pdf,,DA3685654,leeg.pdf,,DA3737097,leeg.pdf,,DA3359615,leeg.pdf,,DA3225365,leeg.pdf,,DA3702141,leeg.pdf,,DA3119792,leeg.pdf,,DA3310507,leeg.pdf,,DA3351658,leeg.pdf,,DA3260018,leeg.pdf,,DA3069119,leeg.pdf,,DA3874125,leeg.pdf,
DA3204414,leeg.pdf,,DA3989862,leeg.pdf,,DA3286300,leeg.pdf,,DA3074825,leeg.pdf,,DA3613004,leeg.pdf,,DA3059151,leeg.pdf,,DA3737634,leeg.pdf,,DA3094898,leeg.pdf,,DA3453603,leeg.pdf,,DA3375193,leeg.pdf,,DA3183151,leeg.pdf,,DA3428874,leeg.pdf,,DA3311941,leeg.pdf,,DA3068269,leeg.pdf,,DA3892158,leeg.pdf,
DA3531306,leeg.pdf,,DA3179013,leeg.pdf,,DA3067911,leeg.pdf,,DA3133460,leeg.pdf,,DA3422571,leeg.pdf,,DA3202104,leeg.pdf,,DA3453622,leeg.pdf,,DA3364574,leeg.pdf,,DA3166446,leeg.pdf,,DA3510290,leeg.pdf,,DA3543085,leeg.pdf,,DA3090776,leeg.pdf,,DA3803951,leeg.pdf,,DA3231105,leeg.pdf,,DA3132611,leeg.pdf,
DA3925422,leeg.pdf,,DA3049412,leeg.pdf,,DA3042207,leeg.pdf,,DA3556207,leeg.pdf,,DA3954071,leeg.pdf,,DA3458042,leeg.pdf,,DA3340609,leeg.pdf,,DA3287943,leeg.pdf,,DA3194220,leeg.pdf,,DA3162198,leeg.pdf,,DA3384251,leeg.pdf,,DA3852545,leeg.pdf,,DA3931552,leeg.pdf,,DA3636267,leeg.pdf,,DA3837878,leeg.pdf,
DA3848657,leeg.pdf,,DA3522005,leeg.pdf,,DA3919929,leeg.pdf,,DA3600984,leeg.pdf,,DA3101788,leeg.pdf,,DA3172413,leeg.pdf,,DA3999778,leeg.pdf,,DA3655396,leeg.pdf,,DA3921085,leeg.pdf,,DA3167885,leeg.pdf,,DA3126309,leeg.pdf,,DA3267089,leeg.pdf,,DA3240156,leeg.pdf,,DA3240503,leeg.pdf,,DA3352367,leeg.pdf,
DA3394419,leeg.pdf,,DA3782901,leeg.pdf,,DA3393227,leeg.pdf,,DA3189798,leeg.pdf,,DA3178101,leeg.pdf,,DA3241790,leeg.pdf,,DA3357288,leeg.pdf,,DA3833474,leeg.pdf,,DA3512171,leeg.pdf,,DA3409949,leeg.pdf,,DA3997968,leeg.pdf,,DA3845387,leeg.pdf,,DA3423088,leeg.pdf,,DA3432722,leeg.pdf,,DA3978101,leeg.pdf,
DA3809064,leeg.pdf,,DA3499868,leeg.pdf,,DA3064589,leeg.pdf,,DA3964375,leeg.pdf,,DA3603554,leeg.pdf,,DA3421355,leeg.pdf,,DA3770566,leeg.pdf,,DA3865178,leeg.pdf,,DA3054378,leeg.pdf,,DA3641068,leeg.pdf,,DA3431693,leeg.pdf,,DA3838601,leeg.pdf,,DA3313165,leeg.pdf,,DA3788272,leeg.pdf,,DA3447066,leeg.pdf,
DA3246475,leeg.pdf,,DA3183782,leeg.pdf,,DA3734075,leeg.pdf,,DA3410576,leeg.pdf,,DA3683526,leeg.pdf,,DA3694016,leeg.pdf,,DA3967438,leeg.pdf,,DA3260067,leeg.pdf,,DA3154108,leeg.pdf,,DA3696205,leeg.pdf,,DA3244993,leeg.pdf,,DA3153721,leeg.pdf,,DA3943501,leeg.pdf,,DA3123453,leeg.pdf,,DA3453340,leeg.pdf,
DA3194433,leeg.pdf,,DA3158515,leeg.pdf,,DA3679078,leeg.pdf,,DA3835658,leeg.pdf,,DA3138160,leeg.pdf,,DA3165756,leeg.pdf,,DA3130665,leeg.pdf,,DA3541285,leeg.pdf,,DA3413667,leeg.pdf,,DA3666263,leeg.pdf,,DA3430470,leeg.pdf,,DA3672701,leeg.pdf,,DA3044675,leeg.pdf,,DA3228376,leeg.pdf,,DA3186852,leeg.pdf,
DA3104348,leeg.pdf,,DA3569811,leeg.pdf,,DA3045339,leeg.pdf,,DA3821103,leeg.pdf,,DA3120696,leeg.pdf,,DA3033258,leeg.pdf,,DA3499114,leeg.pdf,,DA3837413,leeg.pdf,,DA3712877,leeg.pdf,,DA3479879,leeg.pdf,,DA3182809,leeg.pdf,,DA3549739,leeg.pdf,,DA3683134,leeg.pdf,,DA3184229,leeg.pdf,,DA3828641,leeg.pdf,
DA3284511,leeg.pdf,,DA3247964,leeg.pdf,,DA3165499,leeg.pdf,,DA3835065,leeg.pdf,,DA3391732,leeg.pdf,,DA3284726,leeg.pdf,,DA3051737,leeg.pdf,,DA3253505,leeg.pdf,,DA3870800,leeg.pdf,,DA3168924,leeg.pdf,,DA3349534,leeg.pdf,,DA3044178,leeg.pdf,,DA3110802,leeg.pdf,,DA3383259,leeg.pdf,,DA3250245,leeg.pdf,
DA3670025,leeg.pdf,,DA3123933,leeg.pdf,,DA3426678,leeg.pdf,,DA3790881,leeg.pdf,,DA3345472,leeg.pdf,,DA3355833,leeg.pdf,,DA3977082,leeg.pdf,,DA3280737,leeg.pdf,,DA3364070,leeg.pdf,,DA3464834,leeg.pdf,,DA3944147,leeg.pdf,,DA3432133,leeg.pdf,,DA3352662,leeg.pdf,,DA3053566,leeg.pdf,,DA3259634,leeg.pdf,
DA3353750,leeg.pdf,,DA3433167,leeg.pdf,,DA3189662,leeg.pdf,,DA3222898,leeg.pdf,,DA3957685,leeg.pdf,,DA3311417,leeg.pdf,,DA3575539,leeg.pdf,,DA3581888,leeg.pdf,,DA3782461,leeg.pdf,,DA3569843,leeg.pdf,,DA3238425,leeg.pdf,,DA3943680,leeg.pdf,,DA3314132,leeg.pdf,,DA3927289,leeg.pdf,,DA3342611,leeg.pdf,
DA3612366,leeg.pdf,,DA3117015,leeg.pdf,,DA3123955,leeg.pdf,,DA3666275,leeg.pdf,,DA3277025,leeg.pdf,,DA3429882,leeg.pdf,,DA3097438,leeg.pdf,,DA3206360,leeg.pdf,,DA3070697,leeg.pdf,,DA3049689,leeg.pdf,,DA3142163,leeg.pdf,,DA3068383,leeg.pdf,,DA3874298,leeg.pdf,,DA3675667,leeg.pdf,,DA3566843,leeg.pdf,
DA3970087,leeg.pdf,,DA3568275,leeg.pdf,,DA3659200,leeg.pdf,,DA3146387,leeg.pdf,,DA3863118,leeg.pdf,,DA3044727,leeg.pdf,,DA3590679,leeg.pdf,,DA3824735,leeg.pdf,,DA3589032,leeg.pdf,,DA3666904,leeg.pdf,,DA3182398,leeg.pdf,,DA3652205,leeg.pdf,,DA3080052,leeg.pdf,,DA3840055,leeg.pdf,,DA3494893,leeg.pdf,
DA3683766,leeg.pdf,,DA3156708,leeg.pdf,,DA3180825,leeg.pdf,,DA3056845,leeg.pdf,,DA3301739,leeg.pdf,,DA3936763,leeg.pdf,,DA3101691,leeg.pdf,,DA3752564,leeg.pdf,,DA3065098,leeg.pdf,,DA3746137,leeg.pdf,,DA3274333,leeg.pdf,,DA3356302,leeg.pdf,,DA3489680,leeg.pdf,,DA3884965,leeg.pdf,,DA3868628,leeg.pdf,
DA3682048,leeg.pdf,,DA3563247,leeg.pdf,,DA3665473,leeg.pdf,,DA3954688,leeg.pdf,,DA3525237,leeg.pdf,,DA3990837,leeg.pdf,,DA3253547,leeg.pdf,,DA3111546,leeg.pdf,,DA3870627,leeg.pdf,,DA3273450,leeg.pdf,,DA3646488,leeg.pdf,,DA3789401,leeg.pdf,,DA3161906,leeg.pdf,,DA3500028,leeg.pdf,,DA3367564,leeg.pdf,
DA3489471,leeg.pdf,,DA3286325,leeg.pdf,,DA3104383,leeg.pdf,,DA3838385,leeg.pdf,,DA3521742,leeg.pdf,,DA3089212,leeg.pdf,,DA3638976,leeg.pdf,,DA3138266,leeg.pdf,,DA3106710,leeg.pdf,,DA3591815,leeg.pdf,,DA3295715,leeg.pdf,,DA3135275,leeg.pdf,,DA3913823,leeg.pdf,,DA3117362,leeg.pdf,,DA3357483,leeg.pdf,
DA3751478,leeg.pdf,,DA3238513,leeg.pdf,,DA3078603,leeg.pdf,,DA3078971,leeg.pdf,,DA3491110,leeg.pdf,,DA3286454,leeg.pdf,,DA3996716,leeg.pdf,,DA3375552,leeg.pdf,,DA3408244,leeg.pdf,,DA3052071,leeg.pdf,,DA3682022,leeg.pdf,,DA3290225,leeg.pdf,,DA3570002,leeg.pdf,,DA3542845,leeg.pdf,,DA3250522,leeg.pdf,
DA3180714,leeg.pdf,,DA3704123,leeg.pdf,,DA3914417,leeg.pdf,,DA3076650,leeg.pdf,,DA3558099,leeg.pdf,,DA3232468,leeg.pdf,,DA3754245,leeg.pdf,,DA3499043,leeg.pdf,,DA3619050,leeg.pdf,,DA3399333,leeg.pdf,,DA3064178,leeg.pdf,,DA3518167,leeg.pdf,,DA3960822,leeg.pdf,,DA3724858,leeg.pdf,,DA3388536,leeg.pdf,
DA3341532,leeg.pdf,,DA3564685,leeg.pdf,,DA3873573,leeg.pdf,,DA3117082,leeg.pdf,,DA3419901,leeg.pdf,,DA3472795,leeg.pdf,,DA3507731,leeg.pdf,,DA3233268,leeg.pdf,,DA3209391,leeg.pdf,,DA3614843,leeg.pdf,,DA3762100,leeg.pdf,,DA3315116,leeg.pdf,,DA3140413,leeg.pdf,,DA3803758,leeg.pdf,,DA3080020,leeg.pdf,
DA3565001,leeg.pdf,,DA3576412,leeg.pdf,,DA3227557,leeg.pdf,,DA3069504,leeg.pdf,,DA3058607,leeg.pdf,,DA3604647,leeg.pdf,,DA3515990,leeg.pdf,,DA3382221,leeg.pdf,,DA3988653,leeg.pdf,,DA3146962,leeg.pdf,,DA3079810,leeg.pdf,,DA3323453,leeg.pdf,,DA3785940,leeg.pdf,,DA3169764,leeg.pdf,,DA3468164,leeg.pdf,
DA3496503,leeg.pdf,,DA3140895,leeg.pdf,,DA3592168,leeg.pdf,,DA3675420,leeg.pdf,,DA3827475,leeg.pdf,,DA3637341,leeg.pdf,,DA3595832,leeg.pdf,,DA3202356,leeg.pdf,,DA3927926,leeg.pdf,,DA3303197,leeg.pdf,,DA3038194,leeg.pdf,,DA3502516,leeg.pdf,,DA3189144,leeg.pdf,,DA3690431,leeg.pdf,,DA3768362,leeg.pdf,
DA3820194,leeg.pdf,,DA3520814,leeg.pdf,,DA3572882,leeg.pdf,,DA3920873,leeg.pdf,,DA3067665,leeg.pdf,,DA3445633,leeg.pdf,,DA3186231,leeg.pdf,,DA3549852,leeg.pdf,,DA3828042,leeg.pdf,,DA3058124,leeg.pdf,,DA3924746,leeg.pdf,,DA3533692,leeg.pdf,,DA3333807,leeg.pdf,,DA3622078,leeg.pdf,,DA3138097,leeg.pdf,
DA3290680,leeg.pdf,,DA3474942,leeg.pdf,,DA3567375,leeg.pdf,,DA3186164,leeg.pdf,,DA3962528,leeg.pdf,,DA3848958,leeg.pdf,,DA3674223,leeg.pdf,,DA3384299,leeg.pdf,,DA3064388,leeg.pdf,,DA3228237,leeg.pdf,,DA3190215,leeg.pdf,,DA3692335,leeg.pdf,,DA3105558,leeg.pdf,,DA3347945,leeg.pdf,,DA3145119,leeg.pdf,
DA3355254,leeg.pdf,,DA3618675,leeg.pdf,,DA3174753,leeg.pdf,,DA3179054,leeg.pdf,,DA3105847,leeg.pdf,,DA3962876,leeg.pdf,,DA3626533,leeg.pdf,,DA3053162,leeg.pdf,,DA3588714,leeg.pdf,,DA3145918,leeg.pdf,,DA3168507,leeg.pdf,,DA3154030,leeg.pdf,,DA3190244,leeg.pdf,,DA3864538,leeg.pdf,,DA3466494,leeg.pdf,
DA3086796,leeg.pdf,,DA3163890,leeg.pdf,,DA3849550,leeg.pdf,,DA3136050,leeg.pdf,,DA3807202,leeg.pdf,,DA3430626,leeg.pdf,,DA3166327,leeg.pdf,,DA3190080,leeg.pdf,,DA3166298,leeg.pdf,,DA3893636,leeg.pdf,,DA3164299,leeg.pdf,,DA3539857,leeg.pdf,,DA3973817,leeg.pdf,,DA3179078,leeg.pdf,,DA3128630,leeg.pdf,
DA3387141,leeg.pdf,,DA3704934,leeg.pdf,,DA3833177,leeg.pdf,,DA3567229,leeg.pdf,,DA3363613,leeg.pdf,,DA3224138,leeg.pdf,,DA3155629,leeg.pdf,,DA3206564,leeg.pdf,,DA3825421,leeg.pdf,,DA3401680,leeg.pdf,,DA3089232,leeg.pdf,,DA3323653,leeg.pdf,,DA3715009,leeg.pdf,,DA3261961,leeg.pdf,,DA3379399,leeg.pdf,
DA3254063,leeg.pdf,,DA3516618,leeg.pdf,,DA3467996,leeg.pdf,,DA3652102,leeg.pdf,,DA3897207,leeg.pdf,,DA3484959,leeg.pdf,,DA3236975,leeg.pdf,,DA3711367,leeg.pdf,,DA3876416,leeg.pdf,,DA3128802,leeg.pdf,,DA3177299,leeg.pdf,,DA3545108,leeg.pdf,,DA3416119,leeg.pdf,,DA3680217,leeg.pdf,,DA3338706,leeg.pdf,
DA3851330,leeg.pdf,,DA3707724,leeg.pdf,,DA3721079,leeg.pdf,,DA3293389,leeg.pdf,,DA3082473,leeg.pdf,,DA3820230,leeg.pdf,,DA3040875,leeg.pdf,,DA3394904,leeg.pdf,,DA3834543,leeg.pdf,,DA3172596,leeg.pdf,,DA3764774,leeg.pdf,,DA3854980,leeg.pdf,,DA3494905,leeg.pdf,,DA3247386,leeg.pdf,,DA3951566,leeg.pdf,
DA3039827,leeg.pdf,,DA3622543,leeg.pdf,,DA3613270,leeg.pdf,,DA3094863,leeg.pdf,,DA3679257,leeg.pdf,,DA3126868,leeg.pdf,,DA3801941,leeg.pdf,,DA3814660,leeg.pdf,,DA3479023,leeg.pdf,,DA3377394,leeg.pdf,,DA3105307,leeg.pdf,,DA3127809,leeg.pdf,,DA3864448,leeg.pdf,,DA3255997,leeg.pdf,,DA3071701,leeg.pdf,
DA3061269,leeg.pdf,,DA3714383,leeg.pdf,,DA3963327,leeg.pdf,,DA3042566,leeg.pdf,,DA3224188,leeg.pdf,,DA3763674,leeg.pdf,,DA3947605,leeg.pdf,,DA3213708,leeg.pdf,,DA3751193,leeg.pdf,,DA3340493,leeg.pdf,,DA3449856,leeg.pdf,,DA3975230,leeg.pdf,,DA3451136,leeg.pdf,,DA3047781,leeg.pdf,,DA3446690,leeg.pdf,
DA3425388,leeg.pdf,,DA3293278,leeg.pdf,,DA3649739,leeg.pdf,,DA3440933,leeg.pdf,,DA3434905,leeg.pdf,,DA3352446,leeg.pdf,,DA3462724,leeg.pdf,,DA3420649,leeg.pdf,,DA3448128,leeg.pdf,,DA3904682,leeg.pdf,,DA3994168,leeg.pdf,,DA3539206,leeg.pdf,,DA3125084,leeg.pdf,,DA3673770,leeg.pdf,,DA3973176,leeg.pdf,
DA3314419,leeg.pdf,,DA3637233,leeg.pdf,,DA3500289,leeg.pdf,,DA3130695,leeg.pdf,,DA3570732,leeg.pdf,,DA3163320,leeg.pdf,,DA3174759,leeg.pdf,,DA3647918,leeg.pdf,,DA3769461,leeg.pdf,,DA3198114,leeg.pdf,,DA3640424,leeg.pdf,,DA3723773,leeg.pdf,,DA3810815,leeg.pdf,,DA3856109,leeg.pdf,,DA3327668,leeg.pdf,
DA3732033,leeg.pdf,,DA3611664,leeg.pdf,,DA3324657,leeg.pdf,,DA3768091,leeg.pdf,,DA3879261,leeg.pdf,,DA3656373,leeg.pdf,,DA3309269,leeg.pdf,,DA3644182,leeg.pdf,,DA3373535,leeg.pdf,,DA3199125,leeg.pdf,,DA3120880,leeg.pdf,,DA3168255,leeg.pdf,,DA3716494,leeg.pdf,,DA3333344,leeg.pdf,,DA3606689,leeg.pdf,
DA3334550,leeg.pdf,,DA3250270,leeg.pdf,,DA3278206,leeg.pdf,,DA3512627,leeg.pdf,,DA3699455,leeg.pdf,,DA3940950,leeg.pdf,,DA3801662,leeg.pdf,,DA3307371,leeg.pdf,,DA3792276,leeg.pdf,,DA3831055,leeg.pdf,,DA3282617,leeg.pdf,,DA3651328,leeg.pdf,,DA3947357,leeg.pdf,,DA3320317,leeg.pdf,,DA3272247,leeg.pdf,
DA3082973,leeg.pdf,,DA3393486,leeg.pdf,,DA3997884,leeg.pdf,,DA3074363,leeg.pdf,,DA3364372,leeg.pdf,,DA3920905,leeg.pdf,,DA3755538,leeg.pdf,,DA3294891,leeg.pdf,,DA3896524,leeg.pdf,,DA3610451,leeg.pdf,,DA3069235,leeg.pdf,,DA3975324,leeg.pdf,,DA3839897,leeg.pdf,,DA3410234,leeg.pdf,,DA3032106,leeg.pdf,
DA3614750,leeg.pdf,,DA3222375,leeg.pdf,,DA3218389,leeg.pdf,,DA3823825,leeg.pdf,,DA3506650,leeg.pdf,,DA3868664,leeg.pdf,,DA3538762,leeg.pdf,,DA3788685,leeg.pdf,,DA3835252,leeg.pdf,,DA3276362,leeg.pdf,,DA3415991,leeg.pdf,,DA3265252,leeg.pdf,,DA3370665,leeg.pdf,,DA3345956,leeg.pdf,,DA3677177,leeg.pdf,
DA3875217,leeg.pdf,,DA3846024,leeg.pdf,,DA3400894,leeg.pdf,,DA3360562,leeg.pdf,,DA3533141,leeg.pdf,,DA3189813,leeg.pdf,,DA3770449,leeg.pdf,,DA3649588,leeg.pdf,,DA3472540,leeg.pdf,,DA3597231,leeg.pdf,,DA3908642,leeg.pdf,,DA3788631,leeg.pdf,,DA3318684,leeg.pdf,,DA3152246,leeg.pdf,,DA3313508,leeg.pdf,
DA3288300,leeg.pdf,,DA3514430,leeg.pdf,,DA3192057,leeg.pdf,,DA3856020,leeg.pdf,,DA3061234,leeg.pdf,,DA3731565,leeg.pdf,,DA3411310,leeg.pdf,,DA3526965,leeg.pdf,,DA3783491,leeg.pdf,,DA3164718,leeg.pdf,,DA3182250,leeg.pdf,,DA3106179,leeg.pdf,,DA3879306,leeg.pdf,,DA3640409,leeg.pdf,,DA3841202,leeg.pdf,
DA3038313,leeg.pdf,,DA3118976,leeg.pdf,,DA3909376,leeg.pdf,,DA3291445,leeg.pdf,,DA3777549,leeg.pdf,,DA3825981,leeg.pdf,,DA3417458,leeg.pdf,,DA3178910,leeg.pdf,,DA3419166,leeg.pdf,,DA3516457,leeg.pdf,,DA3887019,leeg.pdf,,DA3047307,leeg.pdf,,DA3811479,leeg.pdf,,DA3704405,leeg.pdf,,DA3828595,leeg.pdf,
DA3503810,leeg.pdf,,DA3404608,leeg.pdf,,DA3984924,leeg.pdf,,DA3835092,leeg.pdf,,DA3882370,leeg.pdf,,DA3518707,leeg.pdf,,DA3941917,leeg.pdf,,DA3872227,leeg.pdf,,DA3155013,leeg.pdf,,DA3627480,leeg.pdf,,DA3750223,leeg.pdf,,DA3412224,leeg.pdf,,DA3466481,leeg.pdf,,DA3339429,leeg.pdf,,DA3097058,leeg.pdf,
DA3197241,leeg.pdf,,DA3116874,leeg.pdf,,DA3357826,leeg.pdf,,DA3394222,leeg.pdf,,DA3393391,leeg.pdf,,DA3620257,leeg.pdf,,DA3604341,leeg.pdf,,DA3072739,leeg.pdf,,DA3518430,leeg.pdf,,DA3696494,leeg.pdf,,DA3232091,leeg.pdf,,DA3564203,leeg.pdf,,DA3376778,leeg.pdf,,DA3262249,leeg.pdf,,DA3059999,leeg.pdf,
DA3834934,leeg.pdf,,DA3084065,leeg.pdf,,DA3741751,leeg.pdf,,DA3488183,leeg.pdf,,DA3277909,leeg.pdf,,DA3206554,leeg.pdf,,DA3168415,leeg.pdf,,DA3620939,leeg.pdf,,DA3079428,leeg.pdf,,DA3500087,leeg.pdf,,DA3419379,leeg.pdf,,DA3835624,leeg.pdf,,DA3431538,leeg.pdf,,DA3119123,leeg.pdf,,DA3180618,leeg.pdf,
DA3521465,leeg.pdf,,DA3034004,leeg.pdf,,DA3481679,leeg.pdf,,DA3541791,leeg.pdf,,DA3703161,leeg.pdf,,DA3871468,leeg.pdf,,DA3217336,leeg.pdf,,DA3124146,leeg.pdf,,DA3650055,leeg.pdf,,DA3546972,leeg.pdf,,DA3137688,leeg.pdf,,DA3723362,leeg.pdf,,DA3165538,leeg.pdf,,DA3057092,leeg.pdf,,DA3178459,leeg.pdf,
DA3547091,leeg.pdf,,DA3499837,leeg.pdf,,DA3520078,leeg.pdf,,DA3410900,leeg.pdf,,DA3211655,leeg.pdf,,DA3789233,leeg.pdf,,DA3594423,leeg.pdf,,DA3232879,leeg.pdf,,DA3422746,leeg.pdf,,DA3567139,leeg.pdf,,DA3409671,leeg.pdf,,DA3775408,leeg.pdf,,DA3171554,leeg.pdf,,DA3085976,leeg.pdf,,DA3072419,leeg.pdf,
DA3291058,leeg.pdf,,DA3184370,leeg.pdf,,DA3936980,leeg.pdf,,DA3618004,leeg.pdf,,DA3181550,leeg.pdf,,DA3185812,leeg.pdf,,DA3522385,leeg.pdf,,DA3594774,leeg.pdf,,DA3929491,leeg.pdf,,DA3112721,leeg.pdf,,DA3776506,leeg.pdf,,DA3075120,leeg.pdf,,DA3597413,leeg.pdf,,DA3306221,leeg.pdf,,DA3687340,leeg.pdf,
DA3238285,leeg.pdf,,DA3421997,leeg.pdf,,DA3876522,leeg.pdf,,DA3128050,leeg.pdf,,DA3957575,leeg.pdf,,DA3158643,leeg.pdf,,DA3833677,leeg.pdf,,DA3587840,leeg.pdf,,DA3614562,leeg.pdf,,DA3108799,leeg.pdf,,DA3607901,leeg.pdf,,DA3912014,leeg.pdf,,DA3407941,leeg.pdf,,DA3207028,leeg.pdf,,DA3208988,leeg.pdf,
DA3798851,leeg.pdf,,DA3417871,leeg.pdf,,DA3100902,leeg.pdf,,DA3268082,leeg.pdf,,DA3677723,leeg.pdf,,DA3090557,leeg.pdf,,DA3696443,leeg.pdf,,DA3535338,leeg.pdf,,DA3618778,leeg.pdf,,DA3724318,leeg.pdf,,DA3688214,leeg.pdf,,DA3601590,leeg.pdf,,DA3750178,leeg.pdf,,DA3358603,leeg.pdf,,DA3588764,leeg.pdf,
DA3598817,leeg.pdf,,DA3167701,leeg.pdf,,DA3612562,leeg.pdf,,DA3128020,leeg.pdf,,DA3563097,leeg.pdf,,DA3191266,leeg.pdf,,DA3596039,leeg.pdf,,DA3047477,leeg.pdf,,DA3833466,leeg.pdf,,DA3348194,leeg.pdf,,DA3997600,leeg.pdf,,DA3361546,leeg.pdf,,DA3537951,leeg.pdf,,DA3640905,leeg.pdf,,DA3916496,leeg.pdf,
DA3952936,leeg.pdf,,DA3097851,leeg.pdf,,DA3811083,leeg.pdf,,DA3970807,leeg.pdf,,DA3653763,leeg.pdf,,DA3602855,leeg.pdf,,DA3039211,leeg.pdf,,DA3371645,leeg.pdf,,DA3211217,leeg.pdf,,DA3360336,leeg.pdf,,DA3350715,leeg.pdf,,DA3288903,leeg.pdf,,DA3591132,leeg.pdf,,DA3752202,leeg.pdf,,DA3329715,leeg.pdf,
DA3584629,leeg.pdf,,DA3722312,leeg.pdf,,DA3166169,leeg.pdf,,DA3750820,leeg.pdf,,DA3850460,leeg.pdf,,DA3460779,leeg.pdf,,DA3993160,leeg.pdf,,DA3951762,leeg.pdf,,DA3666955,leeg.pdf,,DA3898729,leeg.pdf,,DA3452729,leeg.pdf,,DA3599991,leeg.pdf,,DA3386765,leeg.pdf,,DA3904904,leeg.pdf,,DA3143472,leeg.pdf,
DA3759700,leeg.pdf,,DA3442702,leeg.pdf,,DA3404573,leeg.pdf,,DA3492952,leeg.pdf,,DA3580919,leeg.pdf,,DA3317852,leeg.pdf,,DA3556327,leeg.pdf,,DA3374896,leeg.pdf,,DA3234920,leeg.pdf,,DA3169271,leeg.pdf,,DA3144293,leeg.pdf,,DA3412192,leeg.pdf,,DA3897589,leeg.pdf,,DA3593057,leeg.pdf,,DA3895633,leeg.pdf,
DA3033643,leeg.pdf,,DA3810604,leeg.pdf,,DA3312799,leeg.pdf,,DA3183298,leeg.pdf,,DA3953814,leeg.pdf,,DA3163252,leeg.pdf,,DA3514371,leeg.pdf,,DA3599912,leeg.pdf,,DA3460536,leeg.pdf,,DA3809187,leeg.pdf,,DA3419897,leeg.pdf,,DA3570341,leeg.pdf,,DA3423964,leeg.pdf,,DA3047840,leeg.pdf,,DA3283437,leeg.pdf,
DA3650535,leeg.pdf,,DA3120726,leeg.pdf,,DA3216783,leeg.pdf,,DA3722599,leeg.pdf,,DA3256567,leeg.pdf,,DA3242289,leeg.pdf,,DA3051929,leeg.pdf,,DA3465509,leeg.pdf,,DA3106048,leeg.pdf,,DA3801349,leeg.pdf,,DA3121926,leeg.pdf,,DA3204419,leeg.pdf,,DA3981216,leeg.pdf,,DA3538172,leeg.pdf,,DA3323297,leeg.pdf,
DA3131757,leeg.pdf,,DA3769220,leeg.pdf,,DA3797348,leeg.pdf,,DA3522327,leeg.pdf,,DA3405946,leeg.pdf,,DA3531711,leeg.pdf,,DA3159051,leeg.pdf,,DA3979920,leeg.pdf,,DA3249946,leeg.pdf,,DA3752350,leeg.pdf,,DA3416647,leeg.pdf,,DA3070264,leeg.pdf,,DA3689510,leeg.pdf,,DA3140415,leeg.pdf,,DA3766742,leeg.pdf,
DA3381806,leeg.pdf,,DA3169910,leeg.pdf,,DA3481394,leeg.pdf,,DA3686858,leeg.pdf,,DA3701608,leeg.pdf,,DA3610420,leeg.pdf,,DA3285423,leeg.pdf,,DA3503846,leeg.pdf,,DA3156222,leeg.pdf,,DA3429594,leeg.pdf,,DA3897930,leeg.pdf,,DA3981620,leeg.pdf,,DA3355994,leeg.pdf,,DA3090783,leeg.pdf,,DA3678370,leeg.pdf,
DA3835412,leeg.pdf,,DA3247528,leeg.pdf,,DA3208631,leeg.pdf,,DA3984317,leeg.pdf,,DA3587248,leeg.pdf,,DA3175858,leeg.pdf,,DA3539768,leeg.pdf,,DA3292590,leeg.pdf,,DA3348700,leeg.pdf,,DA3259505,leeg.pdf,,DA3253429,leeg.pdf,,DA3483332,leeg.pdf,,DA3128920,leeg.pdf,,DA3915412,leeg.pdf,,DA3328151,leeg.pdf,
DA3533495,leeg.pdf,,DA3070004,leeg.pdf,,DA3372457,leeg.pdf,,DA3736970,leeg.pdf,,DA3417369,leeg.pdf,,DA3145502,leeg.pdf,,DA3118943,leeg.pdf,,DA3807549,leeg.pdf,,DA3106551,leeg.pdf,,DA3200614,leeg.pdf,,DA3284725,leeg.pdf,,DA3363582,leeg.pdf,,DA3754306,leeg.pdf,,DA3164213,leeg.pdf,,DA3431819,leeg.pdf,
DA3952441,leeg.pdf,,DA3497533,leeg.pdf,,DA3173702,leeg.pdf,,DA3078927,leeg.pdf,,DA3691386,leeg.pdf,,DA3112164,leeg.pdf,,DA3205607,leeg.pdf,,DA3112243,leeg.pdf,,DA3431516,leeg.pdf,,DA3663524,leeg.pdf,,DA3302568,leeg.pdf,,DA3059855,leeg.pdf,,DA3451873,leeg.pdf,,DA3053819,leeg.pdf,,DA3035510,leeg.pdf,
DA3126522,leeg.pdf,,DA3502509,leeg.pdf,,DA3980001,leeg.pdf,,DA3122639,leeg.pdf,,DA3524446,leeg.pdf,,DA3591267,leeg.pdf,,DA3158567,leeg.pdf,,DA3741477,leeg.pdf,,DA3330886,leeg.pdf,,DA3576752,leeg.pdf,,DA3869338,leeg.pdf,,DA3959082,leeg.pdf,,DA3089715,leeg.pdf,,DA3158976,leeg.pdf,,DA3130790,leeg.pdf,
DA3906548,leeg.pdf,,DA3872322,leeg.pdf,,DA3123895,leeg.pdf,,DA3885434,leeg.pdf,,DA3904554,leeg.pdf,,DA3069777,leeg.pdf,,DA3222214,leeg.pdf,,DA3998392,leeg.pdf,,DA3192506,leeg.pdf,,DA3762282,leeg.pdf,,DA3261721,leeg.pdf,,DA3048248,leeg.pdf,,DA3075084,leeg.pdf,,DA3048723,leeg.pdf,,DA3552362,leeg.pdf,
DA3423453,leeg.pdf,,DA3668281,leeg.pdf,,DA3946360,leeg.pdf,,DA3123654,leeg.pdf,,DA3607908,leeg.pdf,,DA3710143,leeg.pdf,,DA3346742,leeg.pdf,,DA3671252,leeg.pdf,,DA3134582,leeg.pdf,,DA3633628,leeg.pdf,,DA3301683,leeg.pdf,,DA3090804,leeg.pdf,,DA3201666,leeg.pdf,,DA3615182,leeg.pdf,,DA3179140,leeg.pdf,
DA3420728,leeg.pdf,,DA3980304,leeg.pdf,,DA3060574,leeg.pdf,,DA3382985,leeg.pdf,,DA3518140,leeg.pdf,,DA3353996,leeg.pdf,,DA3606468,leeg.pdf,,DA3406630,leeg.pdf,,DA3837760,leeg.pdf,,DA3963548,leeg.pdf,,DA3146201,leeg.pdf,,DA3411139,leeg.pdf,,DA3765571,leeg.pdf,,DA3910585,leeg.pdf,,DA3337635,leeg.pdf,
DA3689363,leeg.pdf,,DA3053374,leeg.pdf,,DA3281628,leeg.pdf,,DA3214998,leeg.pdf,,DA3221964,leeg.pdf,,DA3331596,leeg.pdf,,DA3164804,leeg.pdf,,DA3944670,leeg.pdf,,DA3508246,leeg.pdf,,DA3335262,leeg.pdf,,DA3058684,leeg.pdf,,DA3069256,leeg.pdf,,DA3534723,leeg.pdf,,DA3555704,leeg.pdf,,DA3450632,leeg.pdf,
DA3616479,leeg.pdf,,DA3887988,leeg.pdf,,DA3190414,leeg.pdf,,DA3076068,leeg.pdf,,DA3401265,leeg.pdf,,DA3460029,leeg.pdf,,DA3354555,leeg.pdf,,DA3947028,leeg.pdf,,DA3061569,leeg.pdf,,DA3252941,leeg.pdf,,DA3481454,leeg.pdf,,DA3209868,leeg.pdf,,DA3933826,leeg.pdf,,DA3490433,leeg.pdf,,DA3651285,leeg.pdf,
DA3626639,leeg.pdf,,DA3995138,leeg.pdf,,DA3099293,leeg.pdf,,DA3633118,leeg.pdf,,DA3078280,leeg.pdf,,DA3154130,leeg.pdf,,DA3901549,leeg.pdf,,DA3895255,leeg.pdf,,DA3482881,leeg.pdf,,DA3647670,leeg.pdf,,DA3510828,leeg.pdf,,DA3101989,leeg.pdf,,DA3149840,leeg.pdf,,DA3818436,leeg.pdf,,DA3370452,leeg.pdf,
DA3555322,leeg.pdf,,DA3380789,leeg.pdf,,DA3137974,leeg.pdf,,DA3171315,leeg.pdf,,DA3952062,leeg.pdf,,DA3556228,leeg.pdf,,DA3552252,leeg.pdf,,DA3366984,leeg.pdf,,DA3245325,leeg.pdf,,DA3290610,leeg.pdf,,DA3874524,leeg.pdf,,DA3210185,leeg.pdf,,DA3165706,leeg.pdf,,DA3625790,leeg.pdf,,DA3199827,leeg.pdf,
DA3938552,leeg.pdf,,DA3413708,leeg.pdf,,DA3360104,leeg.pdf,,DA3623803,leeg.pdf,,DA3468593,leeg.pdf,,DA3830755,leeg.pdf,,DA3725300,leeg.pdf,,DA3750063,leeg.pdf,,DA3502887,leeg.pdf,,DA3722664,leeg.pdf,,DA3982278,leeg.pdf,,DA3074521,leeg.pdf,,DA3502796,leeg.pdf,,DA3054922,leeg.pdf,,DA3296269,leeg.pdf,
DA3065178,leeg.pdf,,DA3309243,leeg.pdf,,DA3109887,leeg.pdf,,DA3393127,leeg.pdf,,DA3885487,leeg.pdf,,DA3857584,leeg.pdf,,DA3721244,leeg.pdf,,DA3070324,leeg.pdf,,DA3714354,leeg.pdf,,DA3636573,leeg.pdf,,DA3168403,leeg.pdf,,DA3878397,leeg.pdf,,DA3136422,leeg.pdf,,DA3373218,leeg.pdf,,DA3741812,leeg.pdf,
DA3398578,leeg.pdf,,DA3338671,leeg.pdf,,DA3326505,leeg.pdf,,DA3334480,leeg.pdf,,DA3376750,leeg.pdf,,DA3351748,leeg.pdf,,DA3882601,leeg.pdf,,DA3329753,leeg.pdf,,DA3073658,leeg.pdf,,DA3084806,leeg.pdf,,DA3758808,leeg.pdf,,DA3992316,leeg.pdf,,DA3954146,leeg.pdf,,DA3214091,leeg.pdf,,DA3173281,leeg.pdf,
DA3694243,leeg.pdf,,DA3107992,leeg.pdf,,DA3357126,leeg.pdf,,DA3038241,leeg.pdf,,DA3149539,leeg.pdf,,DA3366241,leeg.pdf,,DA3847072,leeg.pdf,,DA3956363,leeg.pdf,,DA3901911,leeg.pdf,,DA3064093,leeg.pdf,,DA3615255,leeg.pdf,,DA3277349,leeg.pdf,,DA3908062,leeg.pdf,,DA3251329,leeg.pdf,,DA3919502,leeg.pdf,
DA3130063,leeg.pdf,,DA3635306,leeg.pdf,,DA3118708,leeg.pdf,,DA3215502,leeg.pdf,,DA3347350,leeg.pdf,,DA3714362,leeg.pdf,,DA3993447,leeg.pdf,,DA3131957,leeg.pdf,,DA3404386,leeg.pdf,,DA3601875,leeg.pdf,,DA3287744,leeg.pdf,,DA3294006,leeg.pdf,,DA3086748,leeg.pdf,,DA3103530,leeg.pdf,,DA3559396,leeg.pdf,
DA3317558,leeg.pdf,,DA3937658,leeg.pdf,,DA3612686,leeg.pdf,,DA3223634,leeg.pdf,,DA3321704,leeg.pdf,,DA3264095,leeg.pdf,,DA3533008,leeg.pdf,,DA3413502,leeg.pdf,,DA3907238,leeg.pdf,,DA3748220,leeg.pdf,,DA3669861,leeg.pdf,,DA3765322,leeg.pdf,,DA3881213,leeg.pdf,,DA3119698,leeg.pdf,,DA3248124,leeg.pdf,
DA3195922,leeg.pdf,,DA3726337,leeg.pdf,,DA3720929,leeg.pdf,,DA3992223,leeg.pdf,,DA3649524,leeg.pdf,,DA3739327,leeg.pdf,,DA3392090,leeg.pdf,,DA3496043,leeg.pdf,,DA3459222,leeg.pdf,,DA3084713,leeg.pdf,,DA3147791,leeg.pdf,,DA3803549,leeg.pdf,,DA3443582,leeg.pdf,,DA3854389,leeg.pdf,,DA3886485,leeg.pdf,
DA3453109,leeg.pdf,,DA3225252,leeg.pdf,,DA3374776,leeg.pdf,,DA3790576,leeg.pdf,,DA3953002,leeg.pdf,,DA3988600,leeg.pdf,,DA3862461,leeg.pdf,,DA3306600,leeg.pdf,,DA3226381,leeg.pdf,,DA3285784,leeg.pdf,,DA3841770,leeg.pdf,,DA3234680,leeg.pdf,,DA3973985,leeg.pdf,,DA3221930,leeg.pdf,,DA3404343,leeg.pdf,
DA3678808,leeg.pdf,,DA3771449,leeg.pdf,,DA3259347,leeg.pdf,,DA3730564,leeg.pdf,,DA3706951,leeg.pdf,,DA3749500,leeg.pdf,,DA3417721,leeg.pdf,,DA3632761,leeg.pdf,,DA3481050,leeg.pdf,,DA3055672,leeg.pdf,,DA3111017,leeg.pdf,,DA3956835,leeg.pdf,,DA3123075,leeg.pdf,,DA3881492,leeg.pdf,,DA3843873,leeg.pdf,
DA3167396,leeg.pdf,,DA3899482,leeg.pdf,,DA3259955,leeg.pdf,,DA3978459,leeg.pdf,,DA3140391,leeg.pdf,,DA3075241,leeg.pdf,,DA3562481,leeg.pdf,,DA3533063,leeg.pdf,,DA3568423,leeg.pdf,,DA3049419,leeg.pdf,,DA3067306,leeg.pdf,,DA3824406,leeg.pdf,,DA3979773,leeg.pdf,,DA3821122,leeg.pdf,,DA3834812,leeg.pdf,
DA3686549,leeg.pdf,,DA3601280,leeg.pdf,,DA3491140,leeg.pdf,,DA3915555,leeg.pdf,,DA3523618,leeg.pdf,,DA3262719,leeg.pdf,,DA3072893,leeg.pdf,,DA3956406,leeg.pdf,,DA3578748,leeg.pdf,,DA3408249,leeg.pdf,,DA3148334,leeg.pdf,,DA3497695,leeg.pdf,,DA3823455,leeg.pdf,,DA3475824,leeg.pdf,,DA3621984,leeg.pdf,
DA3246138,leeg.pdf,,DA3305315,leeg.pdf,,DA3549534,leeg.pdf,,DA3967148,leeg.pdf,,DA3232974,leeg.pdf,,DA3448517,leeg.pdf,,DA3161516,leeg.pdf,,DA3931582,leeg.pdf,,DA3540949,leeg.pdf,,DA3732276,leeg.pdf,,DA3696365,leeg.pdf,,DA3348242,leeg.pdf,,DA3094716,leeg.pdf,,DA3478534,leeg.pdf,,DA3268206,leeg.pdf,
DA3625506,leeg.pdf,,DA3458355,leeg.pdf,,DA3486153,leeg.pdf,,DA3465502,leeg.pdf,,DA3784646,leeg.pdf,,DA3533935,leeg.pdf,,DA3664222,leeg.pdf,,DA3255085,leeg.pdf,,DA3688652,leeg.pdf,,DA3123340,leeg.pdf,,DA3194693,leeg.pdf,,DA3786548,leeg.pdf,,DA3687535,leeg.pdf,,DA3227861,leeg.pdf,,DA3785685,leeg.pdf,
DA3070694,leeg.pdf,,DA3357350,leeg.pdf,,DA3671910,leeg.pdf,,DA3417164,leeg.pdf,,DA3856813,leeg.pdf,,DA3219435,leeg.pdf,,DA3087464,leeg.pdf,,DA3698010,leeg.pdf,,DA3916881,leeg.pdf,,DA3137900,leeg.pdf,,DA3950186,leeg.pdf,,DA3189084,leeg.pdf,,DA3805561,leeg.pdf,,DA3687403,leeg.pdf,,DA3802250,leeg.pdf,
DA3172941,leeg.pdf,,DA3291682,leeg.pdf,,DA3852322,leeg.pdf,,DA3062774,leeg.pdf,,DA3835211,leeg.pdf,,DA3521357,leeg.pdf,,DA3677029,leeg.pdf,,DA3446666,leeg.pdf,,DA3963004,leeg.pdf,,DA3219851,leeg.pdf,,DA3738361,leeg.pdf,,DA3489962,leeg.pdf,,DA3101028,leeg.pdf,,DA3484028,leeg.pdf,,DA3474226,leeg.pdf,
DA3150708,leeg.pdf,,DA3936573,leeg.pdf,,DA3157692,leeg.pdf,,DA3576512,leeg.pdf,,DA3477945,leeg.pdf,,DA3541339,leeg.pdf,,DA3357154,leeg.pdf,,DA3876848,leeg.pdf,,DA3283274,leeg.pdf,,DA3331988,leeg.pdf,,DA3460750,leeg.pdf,,DA3207546,leeg.pdf,,DA3074109,leeg.pdf,,DA3794635,leeg.pdf,,DA3502918,leeg.pdf,
DA3469393,leeg.pdf,,DA3946662,leeg.pdf,,DA3524106,leeg.pdf,,DA3099417,leeg.pdf,,DA3246305,leeg.pdf,,DA3206581,leeg.pdf,,DA3070632,leeg.pdf,,DA3100314,leeg.pdf,,DA3268335,leeg.pdf,,DA3067977,leeg.pdf,,DA3462540,leeg.pdf,,DA3265663,leeg.pdf,,DA3531151,leeg.pdf,,DA3667174,leeg.pdf,,DA3152675,leeg.pdf,
DA3984218,leeg.pdf,,DA3635527,leeg.pdf,,DA3239075,leeg.pdf,,DA3249266,leeg.pdf,,DA3234708,leeg.pdf,,DA3605339,leeg.pdf,,DA3237880,leeg.pdf,,DA3126488,leeg.pdf,,DA3392114,leeg.pdf,,DA3589556,leeg.pdf,,DA3174834,leeg.pdf,,DA3688559,leeg.pdf,,DA3906980,leeg.pdf,,DA3646376,leeg.pdf,,DA3372173,leeg.pdf,
DA3062309,leeg.pdf,,DA3242690,leeg.pdf,,DA3130100,leeg.pdf,,DA3539729,leeg.pdf,,DA3771122,leeg.pdf,,DA3445871,leeg.pdf,,DA3594027,leeg.pdf,,DA3766791,leeg.pdf,,DA3256460,leeg.pdf,,DA3274990,leeg.pdf,,DA3141747,leeg.pdf,,DA3974290,leeg.pdf,,DA3041126,leeg.pdf,,DA3148494,leeg.pdf,,DA3255829,leeg.pdf,
DA3702074,leeg.pdf,,DA3034315,leeg.pdf,,DA3366200,leeg.pdf,,DA3436399,leeg.pdf,,DA3360429,leeg.pdf,,DA3061728,leeg.pdf,,DA3160923,leeg.pdf,,DA3869570,leeg.pdf,,DA3178512,leeg.pdf,,DA3936777,leeg.pdf,,DA3045249,leeg.pdf,,DA3906840,leeg.pdf,,DA3394382,leeg.pdf,,DA3479914,leeg.pdf,,DA3210878,leeg.pdf,
DA3986005,leeg.pdf,,DA3915256,leeg.pdf,,DA3045720,leeg.pdf,,DA3072846,leeg.pdf,,DA3079258,leeg.pdf,,DA3199169,leeg.pdf,,DA3286260,leeg.pdf,,DA3168764,leeg.pdf,,DA3706569,leeg.pdf,,DA3177761,leeg.pdf,,DA3366641,leeg.pdf,,DA3222770,leeg.pdf,,DA3749575,leeg.pdf,,DA3300187,leeg.pdf,,DA3099352,leeg.pdf,
DA3512888,leeg.pdf,,DA3187877,leeg.pdf,,DA3173935,leeg.pdf,,DA3574375,leeg.pdf,,DA3104385,leeg.pdf,,DA3753289,leeg.pdf,,DA3462805,leeg.pdf,,DA3562225,leeg.pdf,,DA3608910,leeg.pdf,,DA3146521,leeg.pdf,,DA3035532,leeg.pdf,,DA3498661,leeg.pdf,,DA3727390,leeg.pdf,,DA3089568,leeg.pdf,,DA3974145,leeg.pdf,
DA3990325,leeg.pdf,,DA3995362,leeg.pdf,,DA3955324,leeg.pdf,,DA3685568,leeg.pdf,,DA3136962,leeg.pdf,,DA3936122,leeg.pdf,,DA3596758,leeg.pdf,,DA3293404,leeg.pdf,,DA3429389,leeg.pdf,,DA3546493,leeg.pdf,,DA3970217,leeg.pdf,,DA3841655,leeg.pdf,,DA3326644,leeg.pdf,,DA3839919,leeg.pdf,,DA3115875,leeg.pdf,
DA3479983,leeg.pdf,,DA3708373,leeg.pdf,,DA3355327,leeg.pdf,,DA3713665,leeg.pdf,,DA3349888,leeg.pdf,,DA3099600,leeg.pdf,,DA3046738,leeg.pdf,,DA3662937,leeg.pdf,,DA3399232,leeg.pdf,,DA3183973,leeg.pdf,,DA3086959,leeg.pdf,,DA3446504,leeg.pdf,,DA3343798,leeg.pdf,,DA3420715,leeg.pdf,,DA3236879,leeg.pdf,
DA3057932,leeg.pdf,,DA3589034,leeg.pdf,,DA3177592,leeg.pdf,,DA3097308,leeg.pdf,,DA3756230,leeg.pdf,,DA3122391,leeg.pdf,,DA3475965,leeg.pdf,,DA3498831,leeg.pdf,,DA3109566,leeg.pdf,,DA3161187,leeg.pdf,,DA3475252,leeg.pdf,,DA3106306,leeg.pdf,,DA3553998,leeg.pdf,,DA3930568,leeg.pdf,,DA3695581,leeg.pdf,
DA3756374,leeg.pdf,,DA3651155,leeg.pdf,,DA3228944,leeg.pdf,,DA3845166,leeg.pdf,,DA3270971,leeg.pdf,,DA3064267,leeg.pdf,,DA3075041,leeg.pdf,,DA3056637,leeg.pdf,,DA3309045,leeg.pdf,,DA3489687,leeg.pdf,,DA3346302,leeg.pdf,,DA3243223,leeg.pdf,,DA3168797,leeg.pdf,,DA3175970,leeg.pdf,,DA3209148,leeg.pdf,
DA3056664,leeg.pdf,,DA3838509,leeg.pdf,,DA3361453,leeg.pdf,,DA3079500,leeg.pdf,,DA3640204,leeg.pdf,,DA3078126,leeg.pdf,,DA3178247,leeg.pdf,,DA3051960,leeg.pdf,,DA3956439,leeg.pdf,,DA3536425,leeg.pdf,,DA3094957,leeg.pdf,,DA3130657,leeg.pdf,,DA3243580,leeg.pdf,,DA3336561,leeg.pdf,,DA3373997,leeg.pdf,
DA3837355,leeg.pdf,,DA3582628,leeg.pdf,,DA3990615,leeg.pdf,,DA3299979,leeg.pdf,,DA3603108,leeg.pdf,,DA3774960,leeg.pdf,,DA3260497,leeg.pdf,,DA3371858,leeg.pdf,,DA3040131,leeg.pdf,,DA3345326,leeg.pdf,,DA3675802,leeg.pdf,,DA3494457,leeg.pdf,,DA3512646,leeg.pdf,,DA3661270,leeg.pdf,,DA3226894,leeg.pdf,
DA3579128,leeg.pdf,,DA3348891,leeg.pdf,,DA3052346,leeg.pdf,,DA3602811,leeg.pdf,,DA3340177,leeg.pdf,,DA3202021,leeg.pdf,,DA3690518,leeg.pdf,,DA3531483,leeg.pdf,,DA3091992,leeg.pdf,,DA3959806,leeg.pdf,,DA3307920,leeg.pdf,,DA3214197,leeg.pdf,,DA3037296,leeg.pdf,,DA3097006,leeg.pdf,,DA3440003,leeg.pdf,
DA3499308,leeg.pdf,,DA3976257,leeg.pdf,,DA3119910,leeg.pdf,,DA3848349,leeg.pdf,,DA3816522,leeg.pdf,,DA3029915,leeg.pdf,,DA3161699,leeg.pdf,,DA3931204,leeg.pdf,,DA3263771,leeg.pdf,,DA3118414,leeg.pdf,,DA3752537,leeg.pdf,,DA3421443,leeg.pdf,,DA3238642,leeg.pdf,,DA3879489,leeg.pdf,,DA3969296,leeg.pdf,
DA3181059,leeg.pdf,,DA3592458,leeg.pdf,,DA3684948,leeg.pdf,,DA3707771,leeg.pdf,,DA3125492,leeg.pdf,,DA3306577,leeg.pdf,,DA3129705,leeg.pdf,,DA3892644,leeg.pdf,,DA3659173,leeg.pdf,,DA3068148,leeg.pdf,,DA3952272,leeg.pdf,,DA3768524,leeg.pdf,,DA3854099,leeg.pdf,,DA3462043,leeg.pdf,,DA3299457,leeg.pdf,
DA3121701,leeg.pdf,,DA3277749,leeg.pdf,,DA3333545,leeg.pdf,,DA3617321,leeg.pdf,,DA3299930,leeg.pdf,,DA3416082,leeg.pdf,,DA3160738,leeg.pdf,,DA3107006,leeg.pdf,,DA3080679,leeg.pdf,,DA3050526,leeg.pdf,,DA3370028,leeg.pdf,,DA3100435,leeg.pdf,,DA3869248,leeg.pdf,,DA3354873,leeg.pdf,,DA3628852,leeg.pdf,
DA3643628,leeg.pdf,,DA3057185,leeg.pdf,,DA3962911,leeg.pdf,,DA3564026,leeg.pdf,,DA3184665,leeg.pdf,,DA3105672,leeg.pdf,,DA3345377,leeg.pdf,,DA3061127,leeg.pdf,,DA3206848,leeg.pdf,,DA3540870,leeg.pdf,,DA3350484,leeg.pdf,,DA3317326,leeg.pdf,,DA3252165,leeg.pdf,,DA3349595,leeg.pdf,,DA3644193,leeg.pdf,
DA3074708,leeg.pdf,,DA3128641,leeg.pdf,,DA3782359,leeg.pdf,,DA3289155,leeg.pdf,,DA3313383,leeg.pdf,,DA3527440,leeg.pdf,,DA3721637,leeg.pdf,,DA3140806,leeg.pdf,,DA3640428,leeg.pdf,,DA3276679,leeg.pdf,,DA3108401,leeg.pdf,,DA3152888,leeg.pdf,,DA3353860,leeg.pdf,,DA3844791,leeg.pdf,,DA3322206,leeg.pdf,
DA3314207,leeg.pdf,,DA3383556,leeg.pdf,,DA3938569,leeg.pdf,,DA3834701,leeg.pdf,,DA3360913,leeg.pdf,,DA3291745,leeg.pdf,,DA3184756,leeg.pdf,,DA3512864,leeg.pdf,,DA3590872,leeg.pdf,,DA3417010,leeg.pdf,,DA3329829,leeg.pdf,,DA3098096,leeg.pdf,,DA3745327,leeg.pdf,,DA3500284,leeg.pdf,,DA3653108,leeg.pdf,
DA3488493,leeg.pdf,,DA3126161,leeg.pdf,,DA3106128,leeg.pdf,,DA3212640,leeg.pdf,,DA3262720,leeg.pdf,,DA3929337,leeg.pdf,,DA3979985,leeg.pdf,,DA3671395,leeg.pdf,,DA3781854,leeg.pdf,,DA3478086,leeg.pdf,,DA3890621,leeg.pdf,,DA3111908,leeg.pdf,,DA3832936,leeg.pdf,,DA3638627,leeg.pdf,,DA3157710,leeg.pdf,
DA3655408,leeg.pdf,,DA3579630,leeg.pdf,,DA3168040,leeg.pdf,,DA3890070,leeg.pdf,,DA3452498,leeg.pdf,,DA3407745,leeg.pdf,,DA3119547,leeg.pdf,,DA3300253,leeg.pdf,,DA3311623,leeg.pdf,,DA3953023,leeg.pdf,,DA3593921,leeg.pdf,,DA3416468,leeg.pdf,,DA3428446,leeg.pdf,,DA3599347,leeg.pdf,,DA3401660,leeg.pdf,
DA3327642,leeg.pdf,,DA3962094,leeg.pdf,,DA3324247,leeg.pdf,,DA3526696,leeg.pdf,,DA3391144,leeg.pdf,,DA3869816,leeg.pdf,,DA3299688,leeg.pdf,,DA3825091,leeg.pdf,,DA3758381,leeg.pdf,,DA3467080,leeg.pdf,,DA3215774,leeg.pdf,,DA3957385,leeg.pdf,,DA3694725,leeg.pdf,,DA3455692,leeg.pdf,,DA3373867,leeg.pdf,
DA3038284,leeg.pdf,,DA3766181,leeg.pdf,,DA3053705,leeg.pdf,,DA3667115,leeg.pdf,,DA3070647,leeg.pdf,,DA3490000,leeg.pdf,,DA3179808,leeg.pdf,,DA3561586,leeg.pdf,,DA3792848,leeg.pdf,,DA3134020,leeg.pdf,,DA3088759,leeg.pdf,,DA3358497,leeg.pdf,,DA3414686,leeg.pdf,,DA3608897,leeg.pdf,,DA3865034,leeg.pdf,
DA3044860,leeg.pdf,,DA3246931,leeg.pdf,,DA3269978,leeg.pdf,,DA3370963,leeg.pdf,,DA3201031,leeg.pdf,,DA3246596,leeg.pdf,,DA3994908,leeg.pdf,,DA3171101,leeg.pdf,,DA3415648,leeg.pdf,,DA3173390,leeg.pdf,,DA3359170,leeg.pdf,,DA3975702,leeg.pdf,,DA3531021,leeg.pdf,,DA3085802,leeg.pdf,,DA3247080,leeg.pdf,
DA3593803,leeg.pdf,,DA3611793,leeg.pdf,,DA3266904,leeg.pdf,,DA3732221,leeg.pdf,,DA3045475,leeg.pdf,,DA3621393,leeg.pdf,,DA3138831,leeg.pdf,,DA3871148,leeg.pdf,,DA3704221,leeg.pdf,,DA3211922,leeg.pdf,,DA3653858,leeg.pdf,,DA3725794,leeg.pdf,,DA3695553,leeg.pdf,,DA3800723,leeg.pdf,,DA3177174,leeg.pdf,
DA3557622,leeg.pdf,,DA3098603,leeg.pdf,,DA3980454,leeg.pdf,,DA3121942,leeg.pdf,,DA3816941,leeg.pdf,,DA3224345,leeg.pdf,,DA3488059,leeg.pdf,,DA3558041,leeg.pdf,,DA3465578,leeg.pdf,,DA3504257,leeg.pdf,,DA3108734,leeg.pdf,,DA3099675,leeg.pdf,,DA3720826,leeg.pdf,,DA3611944,leeg.pdf,,DA3378507,leeg.pdf,
DA3059953,leeg.pdf,,DA3465866,leeg.pdf,,DA3033040,leeg.pdf,,DA3304393,leeg.pdf,,DA3726213,leeg.pdf,,DA3990341,leeg.pdf,,DA3188075,leeg.pdf,,DA3290326,leeg.pdf,,DA3414811,leeg.pdf,,DA3406023,leeg.pdf,,DA3661691,leeg.pdf,,DA3129011,leeg.pdf,,DA3554265,leeg.pdf,,DA3599246,leeg.pdf,,DA3278765,leeg.pdf,
DA3448477,leeg.pdf,,DA3473951,leeg.pdf,,DA3057023,leeg.pdf,,DA3078622,leeg.pdf,,DA3131120,leeg.pdf,,DA3275679,leeg.pdf,,DA3869843,leeg.pdf,,DA3714214,leeg.pdf,,DA3328145,leeg.pdf,,DA3575772,leeg.pdf,,DA3074498,leeg.pdf,,DA3300748,leeg.pdf,,DA3707608,leeg.pdf,,DA3723664,leeg.pdf,,DA3133953,leeg.pdf,
DA3095520,leeg.pdf,,DA3098066,leeg.pdf,,DA3317077,leeg.pdf,,DA3569112,leeg.pdf,,DA3292390,leeg.pdf,,DA3444514,leeg.pdf,,DA3278084,leeg.pdf,,DA3618218,leeg.pdf,,DA3572303,leeg.pdf,,DA3952710,leeg.pdf,,DA3674680,leeg.pdf,,DA3978386,leeg.pdf,,DA3937310,leeg.pdf,,DA3237983,leeg.pdf,,DA3134390,leeg.pdf,
DA3686317,leeg.pdf,,DA3476409,leeg.pdf,,DA3037499,leeg.pdf,,DA3463256,leeg.pdf,,DA3651377,leeg.pdf,,DA3349318,leeg.pdf,,DA3652979,leeg.pdf,,DA3432908,leeg.pdf,,DA3672283,leeg.pdf,,DA3113570,leeg.pdf,,DA3956289,leeg.pdf,,DA3143297,leeg.pdf,,DA3141401,leeg.pdf,,DA3431453,leeg.pdf,,DA3520955,leeg.pdf,
DA3639491,leeg.pdf,,DA3223766,leeg.pdf,,DA3210348,leeg.pdf,,DA3771024,leeg.pdf,,DA3668256,leeg.pdf,,DA3328763,leeg.pdf,,DA3227774,leeg.pdf,,DA3316516,leeg.pdf,,DA3488595,leeg.pdf,,DA3783675,leeg.pdf,,DA3119431,leeg.pdf,,DA3152752,leeg.pdf,,DA3229359,leeg.pdf,,DA3123215,leeg.pdf,,DA3200050,leeg.pdf,
DA3788643,leeg.pdf,,DA3593755,leeg.pdf,,DA3263432,leeg.pdf,,DA3496008,leeg.pdf,,DA3683240,leeg.pdf,,DA3229401,leeg.pdf,,DA3277755,leeg.pdf,,DA3938227,leeg.pdf,,DA3110658,leeg.pdf,,DA3894675,leeg.pdf,,DA3385983,leeg.pdf,,DA3383732,leeg.pdf,,DA3243908,leeg.pdf,,DA3390252,leeg.pdf,,DA3528423,leeg.pdf,
DA3051427,leeg.pdf,,DA3233496,leeg.pdf,,DA3561896,leeg.pdf,,DA3173975,leeg.pdf,,DA3971485,leeg.pdf,,DA3557691,leeg.pdf,,DA3128777,leeg.pdf,,DA3544635,leeg.pdf,,DA3955305,leeg.pdf,,DA3463849,leeg.pdf,,DA3209622,leeg.pdf,,DA3196182,leeg.pdf,,DA3220663,leeg.pdf,,DA3519658,leeg.pdf,,DA3348806,leeg.pdf,
DA3717172,leeg.pdf,,DA3080606,leeg.pdf,,DA3509070,leeg.pdf,,DA3469388,leeg.pdf,,DA3328929,leeg.pdf,,DA3594928,leeg.pdf,,DA3810110,leeg.pdf,,DA3774003,leeg.pdf,,DA3307933,leeg.pdf,,DA3088626,leeg.pdf,,DA3380082,leeg.pdf,,DA3918873,leeg.pdf,,DA3730038,leeg.pdf,,DA3516789,leeg.pdf,,DA3256980,leeg.pdf,
DA3250174,leeg.pdf,,DA3718010,leeg.pdf,,DA3079912,leeg.pdf,,DA3108192,leeg.pdf,,DA3699476,leeg.pdf,,DA3107654,leeg.pdf,,DA3567594,leeg.pdf,,DA3301922,leeg.pdf,,DA3481122,leeg.pdf,,DA3206504,leeg.pdf,,DA3195415,leeg.pdf,,DA3671269,leeg.pdf,,DA3883076,leeg.pdf,,DA3149112,leeg.pdf,,DA3778669,leeg.pdf,
DA3860447,leeg.pdf,,DA3375123,leeg.pdf,,DA3045094,leeg.pdf,,DA3114274,leeg.pdf,,DA3458600,leeg.pdf,,DA3201041,leeg.pdf,,DA3721970,leeg.pdf,,DA3228689,leeg.pdf,,DA3753857,leeg.pdf,,DA3598894,leeg.pdf,,DA3609149,leeg.pdf,,DA3166904,leeg.pdf,,DA3158670,leeg.pdf,,DA3032499,leeg.pdf,,DA3901250,leeg.pdf,
DA3129704,leeg.pdf,,DA3068256,leeg.pdf,,DA3467314,leeg.pdf,,DA3624725,leeg.pdf,,DA3498752,leeg.pdf,,DA3674117,leeg.pdf,,DA3695282,leeg.pdf,,DA3116431,leeg.pdf,,DA3453283,leeg.pdf,,DA3358927,leeg.pdf,,DA3349716,leeg.pdf,,DA3866960,leeg.pdf,,DA3156797,leeg.pdf,,DA3894002,leeg.pdf,,DA3397107,leeg.pdf,
DA3912721,leeg.pdf,,DA3849809,leeg.pdf,,DA3071581,leeg.pdf,,DA3186871,leeg.pdf,,DA3257957,leeg.pdf,,DA3390682,leeg.pdf,,DA3493994,leeg.pdf,,DA3244103,leeg.pdf,,DA3509821,leeg.pdf,,DA3231865,leeg.pdf,,DA3552767,leeg.pdf,,DA3532079,leeg.pdf,,DA3112187,leeg.pdf,,DA3159817,leeg.pdf,,DA3950544,leeg.pdf,
DA3084199,leeg.pdf,,DA3939550,leeg.pdf,,DA3094825,leeg.pdf,,DA3901673,leeg.pdf,,DA3367738,leeg.pdf,,DA3550005,leeg.pdf,,DA3098616,leeg.pdf,,DA3219456,leeg.pdf,,DA3265741,leeg.pdf,,DA3524308,leeg.pdf,,DA3822697,leeg.pdf,,DA3114099,leeg.pdf,,DA3582470,leeg.pdf,,DA3912563,leeg.pdf,,DA3773996,leeg.pdf,
DA3231476,leeg.pdf,,DA3494373,leeg.pdf,,DA3879062,leeg.pdf,,DA3158369,leeg.pdf,,DA3574097,leeg.pdf,,DA3418242,leeg.pdf,,DA3795552,leeg.pdf,,DA3544122,leeg.pdf,,DA3325707,leeg.pdf,,DA3240949,leeg.pdf,,DA3275854,leeg.pdf,,DA3116344,leeg.pdf,,DA3541885,leeg.pdf,,DA3070130,leeg.pdf,,DA3286626,leeg.pdf,
DA3190683,leeg.pdf,,DA3699590,leeg.pdf,,DA3850841,leeg.pdf,,DA3886685,leeg.pdf,,DA3566984,leeg.pdf,,DA3246401,leeg.pdf,,DA3483730,leeg.pdf,,DA3056684,leeg.pdf,,DA3407107,leeg.pdf,,DA3896091,leeg.pdf,,DA3532843,leeg.pdf,,DA3760770,leeg.pdf,,DA3159138,leeg.pdf,,DA3119018,leeg.pdf,,DA3572646,leeg.pdf,
DA3521002,leeg.pdf,,DA3939224,leeg.pdf,,DA3673769,leeg.pdf,,DA3622396,leeg.pdf,,DA3620519,leeg.pdf,,DA3249371,leeg.pdf,,DA3658440,leeg.pdf,,DA3765954,leeg.pdf,,DA3585057,leeg.pdf,,DA3449910,leeg.pdf,,DA3586950,leeg.pdf,,DA3386881,leeg.pdf,,DA3493162,leeg.pdf,,DA3780234,leeg.pdf,,DA3076497,leeg.pdf,
DA3069301,leeg.pdf,,DA3355887,leeg.pdf,,DA3128951,leeg.pdf,,DA3411416,leeg.pdf,,DA3482037,leeg.pdf,,DA3302282,leeg.pdf,,DA3248350,leeg.pdf,,DA3571286,leeg.pdf,,DA3480774,leeg.pdf,,DA3180630,leeg.pdf,,DA3792580,leeg.pdf,,DA3128675,leeg.pdf,,DA3588781,leeg.pdf,,DA3551362,leeg.pdf,,DA3132257,leeg.pdf,
DA3666593,leeg.pdf,,DA3119982,leeg.pdf,,DA3486874,leeg.pdf,,DA3248902,leeg.pdf,,DA3080659,leeg.pdf,,DA3337948,leeg.pdf,,DA3408927,leeg.pdf,,DA3435340,leeg.pdf,,DA3809580,leeg.pdf,,DA3533009,leeg.pdf,,DA3863081,leeg.pdf,,DA3260784,leeg.pdf,,DA3510791,leeg.pdf,,DA3074988,leeg.pdf,,DA3631359,leeg.pdf,
DA3632275,leeg.pdf,,DA3474745,leeg.pdf,,DA3741280,leeg.pdf,,DA3924144,leeg.pdf,,DA3248971,leeg.pdf,,DA3330236,leeg.pdf,,DA3057244,leeg.pdf,,DA3207549,leeg.pdf,,DA3827680,leeg.pdf,,DA3356056,leeg.pdf,,DA3170045,leeg.pdf,,DA3864481,leeg.pdf,,DA3530042,leeg.pdf,,DA3110694,leeg.pdf,,DA3426677,leeg.pdf,
DA3119723,leeg.pdf,,DA3159922,leeg.pdf,,DA3813388,leeg.pdf,,DA3241556,leeg.pdf,,DA3885839,leeg.pdf,,DA3762663,leeg.pdf,,DA3389195,leeg.pdf,,DA3194799,leeg.pdf,,DA3268416,leeg.pdf,,DA3145968,leeg.pdf,,DA3476943,leeg.pdf,,DA3183445,leeg.pdf,,DA3563796,leeg.pdf,,DA3086557,leeg.pdf,,DA3672663,leeg.pdf,
DA3601582,leeg.pdf,,DA3831272,leeg.pdf,,DA3999075,leeg.pdf,,DA3691136,leeg.pdf,,DA3299276,leeg.pdf,,DA3789595,leeg.pdf,,DA3440101,leeg.pdf,,DA3623906,leeg.pdf,,DA3549819,leeg.pdf,,DA3738232,leeg.pdf,,DA3855260,leeg.pdf,,DA3110941,leeg.pdf,,DA3174146,leeg.pdf,,DA3396320,leeg.pdf,,DA3679667,leeg.pdf,
DA3762394,leeg.pdf,,DA3924391,leeg.pdf,,DA3391491,leeg.pdf,,DA3429058,leeg.pdf,,DA3636447,leeg.pdf,,DA3362190,leeg.pdf,,DA3192973,leeg.pdf,,DA3610373,leeg.pdf,,DA3362768,leeg.pdf,,DA3550546,leeg.pdf,,DA3485349,leeg.pdf,,DA3742385,leeg.pdf,,DA3546839,leeg.pdf,,DA3570270,leeg.pdf,,DA3734293,leeg.pdf,
DA3870737,leeg.pdf,,DA3837707,leeg.pdf,,DA3119962,leeg.pdf,,DA3808905,leeg.pdf,,DA3284625,leeg.pdf,,DA3357210,leeg.pdf,,DA3224383,leeg.pdf,,DA3747726,leeg.pdf,,DA3635060,leeg.pdf,,DA3565082,leeg.pdf,,DA3054742,leeg.pdf,,DA3380421,leeg.pdf,,DA3264488,leeg.pdf,,DA3123538,leeg.pdf,,DA3496752,leeg.pdf,
DA3611574,leeg.pdf,,DA3136460,leeg.pdf,,DA3259890,leeg.pdf,,DA3354154,leeg.pdf,,DA3441905,leeg.pdf,,DA3400799,leeg.pdf,,DA3389638,leeg.pdf,,DA3144746,leeg.pdf,,DA3244350,leeg.pdf,,DA3543228,leeg.pdf,,DA3504732,leeg.pdf,,DA3719296,leeg.pdf,,DA3943984,leeg.pdf,,DA3079614,leeg.pdf,,DA3188285,leeg.pdf,
DA3767114,leeg.pdf,,DA3807265,leeg.pdf,,DA3717462,leeg.pdf,,DA3450230,leeg.pdf,,DA3944285,leeg.pdf,,DA3349403,leeg.pdf,,DA3341239,leeg.pdf,,DA3891874,leeg.pdf,,DA3552482,leeg.pdf,,DA3839819,leeg.pdf,,DA3187122,leeg.pdf,,DA3109899,leeg.pdf,,DA3149829,leeg.pdf,,DA3816490,leeg.pdf,,DA3972976,leeg.pdf,
DA3430904,leeg.pdf,,DA3731480,leeg.pdf,,DA3057237,leeg.pdf,,DA3300439,leeg.pdf,,DA3766392,leeg.pdf,,DA3652127,leeg.pdf,,DA3957827,leeg.pdf,,DA3899180,leeg.pdf,,DA3592781,leeg.pdf,,DA3442068,leeg.pdf,,DA3659046,leeg.pdf,,DA3403781,leeg.pdf,,DA3124333,leeg.pdf,,DA3323251,leeg.pdf,,DA3865323,leeg.pdf,
DA3438118,leeg.pdf,,DA3031374,leeg.pdf,,DA3606942,leeg.pdf,,DA3535065,leeg.pdf,,DA3290692,leeg.pdf,,DA3156257,leeg.pdf,,DA3273167,leeg.pdf,,DA3161873,leeg.pdf,,DA3599557,leeg.pdf,,DA3194863,leeg.pdf,,DA3560010,leeg.pdf,,DA3434947,leeg.pdf,,DA3752727,leeg.pdf,,DA3275879,leeg.pdf,,DA3460470,leeg.pdf,
DA3388891,leeg.pdf,,DA3822478,leeg.pdf,,DA3556159,leeg.pdf,,DA3243846,leeg.pdf,,DA3525222,leeg.pdf,,DA3861820,leeg.pdf,,DA3649001,leeg.pdf,,DA3540890,leeg.pdf,,DA3098741,leeg.pdf,,DA3982095,leeg.pdf,,DA3392832,leeg.pdf,,DA3697261,leeg.pdf,,DA3854878,leeg.pdf,,DA3847158,leeg.pdf,,DA3181259,leeg.pdf,
DA3936815,leeg.pdf,,DA3990769,leeg.pdf,,DA3921527,leeg.pdf,,DA3857978,leeg.pdf,,DA3038716,leeg.pdf,,DA3457919,leeg.pdf,,DA3303014,leeg.pdf,,DA3579240,leeg.pdf,,DA3333392,leeg.pdf,,DA3607302,leeg.pdf,,DA3631738,leeg.pdf,,DA3609607,leeg.pdf,,DA3471218,leeg.pdf,,DA3569041,leeg.pdf,,DA3450804,leeg.pdf,
DA3552446,leeg.pdf,,DA3184043,leeg.pdf,,DA3809839,leeg.pdf,,DA3404793,leeg.pdf,,DA3747274,leeg.pdf,,DA3638722,leeg.pdf,,DA3980023,leeg.pdf,,DA3611799,leeg.pdf,,DA3131701,leeg.pdf,,DA3143392,leeg.pdf,,DA3523996,leeg.pdf,,DA3486020,leeg.pdf,,DA3280678,leeg.pdf,,DA3978820,leeg.pdf,,DA3976223,leeg.pdf,
DA3530002,leeg.pdf,,DA3129370,leeg.pdf,,DA3577564,leeg.pdf,,DA3085541,leeg.pdf,,DA3753326,leeg.pdf,,DA3168502,leeg.pdf,,DA3487400,leeg.pdf,,DA3267035,leeg.pdf,,DA3576465,leeg.pdf,,DA3632228,leeg.pdf,,DA3582950,leeg.pdf,,DA3151969,leeg.pdf,,DA3147777,leeg.pdf,,DA3279381,leeg.pdf,,DA3048559,leeg.pdf,
DA3529903,leeg.pdf,,DA3057246,leeg.pdf,,DA3066633,leeg.pdf,,DA3147475,leeg.pdf,,DA3332867,leeg.pdf,,DA3963179,leeg.pdf,,DA3916799,leeg.pdf,,DA3315327,leeg.pdf,,DA3216793,leeg.pdf,,DA3503216,leeg.pdf,,DA3411098,leeg.pdf,,DA3269765,leeg.pdf,,DA3535996,leeg.pdf,,DA3387627,leeg.pdf,,DA3098294,leeg.pdf,
DA3146536,leeg.pdf,,DA3089651,leeg.pdf,,DA3810125,leeg.pdf,,DA3075227,leeg.pdf,,DA3306715,leeg.pdf,,DA3311677,leeg.pdf,,DA3276956,leeg.pdf,,DA3793169,leeg.pdf,,DA3559710,leeg.pdf,,DA3171058,leeg.pdf,,DA3046287,leeg.pdf,,DA3661578,leeg.pdf,,DA3654390,leeg.pdf,,DA3346396,leeg.pdf,,DA3286185,leeg.pdf,
DA3734582,leeg.pdf,,DA3826198,leeg.pdf,,DA3352580,leeg.pdf,,DA3040880,leeg.pdf,,DA3921981,leeg.pdf,,DA3121798,leeg.pdf,,DA3115826,leeg.pdf,,DA3173429,leeg.pdf,,DA3843596,leeg.pdf,,DA3771535,leeg.pdf,,DA3030220,leeg.pdf,,DA3225438,leeg.pdf,,DA3999498,leeg.pdf,,DA3314458,leeg.pdf,,DA3865211,leeg.pdf,
DA3766529,leeg.pdf,,DA3626101,leeg.pdf,,DA3537681,leeg.pdf,,DA3309909,leeg.pdf,,DA3413759,leeg.pdf,,DA3742017,leeg.pdf,,DA3506701,leeg.pdf,,DA3297304,leeg.pdf,,DA3627718,leeg.pdf,,DA3901538,leeg.pdf,,DA3736485,leeg.pdf,,DA3191612,leeg.pdf,,DA3173435,leeg.pdf,,DA3315447,leeg.pdf,,DA3564089,leeg.pdf,
DA3108578,leeg.pdf,,DA3354554,leeg.pdf,,DA3227916,leeg.pdf,,DA3607199,leeg.pdf,,DA3341756,leeg.pdf,,DA3167906,leeg.pdf,,DA3567371,leeg.pdf,,DA3445460,leeg.pdf,,DA3065689,leeg.pdf,,DA3063118,leeg.pdf,,DA3906033,leeg.pdf,,DA3270347,leeg.pdf,,DA3660837,leeg.pdf,,DA3293338,leeg.pdf,,DA3466581,leeg.pdf,
DA3137411,leeg.pdf,,DA3525884,leeg.pdf,,DA3808688,leeg.pdf,,DA3735115,leeg.pdf,,DA3884339,leeg.pdf,,DA3205689,leeg.pdf,,DA3828168,leeg.pdf,,DA3586887,leeg.pdf,,DA3124204,leeg.pdf,,DA3771041,leeg.pdf,,DA3489117,leeg.pdf,,DA3323331,leeg.pdf,,DA3188483,leeg.pdf,,DA3158254,leeg.pdf,,DA3719366,leeg.pdf,
DA3389611,leeg.pdf,,DA3444654,leeg.pdf,,DA3322332,leeg.pdf,,DA3637012,leeg.pdf,,DA3130157,leeg.pdf,,DA3196603,leeg.pdf,,DA3184446,leeg.pdf,,DA3854011,leeg.pdf,,DA3668740,leeg.pdf,,DA3882793,leeg.pdf,,DA3254497,leeg.pdf,,DA3750787,leeg.pdf,,DA3343470,leeg.pdf,,DA3588177,leeg.pdf,,DA3433792,leeg.pdf,
DA3613902,leeg.pdf,,DA3525683,leeg.pdf,,DA3440103,leeg.pdf,,DA3527222,leeg.pdf,,DA3035961,leeg.pdf,,DA3064218,leeg.pdf,,DA3911130,leeg.pdf,,DA3813650,leeg.pdf,,DA3602294,leeg.pdf,,DA3093759,leeg.pdf,,DA3347956,leeg.pdf,,DA3731482,leeg.pdf,,DA3131453,leeg.pdf,,DA3394801,leeg.pdf,,DA3372022,leeg.pdf,
DA3423339,leeg.pdf,,DA3350138,leeg.pdf,,DA3191484,leeg.pdf,,DA3572544,leeg.pdf,,DA3569165,leeg.pdf,,DA3404079,leeg.pdf,,DA3095224,leeg.pdf,,DA3608682,leeg.pdf,,DA3467716,leeg.pdf,,DA3171362,leeg.pdf,,DA3683146,leeg.pdf,,DA3759045,leeg.pdf,,DA3537960,leeg.pdf,,DA3257777,leeg.pdf,,DA3357942,leeg.pdf,
DA3045699,leeg.pdf,,DA3164795,leeg.pdf,,DA3419541,leeg.pdf,,DA3203816,leeg.pdf,,DA3710435,leeg.pdf,,DA3457314,leeg.pdf,,DA3700648,leeg.pdf,,DA3230003,leeg.pdf,,DA3119879,leeg.pdf,,DA3698888,leeg.pdf,,DA3309903,leeg.pdf,,DA3787548,leeg.pdf,,DA3451583,leeg.pdf,,DA3160251,leeg.pdf,,DA3179370,leeg.pdf,
DA3244136,leeg.pdf,,DA3994295,leeg.pdf,,DA3673995,leeg.pdf,,DA3362601,leeg.pdf,,DA3346660,leeg.pdf,,DA3785078,leeg.pdf,,DA3570919,leeg.pdf,,DA3387197,leeg.pdf,,DA3940426,leeg.pdf,,DA3664243,leeg.pdf,,DA3677953,leeg.pdf,,DA3661048,leeg.pdf,,DA3954961,leeg.pdf,,DA3985088,leeg.pdf,,DA3423175,leeg.pdf,
DA3270082,leeg.pdf,,DA3182469,leeg.pdf,,DA3577036,leeg.pdf,,DA3183410,leeg.pdf,,DA3888484,leeg.pdf,,DA3891935,leeg.pdf,,DA3078142,leeg.pdf,,DA3202483,leeg.pdf,,DA3171185,leeg.pdf,,DA3126473,leeg.pdf,,DA3750127,leeg.pdf,,DA3276352,leeg.pdf,,DA3991884,leeg.pdf,,DA3097088,leeg.pdf,,DA3558864,leeg.pdf,
DA3721558,leeg.pdf,,DA3497666,leeg.pdf,,DA3076386,leeg.pdf,,DA3248055,leeg.pdf,,DA3841376,leeg.pdf,,DA3788821,leeg.pdf,,DA3347690,leeg.pdf,,DA3298428,leeg.pdf,,DA3196555,leeg.pdf,,DA3905539,leeg.pdf,,DA3589756,leeg.pdf,,DA3407110,leeg.pdf,,DA3975894,leeg.pdf,,DA3483782,leeg.pdf,,DA3126916,leeg.pdf,
DA3540798,leeg.pdf,,DA3878411,leeg.pdf,,DA3148546,leeg.pdf,,DA3735656,leeg.pdf,,DA3037661,leeg.pdf,,DA3644844,leeg.pdf,,DA3977709,leeg.pdf,,DA3537173,leeg.pdf,,DA3683481,leeg.pdf,,DA3892631,leeg.pdf,,DA3706204,leeg.pdf,,DA3522527,leeg.pdf,,DA3466439,leeg.pdf,,DA3706798,leeg.pdf,,DA3731347,leeg.pdf,
DA3857866,leeg.pdf,,DA3817190,leeg.pdf,,DA3646972,leeg.pdf,,DA3802962,leeg.pdf,,DA3930640,leeg.pdf,,DA3235735,leeg.pdf,,DA3173273,leeg.pdf,,DA3083646,leeg.pdf,,DA3524767,leeg.pdf,,DA3069305,leeg.pdf,,DA3134003,leeg.pdf,,DA3182994,leeg.pdf,,DA3603529,leeg.pdf,,DA3831158,leeg.pdf,,DA3188235,leeg.pdf,
DA3041993,leeg.pdf,,DA3761852,leeg.pdf,,DA3041811,leeg.pdf,,DA3417592,leeg.pdf,,DA3905171,leeg.pdf,,DA3077674,leeg.pdf,,DA3248917,leeg.pdf,,DA3527399,leeg.pdf,,DA3076277,leeg.pdf,,DA3350946,leeg.pdf,,DA3305254,leeg.pdf,,DA3758969,leeg.pdf,,DA3612216,leeg.pdf,,DA3098991,leeg.pdf,,DA3799169,leeg.pdf,
DA3035283,leeg.pdf,,DA3847423,leeg.pdf,,DA3958624,leeg.pdf,,DA3180155,leeg.pdf,,DA3702090,leeg.pdf,,DA3696321,leeg.pdf,,DA3937394,leeg.pdf,,DA3468423,leeg.pdf,,DA3773247,leeg.pdf,,DA3871338,leeg.pdf,,DA3113231,leeg.pdf,,DA3128476,leeg.pdf,,DA3743399,leeg.pdf,,DA3090164,leeg.pdf,,DA3611036,leeg.pdf,
DA3362920,leeg.pdf,,DA3968254,leeg.pdf,,DA3685505,leeg.pdf,,DA3253996,leeg.pdf,,DA3915936,leeg.pdf,,DA3796535,leeg.pdf,,DA3224985,leeg.pdf,,DA3389038,leeg.pdf,,DA3487571,leeg.pdf,,DA3824279,leeg.pdf,,DA3204773,leeg.pdf,,DA3325778,leeg.pdf,,DA3279726,leeg.pdf,,DA3055403,leeg.pdf,,DA3092058,leeg.pdf,
DA3867358,leeg.pdf,,DA3784732,leeg.pdf,,DA3083695,leeg.pdf,,DA3455445,leeg.pdf,,DA3273469,leeg.pdf,,DA3354010,leeg.pdf,,DA3956670,leeg.pdf,,DA3249271,leeg.pdf,,DA3656470,leeg.pdf,,DA3461583,leeg.pdf,,DA3479860,leeg.pdf,,DA3135626,leeg.pdf,,DA3053596,leeg.pdf,,DA3127340,leeg.pdf,,DA3056003,leeg.pdf,
DA3379024,leeg.pdf,,DA3321214,leeg.pdf,,DA3859318,leeg.pdf,,DA3583108,leeg.pdf,,DA3313220,leeg.pdf,,DA3336564,leeg.pdf,,DA3598889,leeg.pdf,,DA3869028,leeg.pdf,,DA3851999,leeg.pdf,,DA3708008,leeg.pdf,,DA3143430,leeg.pdf,,DA3836667,leeg.pdf,,DA3693401,leeg.pdf,,DA3554826,leeg.pdf,,DA3886974,leeg.pdf,
DA3781657,leeg.pdf,,DA3153149,leeg.pdf,,DA3442119,leeg.pdf,,DA3486933,leeg.pdf,,DA3923058,leeg.pdf,,DA3697827,leeg.pdf,,DA3860847,leeg.pdf,,DA3571998,leeg.pdf,,DA3407148,leeg.pdf,,DA3773146,leeg.pdf,,DA3536904,leeg.pdf,,DA3473686,leeg.pdf,,DA3595088,leeg.pdf,,DA3419146,leeg.pdf,,DA3297743,leeg.pdf,
DA3252073,leeg.pdf,,DA3109543,leeg.pdf,,DA3992069,leeg.pdf,,DA3620193,leeg.pdf,,DA3899047,leeg.pdf,,DA3125059,leeg.pdf,,DA3612608,leeg.pdf,,DA3177627,leeg.pdf,,DA3850110,leeg.pdf,,DA3255583,leeg.pdf,,DA3839231,leeg.pdf,,DA3551537,leeg.pdf,,DA3732200,leeg.pdf,,DA3906358,leeg.pdf,,DA3534656,leeg.pdf,
DA3796864,leeg.pdf,,DA3161534,leeg.pdf,,DA3470764,leeg.pdf,,DA3657777,leeg.pdf,,DA3219801,leeg.pdf,,DA3408075,leeg.pdf,,DA3761565,leeg.pdf,,DA3245530,leeg.pdf,,DA3525354,leeg.pdf,,DA3233899,leeg.pdf,,DA3166745,leeg.pdf,,DA3552234,leeg.pdf,,DA3709880,leeg.pdf,,DA3812603,leeg.pdf,,DA3343119,leeg.pdf,
DA3116961,leeg.pdf,,DA3514189,leeg.pdf,,DA3404895,leeg.pdf,,DA3139691,leeg.pdf,,DA3829855,leeg.pdf,,DA3138083,leeg.pdf,,DA3276675,leeg.pdf,,DA3737721,leeg.pdf,,DA3655415,leeg.pdf,,DA3751192,leeg.pdf,,DA3237634,leeg.pdf,,DA3307834,leeg.pdf,,DA3350441,leeg.pdf,,DA3643072,leeg.pdf,,DA3491705,leeg.pdf,
DA3989417,leeg.pdf,,DA3084289,leeg.pdf,,DA3612208,leeg.pdf,,DA3938754,leeg.pdf,,DA3194008,leeg.pdf,,DA3738025,leeg.pdf,,DA3216205,leeg.pdf,,DA3542533,leeg.pdf,,DA3171291,leeg.pdf,,DA3125486,leeg.pdf,,DA3349125,leeg.pdf,,DA3154832,leeg.pdf,,DA3788849,leeg.pdf,,DA3675566,leeg.pdf,,DA3417495,leeg.pdf,
DA3590574,leeg.pdf,,DA3597263,leeg.pdf,,DA3470213,leeg.pdf,,DA3141581,leeg.pdf,,DA3894180,leeg.pdf,,DA3387819,leeg.pdf,,DA3745104,leeg.pdf,,DA3139969,leeg.pdf,,DA3344827,leeg.pdf,,DA3615372,leeg.pdf,,DA3056395,leeg.pdf,,DA3182696,leeg.pdf,,DA3906782,leeg.pdf,,DA3483925,leeg.pdf,,DA3995330,leeg.pdf,
DA3556109,leeg.pdf,,DA3372493,leeg.pdf,,DA3571464,leeg.pdf,,DA3131228,leeg.pdf,,DA3341984,leeg.pdf,,DA3276777,leeg.pdf,,DA3360279,leeg.pdf,,DA3352373,leeg.pdf,,DA3579753,leeg.pdf,,DA3143610,leeg.pdf,,DA3399195,leeg.pdf,,DA3959963,leeg.pdf,,DA3169436,leeg.pdf,,DA3242172,leeg.pdf,,DA3526772,leeg.pdf,
DA3826260,leeg.pdf,,DA3962934,leeg.pdf,,DA3186792,leeg.pdf,,DA3933604,leeg.pdf,,DA3746156,leeg.pdf,,DA3119466,leeg.pdf,,DA3295150,leeg.pdf,,DA3054909,leeg.pdf,,DA3350022,leeg.pdf,,DA3102647,leeg.pdf,,DA3794936,leeg.pdf,,DA3395464,leeg.pdf,,DA3922947,leeg.pdf,,DA3460974,leeg.pdf,,DA3125711,leeg.pdf,
DA3343931,leeg.pdf,,DA3456908,leeg.pdf,,DA3386341,leeg.pdf,,DA3176531,leeg.pdf,,DA3078667,leeg.pdf,,DA3059996,leeg.pdf,,DA3344342,leeg.pdf,,DA3609631,leeg.pdf,,DA3649608,leeg.pdf,,DA3932469,leeg.pdf,,DA3141166,leeg.pdf,,DA3142494,leeg.pdf,,DA3386274,leeg.pdf,,DA3135446,leeg.pdf,,DA3935839,leeg.pdf,
DA3837195,leeg.pdf,,DA3525758,leeg.pdf,,DA3442027,leeg.pdf,,DA3892097,leeg.pdf,,DA3091532,leeg.pdf,,DA3918195,leeg.pdf,,DA3364321,leeg.pdf,,DA3528767,leeg.pdf,,DA3070360,leeg.pdf,,DA3605117,leeg.pdf,,DA3564880,leeg.pdf,,DA3450595,leeg.pdf,,DA3197122,leeg.pdf,,DA3184854,leeg.pdf,,DA3997297,leeg.pdf,
DA3129787,leeg.pdf,,DA3622408,leeg.pdf,,DA3624489,leeg.pdf,,DA3073292,leeg.pdf,,DA3964373,leeg.pdf,,DA3143854,leeg.pdf,,DA3088121,leeg.pdf,,DA3608595,leeg.pdf,,DA3109583,leeg.pdf,,DA3116953,leeg.pdf,,DA3244337,leeg.pdf,,DA3175929,leeg.pdf,,DA3774591,leeg.pdf,,DA3383194,leeg.pdf,,DA3713361,leeg.pdf,
DA3568213,leeg.pdf,,DA3206026,leeg.pdf,,DA3230641,leeg.pdf,,DA3413594,leeg.pdf,,DA3703948,leeg.pdf,,DA3794020,leeg.pdf,,DA3489737,leeg.pdf,,DA3416066,leeg.pdf,,DA3401034,leeg.pdf,,DA3977165,leeg.pdf,,DA3170844,leeg.pdf,,DA3110236,leeg.pdf,,DA3117769,leeg.pdf,,DA3811735,leeg.pdf,,DA3058011,leeg.pdf,
DA3558197,leeg.pdf,,DA3579944,leeg.pdf,,DA3943740,leeg.pdf,,DA3936322,leeg.pdf,,DA3645285,leeg.pdf,,DA3623852,leeg.pdf,,DA3430118,leeg.pdf,,DA3770527,leeg.pdf,,DA3695945,leeg.pdf,,DA3763771,leeg.pdf,,DA3462918,leeg.pdf,,DA3200395,leeg.pdf,,DA3273413,leeg.pdf,,DA3865118,leeg.pdf,,DA3567811,leeg.pdf,
DA3553650,leeg.pdf,,DA3220445,leeg.pdf,,DA3424092,leeg.pdf,,DA3070640,leeg.pdf,,DA3983295,leeg.pdf,,DA3318186,leeg.pdf,,DA3087053,leeg.pdf,,DA3117505,leeg.pdf,,DA3442358,leeg.pdf,,DA3134307,leeg.pdf,,DA3469441,leeg.pdf,,DA3768840,leeg.pdf,,DA3302081,leeg.pdf,,DA3627968,leeg.pdf,,DA3601530,leeg.pdf,
DA3724142,leeg.pdf,,DA3528958,leeg.pdf,,DA3449059,leeg.pdf,,DA3128090,leeg.pdf,,DA3263700,leeg.pdf,,DA3148686,leeg.pdf,,DA3432189,leeg.pdf,,DA3993731,leeg.pdf,,DA3128100,leeg.pdf,,DA3584124,leeg.pdf,,DA3875321,leeg.pdf,,DA3805084,leeg.pdf,,DA3561854,leeg.pdf,,DA3252077,leeg.pdf,,DA3623841,leeg.pdf,
DA3767829,leeg.pdf,,DA3990401,leeg.pdf,,DA3839549,leeg.pdf,,DA3258288,leeg.pdf,,DA3726672,leeg.pdf,,DA3766671,leeg.pdf,,DA3338297,leeg.pdf,,DA3563255,leeg.pdf,,DA3534406,leeg.pdf,,DA3067392,leeg.pdf,,DA3328980,leeg.pdf,,DA3654751,leeg.pdf,,DA3107616,leeg.pdf,,DA3134287,leeg.pdf,,DA3694820,leeg.pdf,
DA3858828,leeg.pdf,,DA3060241,leeg.pdf,,DA3071552,leeg.pdf,,DA3707515,leeg.pdf,,DA3557333,leeg.pdf,,DA3505438,leeg.pdf,,DA3483596,leeg.pdf,,DA3365575,leeg.pdf,,DA3112536,leeg.pdf,,DA3985453,leeg.pdf,,DA3427564,leeg.pdf,,DA3441589,leeg.pdf,,DA3936904,leeg.pdf,,DA3765659,leeg.pdf,,DA3095644,leeg.pdf,
DA3469836,leeg.pdf,,DA3524017,leeg.pdf,,DA3282300,leeg.pdf,,DA3287142,leeg.pdf,,DA3595370,leeg.pdf,,DA3894210,leeg.pdf,,DA3387454,leeg.pdf,,DA3190913,leeg.pdf,,DA3499628,leeg.pdf,,DA3040264,leeg.pdf,,DA3564556,leeg.pdf,,DA3992048,leeg.pdf,,DA3092725,leeg.pdf,,DA3134823,leeg.pdf,,DA3886734,leeg.pdf,
DA3262691,leeg.pdf,,DA3674517,leeg.pdf,,DA3684044,leeg.pdf,,DA3709715,leeg.pdf,,DA3491290,leeg.pdf,,DA3505028,leeg.pdf,,DA3835714,leeg.pdf,,DA3535354,leeg.pdf,,DA3851355,leeg.pdf,,DA3515197,leeg.pdf,,DA3369810,leeg.pdf,,DA3413962,leeg.pdf,,DA3798428,leeg.pdf,,DA3755099,leeg.pdf,,DA3692853,leeg.pdf,
DA3201931,leeg.pdf,,DA3573636,leeg.pdf,,DA3743298,leeg.pdf,,DA3734475,leeg.pdf,,DA3919571,leeg.pdf,,DA3611839,leeg.pdf,,DA3716327,leeg.pdf,,DA3330311,leeg.pdf,,DA3499714,leeg.pdf,,DA3109847,leeg.pdf,,DA3185335,leeg.pdf,,DA3088829,leeg.pdf,,DA3639880,leeg.pdf,,DA3219200,leeg.pdf,,DA3349256,leeg.pdf,
DA3092064,leeg.pdf,,DA3230167,leeg.pdf,,DA3697320,leeg.pdf,,DA3514689,leeg.pdf,,DA3146699,leeg.pdf,,DA3619449,leeg.pdf,,DA3828513,leeg.pdf,,DA3736250,leeg.pdf,,DA3154589,leeg.pdf,,DA3054811,leeg.pdf,,DA3496474,leeg.pdf,,DA3548391,leeg.pdf,,DA3774849,leeg.pdf,,DA3758425,leeg.pdf,,DA3265238,leeg.pdf,
DA3838839,leeg.pdf,,DA3801380,leeg.pdf,,DA3115753,leeg.pdf,,DA3468307,leeg.pdf,,DA3564235,leeg.pdf,,DA3276226,leeg.pdf,,DA3413055,leeg.pdf,,DA3593588,leeg.pdf,,DA3932483,leeg.pdf,,DA3969970,leeg.pdf,,DA3057989,leeg.pdf,,DA3983615,leeg.pdf,,DA3129977,leeg.pdf,,DA3606835,leeg.pdf,,DA3469207,leeg.pdf,
DA3676463,leeg.pdf,,DA3152985,leeg.pdf,,DA3133023,leeg.pdf,,DA3179263,leeg.pdf,,DA3778532,leeg.pdf,,DA3865628,leeg.pdf,,DA3390884,leeg.pdf,,DA3985148,leeg.pdf,,DA3061041,leeg.pdf,,DA3089234,leeg.pdf,,DA3828155,leeg.pdf,,DA3151710,leeg.pdf,,DA3391305,leeg.pdf,,DA3203239,leeg.pdf,,DA3616382,leeg.pdf,
DA3897818,leeg.pdf,,DA3787820,leeg.pdf,,DA3102596,leeg.pdf,,DA3533310,leeg.pdf,,DA3495201,leeg.pdf,,DA3731337,leeg.pdf,,DA3110347,leeg.pdf,,DA3061119,leeg.pdf,,DA3135684,leeg.pdf,,DA3125944,leeg.pdf,,DA3366566,leeg.pdf,,DA3521574,leeg.pdf,,DA3702194,leeg.pdf,,DA3739586,leeg.pdf,,DA3473338,leeg.pdf,
DA3826913,leeg.pdf,,DA3667997,leeg.pdf,,DA3353246,leeg.pdf,,DA3798840,leeg.pdf,,DA3530763,leeg.pdf,,DA3195405,leeg.pdf,,DA3767626,leeg.pdf,,DA3547201,leeg.pdf,,DA3071671,leeg.pdf,,DA3344521,leeg.pdf,,DA3434646,leeg.pdf,,DA3485690,leeg.pdf,,DA3086015,leeg.pdf,,DA3134630,leeg.pdf,,DA3156951,leeg.pdf,
DA3221982,leeg.pdf,,DA3181006,leeg.pdf,,DA3471739,leeg.pdf,,DA3323184,leeg.pdf,,DA3419797,leeg.pdf,,DA3218529,leeg.pdf,,DA3477439,leeg.pdf,,DA3265540,leeg.pdf,,DA3304179,leeg.pdf,,DA3473412,leeg.pdf,,DA3904398,leeg.pdf,,DA3472147,leeg.pdf,,DA3830807,leeg.pdf,,DA3255682,leeg.pdf,,DA3434258,leeg.pdf,
DA3708707,leeg.pdf,,DA3357098,leeg.pdf,,DA3628703,leeg.pdf,,DA3119986,leeg.pdf,,DA3645762,leeg.pdf,,DA3041781,leeg.pdf,,DA3128903,leeg.pdf,,DA3186200,leeg.pdf,,DA3971500,leeg.pdf,,DA3654415,leeg.pdf,,DA3326050,leeg.pdf,,DA3598409,leeg.pdf,,DA3157073,leeg.pdf,,DA3949869,leeg.pdf,,DA3182741,leeg.pdf,
DA3734540,leeg.pdf,,DA3774022,leeg.pdf,,DA3269521,leeg.pdf,,DA3633183,leeg.pdf,,DA3252972,leeg.pdf,,DA3775252,leeg.pdf,,DA3594184,leeg.pdf,,DA3815614,leeg.pdf,,DA3543515,leeg.pdf,,DA3180626,leeg.pdf,,DA3200935,leeg.pdf,,DA3478917,leeg.pdf,,DA3747800,leeg.pdf,,DA3628431,leeg.pdf,,DA3943148,leeg.pdf,
DA3544963,leeg.pdf,,DA3606331,leeg.pdf,,DA3850496,leeg.pdf,,DA3372990,leeg.pdf,,DA3644614,leeg.pdf,,DA3269160,leeg.pdf,,DA3873052,leeg.pdf,,DA3239286,leeg.pdf,,DA3850970,leeg.pdf,,DA3440376,leeg.pdf,,DA3333194,leeg.pdf,,DA3052885,leeg.pdf,,DA3401038,leeg.pdf,,DA3830555,leeg.pdf,,DA3077364,leeg.pdf,
DA3889167,leeg.pdf,,DA3717397,leeg.pdf,,DA3105420,leeg.pdf,,DA3795146,leeg.pdf,,DA3285801,leeg.pdf,,DA3694011,leeg.pdf,,DA3238524,leeg.pdf,,DA3932358,leeg.pdf,,DA3682570,leeg.pdf,,DA3216410,leeg.pdf,,DA3694888,leeg.pdf,,DA3692467,leeg.pdf,,DA3209260,leeg.pdf,,DA3353113,leeg.pdf,,DA3144180,leeg.pdf,
DA3377432,leeg.pdf,,DA3267684,leeg.pdf,,DA3777870,leeg.pdf,,DA3965306,leeg.pdf,,DA3344937,leeg.pdf,,DA3050611,leeg.pdf,,DA3666023,leeg.pdf,,DA3883052,leeg.pdf,,DA3928575,leeg.pdf,,DA3469451,leeg.pdf,,DA3644334,leeg.pdf,,DA3700668,leeg.pdf,,DA3121029,leeg.pdf,,DA3841684,leeg.pdf,,DA3308115,leeg.pdf,
DA3322193,leeg.pdf,,DA3629247,leeg.pdf,,DA3480956,leeg.pdf,,DA3130404,leeg.pdf,,DA3337232,leeg.pdf,,DA3750334,leeg.pdf,,DA3829675,leeg.pdf,,DA3161209,leeg.pdf,,DA3332850,leeg.pdf,,DA3772616,leeg.pdf,,DA3066586,leeg.pdf,,DA3216086,leeg.pdf,,DA3150742,leeg.pdf,,DA3177228,leeg.pdf,,DA3252735,leeg.pdf,
DA3275263,leeg.pdf,,DA3592847,leeg.pdf,,DA3181956,leeg.pdf,,DA3969642,leeg.pdf,,DA3770874,leeg.pdf,,DA3149209,leeg.pdf,,DA3333571,leeg.pdf,,DA3578229,leeg.pdf,,DA3178542,leeg.pdf,,DA3294476,leeg.pdf,,DA3459658,leeg.pdf,,DA3148162,leeg.pdf,,DA3056255,leeg.pdf,,DA3184316,leeg.pdf,,DA3569379,leeg.pdf,
DA3284287,leeg.pdf,,DA3564459,leeg.pdf,,DA3867773,leeg.pdf,,DA3094028,leeg.pdf,,DA3327190,leeg.pdf,,DA3341644,leeg.pdf,,DA3695854,leeg.pdf,,DA3356512,leeg.pdf,,DA3446026,leeg.pdf,,DA3179092,leeg.pdf,,DA3458629,leeg.pdf,,DA3410530,leeg.pdf,,DA3621287,leeg.pdf,,DA3330434,leeg.pdf,,DA3232807,leeg.pdf,
DA3454559,leeg.pdf,,DA3865045,leeg.pdf,,DA3928946,leeg.pdf,,DA3401461,leeg.pdf,,DA3307485,leeg.pdf,,DA3120722,leeg.pdf,,DA3515920,leeg.pdf,,DA3393065,leeg.pdf,,DA3104201,leeg.pdf,,DA3354064,leeg.pdf,,DA3686938,leeg.pdf,,DA3218012,leeg.pdf,,DA3131198,leeg.pdf,,DA3201999,leeg.pdf,,DA3506662,leeg.pdf,
DA3298183,leeg.pdf,,DA3696892,leeg.pdf,,DA3993471,leeg.pdf,,DA3656161,leeg.pdf,,DA3737141,leeg.pdf,,DA3132505,leeg.pdf,,DA3907112,leeg.pdf,,DA3759685,leeg.pdf,,DA3930698,leeg.pdf,,DA3552754,leeg.pdf,,DA3212044,leeg.pdf,,DA3257302,leeg.pdf,,DA3905277,leeg.pdf,,DA3993641,leeg.pdf,,DA3132459,leeg.pdf,
DA3690495,leeg.pdf,,DA3720375,leeg.pdf,,DA3392703,leeg.pdf,,DA3712228,leeg.pdf,,DA3327869,leeg.pdf,,DA3216092,leeg.pdf,,DA3641986,leeg.pdf,,DA3498946,leeg.pdf,,DA3396124,leeg.pdf,,DA3197797,leeg.pdf,,DA3603958,leeg.pdf,,DA3681689,leeg.pdf,,DA3481180,leeg.pdf,,DA3435886,leeg.pdf,,DA3629201,leeg.pdf,
DA3895920,leeg.pdf,,DA3148865,leeg.pdf,,DA3311833,leeg.pdf,,DA3280710,leeg.pdf,,DA3412311,leeg.pdf,,DA3167304,leeg.pdf,,DA3715913,leeg.pdf,,DA3742080,leeg.pdf,,DA3460861,leeg.pdf,,DA3327619,leeg.pdf,,DA3986160,leeg.pdf,,DA3826211,leeg.pdf,,DA3365288,leeg.pdf,,DA3238413,leeg.pdf,,DA3541286,leeg.pdf,
DA3956806,leeg.pdf,,DA3802742,leeg.pdf,,DA3126914,leeg.pdf,,DA3653127,leeg.pdf,,DA3219549,leeg.pdf,,DA3654905,leeg.pdf,,DA3631560,leeg.pdf,,DA3889607,leeg.pdf,,DA3490633,leeg.pdf,,DA3953607,leeg.pdf,,DA3864151,leeg.pdf,,DA3439281,leeg.pdf,,DA3476238,leeg.pdf,,DA3610996,leeg.pdf,,DA3127061,leeg.pdf,
DA3461694,leeg.pdf,,DA3237875,leeg.pdf,,DA3123501,leeg.pdf,,DA3173453,leeg.pdf,,DA3186006,leeg.pdf,,DA3627882,leeg.pdf,,DA3825621,leeg.pdf,,DA3663483,leeg.pdf,,DA3053651,leeg.pdf,,DA3121819,leeg.pdf,,DA3090066,leeg.pdf,,DA3381179,leeg.pdf,,DA3253254,leeg.pdf,,DA3352505,leeg.pdf,,DA3163693,leeg.pdf,
DA3685637,leeg.pdf,,DA3707665,leeg.pdf,,DA3310403,leeg.pdf,,DA3409645,leeg.pdf,,DA3179281,leeg.pdf,,DA3512616,leeg.pdf,,DA3149245,leeg.pdf,,DA3852801,leeg.pdf,,DA3451232,leeg.pdf,,DA3699848,leeg.pdf,,DA3119425,leeg.pdf,,DA3997004,leeg.pdf,,DA3407235,leeg.pdf,,DA3882980,leeg.pdf,,DA3217148,leeg.pdf,
DA3830405,leeg.pdf,,DA3878985,leeg.pdf,,DA3806163,leeg.pdf,,DA3991689,leeg.pdf,,DA3089618,leeg.pdf,,DA3470542,leeg.pdf,,DA3771844,leeg.pdf,,DA3241889,leeg.pdf,,DA3535024,leeg.pdf,,DA3683818,leeg.pdf,,DA3282917,leeg.pdf,,DA3781388,leeg.pdf,,DA3205479,leeg.pdf,,DA3110630,leeg.pdf,,DA3862696,leeg.pdf,
DA3110989,leeg.pdf,,DA3041839,leeg.pdf,,DA3600608,leeg.pdf,,DA3121605,leeg.pdf,,DA3306856,leeg.pdf,,DA3852159,leeg.pdf,,DA3467029,leeg.pdf,,DA3820386,leeg.pdf,,DA3506568,leeg.pdf,,DA3689892,leeg.pdf,,DA3073390,leeg.pdf,,DA3408117,leeg.pdf,,DA3908177,leeg.pdf,,DA3129804,leeg.pdf,,DA3103141,leeg.pdf,
DA3115068,leeg.pdf,,DA3677548,leeg.pdf,,DA3153597,leeg.pdf,,DA3193236,leeg.pdf,,DA3613562,leeg.pdf,,DA3304129,leeg.pdf,,DA3270241,leeg.pdf,,DA3937045,leeg.pdf,,DA3034913,leeg.pdf,,DA3131024,leeg.pdf,,DA3736239,leeg.pdf,,DA3068968,leeg.pdf,,DA3627385,leeg.pdf,,DA3798762,leeg.pdf,,DA3169718,leeg.pdf,
DA3912894,leeg.pdf,,DA3114971,leeg.pdf,,DA3760020,leeg.pdf,,DA3509251,leeg.pdf,,DA3338679,leeg.pdf,,DA3833656,leeg.pdf,,DA3844968,leeg.pdf,,DA3460805,leeg.pdf,,DA3177598,leeg.pdf,,DA3500366,leeg.pdf,,DA3116504,leeg.pdf,,DA3248244,leeg.pdf,,DA3472199,leeg.pdf,,DA3373734,leeg.pdf,,DA3599669,leeg.pdf,
DA3363378,leeg.pdf,,DA3864214,leeg.pdf,,DA3157264,leeg.pdf,,DA3341822,leeg.pdf,,DA3590109,leeg.pdf,,DA3505819,leeg.pdf,,DA3234051,leeg.pdf,,DA3451298,leeg.pdf,,DA3184796,leeg.pdf,,DA3255230,leeg.pdf,,DA3933134,leeg.pdf,,DA3822932,leeg.pdf,,DA3777512,leeg.pdf,,DA3782444,leeg.pdf,,DA3337485,leeg.pdf,
DA3564908,leeg.pdf,,DA3841193,leeg.pdf,,DA3711764,leeg.pdf,,DA3040896,leeg.pdf,,DA3226664,leeg.pdf,,DA3201718,leeg.pdf,,DA3121326,leeg.pdf,,DA3781400,leeg.pdf,,DA3173744,leeg.pdf,,DA3047517,leeg.pdf,,DA3228274,leeg.pdf,,DA3696868,leeg.pdf,,DA3207686,leeg.pdf,,DA3772572,leeg.pdf,,DA3288227,leeg.pdf,
DA3320733,leeg.pdf,,DA3474959,leeg.pdf,,DA3969064,leeg.pdf,,DA3055708,leeg.pdf,,DA3421119,leeg.pdf,,DA3150909,leeg.pdf,,DA3237473,leeg.pdf,,DA3808714,leeg.pdf,,DA3278200,leeg.pdf,,DA3531708,leeg.pdf,,DA3801495,leeg.pdf,,DA3100231,leeg.pdf,,DA3528251,leeg.pdf,,DA3393618,leeg.pdf,,DA3898311,leeg.pdf,
DA3738106,leeg.pdf,,DA3358589,leeg.pdf,,DA3486228,leeg.pdf,,DA3407976,leeg.pdf,,DA3160822,leeg.pdf,,DA3850785,leeg.pdf,,DA3051950,leeg.pdf,,DA3384084,leeg.pdf,,DA3328153,leeg.pdf,,DA3788838,leeg.pdf,,DA3662544,leeg.pdf,,DA3837254,leeg.pdf,,DA3127358,leeg.pdf,,DA3785041,leeg.pdf,,DA3302091,leeg.pdf,
DA3301991,leeg.pdf,,DA3265524,leeg.pdf,,DA3428101,leeg.pdf,,DA3236911,leeg.pdf,,DA3218638,leeg.pdf,,DA3519932,leeg.pdf,,DA3347829,leeg.pdf,,DA3979153,leeg.pdf,,DA3299682,leeg.pdf,,DA3654668,leeg.pdf,,DA3039917,leeg.pdf,,DA3915761,leeg.pdf,,DA3135131,leeg.pdf,,DA3174325,leeg.pdf,,DA3366966,leeg.pdf,
DA3832447,leeg.pdf,,DA3075212,leeg.pdf,,DA3861636,leeg.pdf,,DA3063966,leeg.pdf,,DA3294523,leeg.pdf,,DA3639572,leeg.pdf,,DA3636249,leeg.pdf,,DA3247222,leeg.pdf,,DA3338897,leeg.pdf,,DA3369972,leeg.pdf,,DA3411833,leeg.pdf,,DA3833023,leeg.pdf,,DA3850316,leeg.pdf,,DA3964761,leeg.pdf,,DA3187904,leeg.pdf,
DA3090465,leeg.pdf,,DA3716274,leeg.pdf,,DA3399584,leeg.pdf,,DA3106228,leeg.pdf,,DA3708939,leeg.pdf,,DA3930201,leeg.pdf,,DA3152998,leeg.pdf,,DA3210656,leeg.pdf,,DA3272726,leeg.pdf,,DA3731691,leeg.pdf,,DA3843909,leeg.pdf,,DA3053080,leeg.pdf,,DA3128772,leeg.pdf,,DA3784586,leeg.pdf,,DA3847561,leeg.pdf,
DA3156843,leeg.pdf,,DA3054420,leeg.pdf,,DA3670175,leeg.pdf,,DA3543080,leeg.pdf,,DA3765090,leeg.pdf,,DA3286136,leeg.pdf,,DA3222069,leeg.pdf,,DA3241839,leeg.pdf,,DA3619992,leeg.pdf,,DA3792238,leeg.pdf,,DA3094626,leeg.pdf,,DA3884345,leeg.pdf,,DA3781240,leeg.pdf,,DA3154807,leeg.pdf,,DA3327385,leeg.pdf,
DA3524226,leeg.pdf,,DA3242981,leeg.pdf,,DA3185490,leeg.pdf,,DA3500003,leeg.pdf,,DA3812208,leeg.pdf,,DA3750121,leeg.pdf,,DA3075201,leeg.pdf,,DA3620106,leeg.pdf,,DA3556262,leeg.pdf,,DA3617251,leeg.pdf,,DA3398703,leeg.pdf,,DA3111555,leeg.pdf,,DA3785133,leeg.pdf,,DA3056742,leeg.pdf,,DA3466458,leeg.pdf,
DA3307685,leeg.pdf,,DA3551986,leeg.pdf,,DA3213689,leeg.pdf,,DA3806969,leeg.pdf,,DA3476592,leeg.pdf,,DA3680553,leeg.pdf,,DA3279107,leeg.pdf,,DA3043578,leeg.pdf,,DA3475574,leeg.pdf,,DA3599805,leeg.pdf,,DA3452314,leeg.pdf,,DA3849672,leeg.pdf,,DA3034417,leeg.pdf,,DA3642041,leeg.pdf,,DA3985638,leeg.pdf,
DA3591737,leeg.pdf,,DA3103738,leeg.pdf,,DA3693795,leeg.pdf,,DA3803695,leeg.pdf,,DA3090479,leeg.pdf,,DA3485101,leeg.pdf,,DA3180422,leeg.pdf,,DA3986205,leeg.pdf,,DA3711577,leeg.pdf,,DA3300664,leeg.pdf,,DA3644836,leeg.pdf,,DA3056756,leeg.pdf,,DA3884248,leeg.pdf,,DA3149075,leeg.pdf,,DA3553849,leeg.pdf,
DA3240416,leeg.pdf,,DA3120607,leeg.pdf,,DA3827456,leeg.pdf,,DA3144893,leeg.pdf,,DA3879857,leeg.pdf,,DA3968686,leeg.pdf,,DA3053575,leeg.pdf,,DA3098087,leeg.pdf,,DA3445759,leeg.pdf,,DA3236942,leeg.pdf,,DA3159824,leeg.pdf,,DA3281013,leeg.pdf,,DA3058037,leeg.pdf,,DA3079357,leeg.pdf,,DA3139682,leeg.pdf,
DA3221052,leeg.pdf,,DA3102748,leeg.pdf,,DA3029465,leeg.pdf,,DA3650459,leeg.pdf,,DA3288608,leeg.pdf,,DA3415931,leeg.pdf,,DA3102326,leeg.pdf,,DA3151253,leeg.pdf,,DA3125849,leeg.pdf,,DA3736936,leeg.pdf,,DA3040254,leeg.pdf,,DA3049748,leeg.pdf,,DA3077901,leeg.pdf,,DA3969387,leeg.pdf,,DA3537302,leeg.pdf,
DA3648923,leeg.pdf,,DA3401578,leeg.pdf,,DA3111151,leeg.pdf,,DA3531079,leeg.pdf,,DA3702160,leeg.pdf,,DA3625934,leeg.pdf,,DA3480513,leeg.pdf,,DA3739811,leeg.pdf,,DA3744333,leeg.pdf,,DA3249031,leeg.pdf,,DA3046020,leeg.pdf,,DA3599811,leeg.pdf,,DA3333916,leeg.pdf,,DA3158865,leeg.pdf,,DA3710532,leeg.pdf,
DA3817727,leeg.pdf,,DA3412230,leeg.pdf,,DA3649989,leeg.pdf,,DA3512064,leeg.pdf,,DA3189663,leeg.pdf,,DA3261349,leeg.pdf,,DA3981619,leeg.pdf,,DA3805285,leeg.pdf,,DA3603388,leeg.pdf,,DA3044785,leeg.pdf,,DA3127283,leeg.pdf,,DA3760189,leeg.pdf,,DA3719469,leeg.pdf,,DA3094138,leeg.pdf,,DA3140603,leeg.pdf,
DA3564499,leeg.pdf,,DA3829718,leeg.pdf,,DA3410924,leeg.pdf,,DA3752540,leeg.pdf,,DA3381540,leeg.pdf,,DA3378110,leeg.pdf,,DA3777705,leeg.pdf,,DA3680458,leeg.pdf,,DA3899787,leeg.pdf,,DA3542284,leeg.pdf,,DA3298786,leeg.pdf,,DA3071684,leeg.pdf,,DA3405205,leeg.pdf,,DA3098440,leeg.pdf,,DA3075746,leeg.pdf,
DA3309601,leeg.pdf,,DA3729307,leeg.pdf,,DA3415734,leeg.pdf,,DA3529923,leeg.pdf,,DA3257035,leeg.pdf,,DA3254333,leeg.pdf,,DA3072207,leeg.pdf,,DA3063160,leeg.pdf,,DA3173301,leeg.pdf,,DA3253960,leeg.pdf,,DA3386554,leeg.pdf,,DA3374156,leeg.pdf,,DA3556990,leeg.pdf,,DA3530095,leeg.pdf,,DA3459847,leeg.pdf,
DA3101732,leeg.pdf,,DA3152703,leeg.pdf,,DA3378750,leeg.pdf,,DA3553537,leeg.pdf,,DA3422793,leeg.pdf,,DA3456563,leeg.pdf,,DA3911661,leeg.pdf,,DA3044176,leeg.pdf,,DA3126447,leeg.pdf,,DA3077751,leeg.pdf,,DA3128368,leeg.pdf,,DA3357001,leeg.pdf,,DA3549451,leeg.pdf,,DA3182863,leeg.pdf,,DA3813973,leeg.pdf,
DA3970092,leeg.pdf,,DA3817152,leeg.pdf,,DA3574007,leeg.pdf,,DA3640086,leeg.pdf,,DA3745160,leeg.pdf,,DA3281101,leeg.pdf,,DA3298371,leeg.pdf,,DA3432792,leeg.pdf,,DA3876627,leeg.pdf,,DA3352939,leeg.pdf,,DA3534849,leeg.pdf,,DA3130087,leeg.pdf,,DA3457490,leeg.pdf,,DA3151711,leeg.pdf,,DA3117192,leeg.pdf,
DA3582786,leeg.pdf,,DA3053680,leeg.pdf,,DA3988582,leeg.pdf,,DA3508384,leeg.pdf,,DA3764013,leeg.pdf,,DA3320358,leeg.pdf,,DA3768450,leeg.pdf,,DA3640840,leeg.pdf,,DA3577803,leeg.pdf,,DA3254006,leeg.pdf,,DA3645216,leeg.pdf,,DA3809373,leeg.pdf,,DA3610047,leeg.pdf,,DA3045549,leeg.pdf,,DA3134255,leeg.pdf,
DA3971216,leeg.pdf,,DA3520071,leeg.pdf,,DA3366543,leeg.pdf,,DA3037873,leeg.pdf,,DA3325272,leeg.pdf,,DA3729303,leeg.pdf,,DA3510396,leeg.pdf,,DA3221178,leeg.pdf,,DA3296051,leeg.pdf,,DA3483571,leeg.pdf,,DA3274782,leeg.pdf,,DA3565482,leeg.pdf,,DA3235986,leeg.pdf,,DA3694702,leeg.pdf,,DA3771613,leeg.pdf,
DA3129733,leeg.pdf,,DA3807365,leeg.pdf,,DA3749450,leeg.pdf,,DA3793897,leeg.pdf,,DA3154811,leeg.pdf,,DA3922891,leeg.pdf,,DA3725699,leeg.pdf,,DA3242651,leeg.pdf,,DA3502740,leeg.pdf,,DA3592192,leeg.pdf,,DA3233940,leeg.pdf,,DA3054893,leeg.pdf,,DA3635242,leeg.pdf,,DA3335547,leeg.pdf,,DA3714314,leeg.pdf,
DA3831464,leeg.pdf,,DA3944946,leeg.pdf,,DA3153321,leeg.pdf,,DA3188345,leeg.pdf,,DA3871382,leeg.pdf,,DA3082195,leeg.pdf,,DA3256621,leeg.pdf,,DA3073985,leeg.pdf,,DA3453143,leeg.pdf,,DA3415794,leeg.pdf,,DA3245623,leeg.pdf,,DA3953093,leeg.pdf,,DA3351165,leeg.pdf,,DA3413450,leeg.pdf,,DA3863180,leeg.pdf,
DA3081010,leeg.pdf,,DA3148733,leeg.pdf,,DA3166003,leeg.pdf,,DA3927021,leeg.pdf,,DA3319007,leeg.pdf,,DA3739087,leeg.pdf,,DA3231348,leeg.pdf,,DA3044503,leeg.pdf,,DA3509208,leeg.pdf,,DA3587892,leeg.pdf,,DA3761551,leeg.pdf,,DA3111757,leeg.pdf,,DA3246846,leeg.pdf,,DA3714176,leeg.pdf,,DA3216419,leeg.pdf,
DA3494049,leeg.pdf,,DA3347620,leeg.pdf,,DA3089395,leeg.pdf,,DA3425845,leeg.pdf,,DA3359528,leeg.pdf,,DA3070005,leeg.pdf,,DA3709098,leeg.pdf,,DA3555018,leeg.pdf,,DA3035948,leeg.pdf,,DA3839384,leeg.pdf,,DA3334651,leeg.pdf,,DA3878894,leeg.pdf,,DA3964562,leeg.pdf,,DA3877356,leeg.pdf,,DA3550295,leeg.pdf,
DA3927882,leeg.pdf,,DA3864088,leeg.pdf,,DA3226171,leeg.pdf,,DA3275380,leeg.pdf,,DA3243164,leeg.pdf,,DA3619312,leeg.pdf,,DA3139489,leeg.pdf,,DA3486917,leeg.pdf,,DA3272866,leeg.pdf,,DA3103008,leeg.pdf,,DA3418016,leeg.pdf,,DA3619004,leeg.pdf,,DA3254397,leeg.pdf,,DA3218134,leeg.pdf,,DA3695914,leeg.pdf,
DA3361077,leeg.pdf,,DA3256273,leeg.pdf,,DA3857093,leeg.pdf,,DA3939739,leeg.pdf,,DA3195758,leeg.pdf,,DA3743999,leeg.pdf,,DA3435903,leeg.pdf,,DA3667301,leeg.pdf,,DA3133762,leeg.pdf,,DA3981432,leeg.pdf,,DA3353071,leeg.pdf,,DA3952718,leeg.pdf,,DA3297892,leeg.pdf,,DA3107322,leeg.pdf,,DA3450938,leeg.pdf,
DA3379799,leeg.pdf,,DA3541591,leeg.pdf,,DA3463972,leeg.pdf,,DA3451850,leeg.pdf,,DA3830220,leeg.pdf,,DA3298795,leeg.pdf,,DA3129201,leeg.pdf,,DA3100212,leeg.pdf,,DA3824015,leeg.pdf,,DA3528656,leeg.pdf,,DA3493050,leeg.pdf,,DA3666492,leeg.pdf,,DA3428197,leeg.pdf,,DA3131566,leeg.pdf,,DA3775988,leeg.pdf,
DA3781442,leeg.pdf,,DA3278197,leeg.pdf,,DA3397845,leeg.pdf,,DA3393217,leeg.pdf,,DA3852694,leeg.pdf,,DA3322234,leeg.pdf,,DA3404222,leeg.pdf,,DA3040372,leeg.pdf,,DA3236306,leeg.pdf,,DA3095656,leeg.pdf,,DA3135907,leeg.pdf,,DA3627001,leeg.pdf,,DA3437984,leeg.pdf,,DA3920937,leeg.pdf,,DA3339933,leeg.pdf,
DA3138100,leeg.pdf,,DA3302199,leeg.pdf,,DA3751550,leeg.pdf,,DA3572101,leeg.pdf,,DA3657737,leeg.pdf,,DA3134152,leeg.pdf,,DA3601126,leeg.pdf,,DA3201407,leeg.pdf,,DA3318873,leeg.pdf,,DA3093502,leeg.pdf,,DA3410005,leeg.pdf,,DA3699442,leeg.pdf,,DA3167290,leeg.pdf,,DA3302616,leeg.pdf,,DA3086065,leeg.pdf,
